              0     2.54655e-08               
     0.00274659      7.1622e-09               
     0.00762939     3.18319e-09               
      0.0125123     6.36639e-09               
       0.017395     1.47621e-07               
      0.0222779     2.02132e-07               
      0.0271606     2.98822e-07               
      0.0320434     6.96721e-07               
      0.0369262     1.21399e-06               
      0.0418091     1.65048e-06               
      0.0466919     1.85222e-06               
      0.0515747     1.98114e-06               
      0.0564576     1.94016e-06               
      0.0613404     1.90276e-06               
      0.0662231     1.86813e-06               
       0.071106     1.77423e-06               
      0.0759887     1.71216e-06               
      0.0808716     1.65565e-06               
      0.0857544     1.52555e-06               
      0.0906372     1.52355e-06               
        0.09552     1.47382e-06               
       0.100403     1.40697e-06               
       0.105286      1.3266e-06               
       0.110169     1.27964e-06               
       0.115052     1.20244e-06               
       0.119933     1.19529e-06               
       0.124817     1.13044e-06               
         0.1297     1.03892e-06               
       0.134583     1.00987e-06               
       0.139465     9.87587e-07               
       0.144348     9.05619e-07               
       0.149231     8.88907e-07               
       0.154114     8.09327e-07               
       0.158997     8.16489e-07               
       0.163879     7.51234e-07               
       0.168762      7.5004e-07               
       0.173645     7.55213e-07               
       0.178528     6.92742e-07               
       0.183411     6.25895e-07               
       0.188293     6.07592e-07               
       0.193176     6.09979e-07               
       0.198059     5.47907e-07               
       0.202942     5.47907e-07               
       0.207825      5.2085e-07               
       0.212708      5.1886e-07               
        0.21759     4.40872e-07               
       0.222473     4.61961e-07               
       0.227356     4.48035e-07               
       0.232239     4.25752e-07               
       0.237122     4.38882e-07               
       0.242004      4.3371e-07               
       0.246887     4.07448e-07               
        0.25177      3.9949e-07               
       0.256653     3.54926e-07               
       0.261536      3.6368e-07               
       0.266419     3.53334e-07               
       0.271301     3.05587e-07               
       0.276184     3.07179e-07               
       0.281067     3.21502e-07               
       0.285949     3.25879e-07               
       0.290832     3.05985e-07               
       0.295715     2.65002e-07               
       0.300597     2.92058e-07               
        0.30548     2.33965e-07               
       0.310364     2.79723e-07               
       0.315247     2.43116e-07               
        0.32013     2.14866e-07               
       0.325013     2.09693e-07               
       0.329895     2.10091e-07               
       0.334778     2.24017e-07               
       0.339661     2.26007e-07               
       0.344544     1.93379e-07               
       0.349426     2.00939e-07               
       0.354309     1.81044e-07               
       0.359192     1.88206e-07               
       0.364074      1.9895e-07               
       0.368957     1.71495e-07               
        0.37384     1.81443e-07               
       0.378722     1.66322e-07               
       0.383605     1.60751e-07               
       0.388489     1.85023e-07               
       0.393372     1.66719e-07               
       0.398255     1.55181e-07               
       0.403138     1.45631e-07               
        0.40802     1.63537e-07               
       0.412903     1.36081e-07               
       0.417786     1.53589e-07               
       0.422669     1.35683e-07               
       0.427551     1.30113e-07               
       0.432434     1.29318e-07               
       0.437317     1.31306e-07               
       0.442199     1.50008e-07               
       0.447082     1.21757e-07               
       0.451965     1.18176e-07               
       0.456847     1.37275e-07               
        0.46173     1.30909e-07               
       0.466614     1.23349e-07               
       0.471497     1.13401e-07               
        0.47638      1.2494e-07               
       0.481263     1.28521e-07               
       0.486145      1.1738e-07               
       0.491028     1.07433e-07               
       0.495911     1.00271e-07               
       0.500794     1.18176e-07               
       0.505676     1.15788e-07               
       0.510559     1.51361e-06               
       0.515442     8.23651e-08               
       0.520325     8.95273e-08               
       0.525207     7.44072e-08               
        0.53009     8.07735e-08               
       0.534973     9.98725e-08               
       0.539856     7.71924e-08               
       0.544739     7.95799e-08               
       0.549622     8.15693e-08               
       0.554505     8.59461e-08               
       0.559387     8.99252e-08               
        0.56427     7.75903e-08               
       0.569153      7.8784e-08               
       0.574036     8.59462e-08               
       0.578919     7.95798e-08               
       0.583801     7.44071e-08               
       0.588684     7.24176e-08               
       0.593567     7.63966e-08               
        0.59845     6.24702e-08               
       0.603332     6.96323e-08               
       0.608215     5.96849e-08               
       0.613098     6.20722e-08               
       0.617981     7.63966e-08               
       0.622864     6.80407e-08               
       0.627747     5.84912e-08               
        0.63263     5.76954e-08               
       0.637512      7.0826e-08               
       0.642395     5.80933e-08               
       0.647278      5.5308e-08               
       0.652161     5.29206e-08               
       0.657044     5.72975e-08               
       0.661926     5.80932e-08               
       0.666809     5.80933e-08               
       0.671692     5.80933e-08               
       0.676575     6.00828e-08               
       0.681457     5.57059e-08               
        0.68634     5.57059e-08               
       0.691223     6.04806e-08               
       0.696106     6.24702e-08               
       0.700989     4.93395e-08               
       0.705872     5.37164e-08               
       0.710755     6.36639e-08               
       0.715637     5.05332e-08               
        0.72052      5.1329e-08               
       0.725403     5.09311e-08               
       0.730286     4.57584e-08               
       0.735169     5.21248e-08               
       0.740051     5.09311e-08               
       0.744934     5.57059e-08               
       0.749817     5.01353e-08               
         0.7547     5.09311e-08               
       0.759582     5.65017e-08               
       0.764465     5.09311e-08               
       0.769348     4.25752e-08               
       0.774231     3.97899e-08               
       0.779114     4.81458e-08               
       0.783997     5.33185e-08               
        0.78888     4.41668e-08               
       0.793762     4.05857e-08               
       0.798645     5.05332e-08               
       0.803528     4.93395e-08               
       0.808411     4.97374e-08               
       0.813294      4.3371e-08               
       0.818176     4.45647e-08               
       0.823059     4.41668e-08               
       0.827942     4.37689e-08               
       0.832825     4.69521e-08               
       0.837707      4.3371e-08               
        0.84259     4.37689e-08               
       0.847473     4.29731e-08               
       0.852356     5.29206e-08               
       0.857239     4.37689e-08               
       0.862122     5.65017e-08               
       0.867005     4.41668e-08               
       0.871887     3.18319e-08               
        0.87677     3.66067e-08               
       0.881653     3.46172e-08               
       0.886536     4.29731e-08               
       0.891419     3.50151e-08               
       0.896301     4.01878e-08               
       0.901184     3.89941e-08               
       0.906067     4.17794e-08               
        0.91095     3.66067e-08               
       0.915832      4.3371e-08               
       0.920715     3.46172e-08               
       0.925598     3.42193e-08               
       0.930481      3.5413e-08               
       0.935364     2.90466e-08               
       0.940247     3.26277e-08               
        0.94513     3.89941e-08               
       0.950012      3.5413e-08               
       0.954895     4.05857e-08               
       0.959778     3.18319e-08               
       0.964661     3.74025e-08               
       0.969544     4.53605e-08               
       0.974426     3.34235e-08               
       0.979309     3.22298e-08               
       0.984192     3.10361e-08               
       0.989075     3.18319e-08               
       0.993957     3.34235e-08               
       0.998839     3.06382e-08               
        1.00372     3.66067e-08               
         1.0086     3.18319e-08               
        1.01348     3.85962e-08               
        1.01838     3.22298e-08               
        1.02326     3.30256e-08               
        1.02814     3.85962e-08               
        1.03302     3.18319e-08               
        1.03791     2.94445e-08               
        1.04279      3.5413e-08               
        1.04767     3.38214e-08               
        1.05255     2.46697e-08               
        1.05743     2.98424e-08               
        1.06231     2.54655e-08               
        1.06719     2.42718e-08               
        1.07208     3.62089e-08               
        1.07696     3.42193e-08               
        1.08184     2.54655e-08               
        1.08674     2.98424e-08               
        1.09162     2.98424e-08               
        1.09649     3.78004e-08               
        1.10137     3.22298e-08               
        1.10627     3.22298e-08               
        1.11115     2.62613e-08               
        1.11603      3.1434e-08               
        1.12092     2.66592e-08               
         1.1258     3.30256e-08               
        1.13068     3.26277e-08               
        1.13556      2.7455e-08               
        1.14044     2.58634e-08               
        1.14532     2.38739e-08               
         1.1502     2.98424e-08               
        1.15509     2.06907e-08               
        1.15997     2.46698e-08               
        1.16485     2.70571e-08               
        1.16973     2.94445e-08               
        1.17463     2.22823e-08               
        1.17951     2.30781e-08               
        1.18439     2.82508e-08               
        1.18927     3.06382e-08               
        1.19416     3.10361e-08               
        1.19904     3.06382e-08               
        1.20392     2.78529e-08               
         1.2088     2.58635e-08               
        1.21368     2.18845e-08               
        1.21856     2.22823e-08               
        1.22344     2.18844e-08               
        1.22833     2.66592e-08               
        1.23321     3.22298e-08               
        1.23809     2.98425e-08               
        1.24299     2.22823e-08               
        1.24787     3.02403e-08               
        1.25274      2.7853e-08               
        1.25762     2.46697e-08               
        1.26252     2.30781e-08               
         1.2674     2.78529e-08               
        1.27228     2.38739e-08               
        1.27717     2.26802e-08               
        1.28205     2.54655e-08               
        1.28693     3.18319e-08               
        1.29181     2.38739e-08               
        1.29669     2.58634e-08               
        1.30157     2.50676e-08               
        1.30645     2.82508e-08               
        1.31134     2.38739e-08               
        1.31622      2.3476e-08               
         1.3211     2.18844e-08               
        1.32598     2.22823e-08               
        1.33088     2.86487e-08               
        1.33576     2.86487e-08               
        1.34064      2.7455e-08               
        1.34552     2.26802e-08               
        1.35041     2.50676e-08               
        1.35529     2.54656e-08               
        1.36017     2.22823e-08               
        1.36505     2.50676e-08               
        1.36993     2.22823e-08               
        1.37481     2.22823e-08               
        1.37969     2.50677e-08               
        1.38458     2.86487e-08               
        1.38946     1.94971e-08               
        1.39434     1.90991e-08               
        1.39924     1.90992e-08               
        1.40412      1.9895e-08               
        1.40899     2.18844e-08               
        1.41387     2.50676e-08               
        1.41877     2.62613e-08               
        1.42365      1.9895e-08               
        1.42853     2.50676e-08               
        1.43342     2.26802e-08               
         1.4383     2.38739e-08               
        1.44318     4.05858e-08               
        1.44806     2.22823e-08               
        1.45294     2.78529e-08               
        1.45782     2.10886e-08               
         1.4627     2.02929e-08               
        1.46759     1.87013e-08               
        1.47247     1.79055e-08               
        1.47735     1.75075e-08               
        1.48223     1.87013e-08               
        1.48713     1.94971e-08               
        1.49201     2.42718e-08               
        1.49689     2.70572e-08               
        1.50177     2.02929e-08               
        1.50666      1.9497e-08               
        1.51154     1.79055e-08               
        1.51642     2.10886e-08               
         1.5213     1.79055e-08               
        1.52618     1.83034e-08               
        1.53106     2.42718e-08               
        1.53594     1.55181e-08               
        1.54083     2.54655e-08               
        1.54571     2.14866e-08               
        1.55059     1.94971e-08               
        1.55549     2.34761e-08               
        1.56037     2.06908e-08               
        1.56524     2.02928e-08               
        1.57012     1.67118e-08               
        1.57502     1.79055e-08               
         1.5799     2.18844e-08               
        1.58478     2.10886e-08               
        1.58967     1.90991e-08               
        1.59455     1.71097e-08               
        1.59943     1.94971e-08               
        1.60431     1.90992e-08               
        1.60919     2.26803e-08               
        1.61407     2.18844e-08               
        1.61895     2.02929e-08               
        1.62384     2.38739e-08               
        1.62872     1.94971e-08               
         1.6336     2.46697e-08               
        1.63848     1.98949e-08               
        1.64338     2.22823e-08               
        1.64826      1.5916e-08               
        1.65314     2.02928e-08               
        1.65802     1.75076e-08               
        1.66291     2.26802e-08               
        1.66779     1.67117e-08               
        1.67267     1.67118e-08               
        1.67755     1.47223e-08               
        1.68243     1.98949e-08               
        1.68731     1.87013e-08               
        1.69219     2.42718e-08               
        1.69708     1.87013e-08               
        1.70196     2.10886e-08               
        1.70684     1.87013e-08               
        1.71174     2.02929e-08               
        1.71662     1.79055e-08               
        1.72149     1.87013e-08               
        1.72637     2.14866e-08               
        1.73127     1.75075e-08               
        1.73615     1.79054e-08               
        1.74103      1.5518e-08               
        1.74592     1.51202e-08               
         1.7508     1.98949e-08               
        1.75568     1.90992e-08               
        1.76056     1.75076e-08               
        1.76544     1.90991e-08               
        1.77032     1.67118e-08               
         1.7752     1.63138e-08               
        1.78009     1.79055e-08               
        1.78497     1.98949e-08               
        1.78985     1.98949e-08               
        1.79473     1.27328e-08               
        1.79963     1.79054e-08               
        1.80451     1.83034e-08               
        1.80939     2.06908e-08               
        1.81427      1.5916e-08               
        1.81916     1.71096e-08               
        1.82404     1.23349e-08               
        1.82892     2.18845e-08               
         1.8338      1.5916e-08               
        1.83868     1.51202e-08               
        1.84356     1.87013e-08               
        1.84844     1.83034e-08               
        1.85333     2.02929e-08               
        1.85821     1.47223e-08               
        1.86309     1.43244e-08               
        1.86799     1.43244e-08               
        1.87287     2.02929e-08               
        1.87774     1.75076e-08               
        1.88262     1.87013e-08               
        1.88752     1.71096e-08               
         1.8924     1.87013e-08               
        1.89728     1.55181e-08               
        1.90217     1.43243e-08               
        1.90705     1.67117e-08               
        1.91193     1.35286e-08               
        1.91681     1.79054e-08               
        1.92169     1.39265e-08               
        1.92657     1.51202e-08               
        1.93145     1.83034e-08               
        1.93634     1.59159e-08               
        1.94122     1.90991e-08               
         1.9461     1.35286e-08               
        1.95098     1.79055e-08               
        1.95588     1.67118e-08               
        1.96076     1.63139e-08               
        1.96564     1.43244e-08               
        1.97052      1.9497e-08               
        1.97541     1.90991e-08               
        1.98029     1.55181e-08               
        1.98517     1.63139e-08               
        1.99005     1.63139e-08               
        1.99493     1.55181e-08               
        1.99981     1.43244e-08               
        2.00469      1.5916e-08               
        2.00958     2.26802e-08               
        2.01446     9.94749e-09               
        2.01934     1.75076e-08               
        2.02424     1.71096e-08               
        2.02912     1.51202e-08               
        2.03399     1.83034e-08               
        2.03887     1.27327e-08               
        2.04377     1.35286e-08               
        2.04865     1.75076e-08               
        2.05353     1.59159e-08               
        2.05842     1.31307e-08               
         2.0633     1.87013e-08               
        2.06818     1.87013e-08               
        2.07306      1.9497e-08               
        2.07795      1.5916e-08               
        2.08283     1.55181e-08               
        2.08771     1.27328e-08               
         2.0926     1.27328e-08               
        2.09748     1.35286e-08               
        2.10236     1.75076e-08               
        2.10724     1.98949e-08               
        2.11212     1.67118e-08               
          2.117     1.43244e-08               
        2.12188     1.43244e-08               
        2.12676     1.39265e-08               
        2.13165     1.11412e-08               
        2.13653     1.31307e-08               
        2.14141     1.35286e-08               
         2.1463     1.15391e-08               
        2.15118     1.75075e-08               
        2.15606     1.27328e-08               
        2.16094     1.07433e-08               
        2.16583     9.54959e-09               
        2.17071     1.23349e-08               
        2.17559      1.1937e-08               
        2.18049     1.39265e-08               
        2.18537     1.75076e-08               
        2.19024     1.87013e-08               
        2.19512     1.51202e-08               
        2.20002     9.94749e-09               
         2.2049      1.1937e-08               
        2.20978     1.47223e-08               
        2.21467     1.51202e-08               
        2.21955     1.47222e-08               
        2.22443     1.16943e-06               
        2.22931     1.15391e-08               
         2.2342     1.55181e-08               
        2.23908     1.23349e-08               
        2.24396     1.35286e-08               
        2.24885     1.51202e-08               
        2.25373      1.1937e-08               
        2.25861     1.07433e-08               
        2.26349     1.31307e-08               
        2.26837     1.03454e-08               
        2.27325      7.5601e-09               
        2.27813     1.35286e-08               
        2.28301      8.3559e-09               
         2.2879     1.11412e-08               
        2.29278      8.7538e-09               
        2.29766     7.56009e-09               
        2.30255     1.35286e-08               
        2.30743     1.63139e-08               
        2.31231     9.94749e-09               
        2.31719     9.54959e-09               
        2.32208     1.03454e-08               
        2.32696     1.15391e-08               
        2.33184     9.54959e-09               
        2.33674     9.15169e-09               
        2.34162     1.23349e-08               
        2.34649     1.11412e-08               
        2.35137     1.15391e-08               
        2.35627      9.1517e-09               
        2.36115     1.55181e-08               
        2.36603     1.07433e-08               
        2.37092     1.23349e-08               
         2.3758      9.9475e-09               
        2.38068      9.9475e-09               
        2.38556     1.07433e-08               
        2.39045     8.75378e-09               
        2.39533      1.1937e-08               
        2.40021     1.31307e-08               
         2.4051     7.16219e-09               
        2.40998      8.3559e-09               
        2.41486     1.23349e-08               
        2.41974     1.15391e-08               
        2.42462     7.16218e-09               
         2.4295     9.54959e-09               
        2.43438     1.27328e-08               
        2.43926     9.94749e-09               
        2.44415     1.23349e-08               
        2.44903     9.94749e-09               
        2.45391     1.23349e-08               
         2.4588     1.11412e-08               
        2.46368     1.07433e-08               
        2.46856     1.11412e-08               
        2.47344     7.95799e-09               
        2.47833     9.94749e-09               
        2.48321     6.76429e-09               
        2.48809     1.23349e-08               
        2.49299     1.23349e-08               
        2.49787     7.95799e-09               
        2.50274     7.95799e-09               
        2.50762     1.07433e-08               
        2.51252     1.23348e-08               
         2.5174     1.43244e-08               
        2.52228     9.54959e-09               
        2.52717     8.75379e-09               
        2.53205      1.1937e-08               
        2.53693      9.1517e-09               
        2.54181     7.56009e-09               
         2.5467     1.11412e-08               
        2.55158     7.95799e-09               
        2.55646     9.54959e-09               
        2.56135     1.39265e-08               
        2.56623     9.15169e-09               
        2.57111     8.35588e-09               
        2.57599     7.56009e-09               
        2.58087     1.11412e-08               
        2.58575      8.3559e-09               
        2.59063     9.94749e-09               
        2.59551     1.03454e-08               
         2.6004     1.07433e-08               
        2.60528     1.07433e-08               
        2.61016     1.07433e-08               
        2.61505     1.07433e-08               
        2.61993     6.76429e-09               
        2.62481     1.35286e-08               
        2.62969      1.1937e-08               
        2.63458     1.23349e-08               
        2.63946     1.15391e-08               
        2.64434     9.94749e-09               
        2.64924     7.95798e-09               
        2.65412      1.1937e-08               
        2.65899     5.57059e-09               
        2.66387     1.15391e-08               
        2.66877     9.94744e-09               
        2.67365     9.54959e-09               
        2.67853     1.67118e-08               
        2.68342     7.16218e-09               
         2.6883     7.95799e-09               
        2.69318     1.07433e-08               
        2.69806     8.75378e-09               
        2.70295     9.94749e-09               
        2.70783     9.94749e-09               
        2.71271     7.16219e-09               
         2.7176     1.03454e-08               
        2.72248     9.15169e-09               
        2.72736     1.23349e-08               
        2.73224     1.39265e-08               
        2.73712     1.11412e-08               
          2.742     9.94749e-09               
        2.74688     8.75379e-09               
        2.75176     1.15391e-08               
        2.75665     1.03454e-08               
        2.76153     9.94749e-09               
        2.76641     9.54959e-09               
         2.7713     7.95799e-09               
        2.77618     9.94749e-09               
        2.78106     8.35589e-09               
        2.78594     7.95799e-09               
        2.79083     1.15391e-08               
        2.79571     9.15169e-09               
        2.80059     6.36639e-09               
        2.80549     9.15169e-09               
        2.81037     9.54959e-09               
        2.81524     1.07433e-08               
        2.82012     1.03454e-08               
        2.82502     7.95798e-09               
         2.8299      9.9475e-09               
        2.83478      9.1517e-09               
        2.83967     7.95798e-09               
        2.84455     9.94749e-09               
        2.84943     9.94749e-09               
        2.85431     9.94749e-09               
         2.8592     7.56009e-09               
        2.86408      8.3559e-09               
        2.86896     8.75379e-09               
        2.87385      1.1937e-08               
        2.87873     1.27328e-08               
        2.88361     8.75379e-09               
        2.88849     9.15169e-09               
        2.89337     7.56008e-09               
        2.89825      9.9475e-09               
        2.90313     9.15169e-09               
        2.90801     9.15169e-09               
         2.9129     6.76429e-09               
        2.91778     7.56009e-09               
        2.92266     6.76428e-09               
        2.92755     1.03454e-08               
        2.93243      9.1517e-09               
        2.93731     8.75378e-09               
        2.94219     9.94749e-09               
        2.94708     8.75379e-09               
        2.95196      7.5601e-09               
        2.95684     7.95798e-09               
        2.96174     9.54959e-09               
        2.96662     7.16219e-09               
        2.97149     8.35589e-09               
        2.97637     5.17269e-09               
        2.98127      1.1937e-08               
        2.98615     6.76429e-09               
        2.99103     5.96848e-09               
        2.99592     6.76428e-09               
         3.0008     1.11412e-08               
        3.00568     9.54959e-09               
        3.01056     5.17268e-09               
        3.01545     8.35589e-09               
        3.02033     1.07433e-08               
        3.02521     1.31307e-08               
         3.0301     1.03454e-08               
        3.03498     8.35589e-09               
        3.03986     1.11412e-08               
        3.04474      1.1937e-08               
        3.04962      9.1517e-09               
         3.0545      7.5601e-09               
        3.05938      1.1937e-08               
        3.06426      9.1517e-09               
        3.06915     1.11412e-08               
        3.07403     1.03454e-08               
        3.07891     7.95798e-09               
         3.0838     1.23349e-08               
        3.08868      1.1937e-08               
        3.09356     1.07433e-08               
        3.09844     9.15169e-09               
        3.10333     8.75379e-09               
        3.10821     7.95798e-09               
        3.11309     7.16219e-09               
        3.11799     7.56008e-09               
        3.12287     6.76429e-09               
        3.12774      1.1937e-08               
        3.13262     1.15391e-08               
        3.13752     8.35589e-09               
         3.1424     7.56009e-09               
        3.14728     1.03454e-08               
        3.15217     1.15391e-08               
        3.15705      9.1517e-09               
        3.16193     7.56009e-09               
        3.16681     6.76429e-09               
         3.1717      8.3559e-09               
        3.17658     7.16219e-09               
        3.18146     8.35589e-09               
        3.18635     5.96848e-09               
        3.19123     7.16218e-09               
        3.19611     1.07433e-08               
        3.20099     7.56009e-09               
        3.20587     8.35588e-09               
        3.21075     8.75379e-09               
        3.21563     9.94749e-09               
        3.22051     7.56009e-09               
         3.2254     7.95799e-09               
        3.23028     1.11412e-08               
        3.23516     8.75379e-09               
        3.24005     7.56009e-09               
        3.24493     9.94749e-09               
        3.24981      1.1937e-08               
        3.25469     1.23349e-08               
        3.25958     1.03454e-08               
        3.26446     8.35588e-09               
        3.26934     1.07433e-08               
        3.27424     9.94749e-09               
        3.27912     8.35588e-09               
        3.28399     3.97899e-09               
        3.28887     9.15169e-09               
        3.29377     9.54959e-09               
        3.29865     4.77479e-09               
        3.30353     9.15169e-09               
        3.30842     7.16218e-09               
         3.3133     6.36638e-09               
        3.31818     9.15169e-09               
        3.32306     1.07433e-08               
        3.32795     5.57058e-09               
        3.33283     7.95798e-09               
        3.33771     9.94749e-09               
         3.3426     8.35588e-09               
        3.34748     9.54959e-09               
        3.35236     7.56009e-09               
        3.35724     7.95798e-09               
        3.36212     7.56009e-09               
          3.367     7.95798e-09               
        3.37188     9.54959e-09               
        3.37676     7.56009e-09               
        3.38165     8.75378e-09               
        3.38653     9.54959e-09               
        3.39141     6.76429e-09               
         3.3963     7.16218e-09               
        3.40118     9.94749e-09               
        3.40606     9.54959e-09               
        3.41094     9.54959e-09               
        3.41583     9.54958e-09               
        3.42071     6.36639e-09               
        3.42559     1.03454e-08               
        3.43049     1.11412e-08               
        3.43537     7.16219e-09               
        3.44024     7.56009e-09               
        3.44512      8.3559e-09               
        3.45002     9.54959e-09               
         3.4549     6.76429e-09               
        3.45978     9.15168e-09               
        3.46467     7.56008e-09               
        3.46955     6.76429e-09               
        3.47443     5.96848e-09               
        3.47931     7.16218e-09               
         3.4842     8.35588e-09               
        3.48908     7.56008e-09               
        3.49396     1.07433e-08               
        3.49885     6.76429e-09               
        3.50373     8.35588e-09               
        3.50861     1.35286e-08               
        3.51349     6.76429e-09               
        3.51837     6.36638e-09               
        3.52325      8.7538e-09               
        3.52813      9.1517e-09               
        3.53301     8.35589e-09               
         3.5379     9.54959e-09               
        3.54278     8.75379e-09               
        3.54766     1.07433e-08               
        3.55255     6.76429e-09               
        3.55743     1.15391e-08               
        3.56231     7.56008e-09               
        3.56719     6.36638e-09               
        3.57208     1.07433e-08               
        3.57696     7.95799e-09               
        3.58184     8.75379e-09               
        3.58674     4.77479e-09               
        3.59162      9.9475e-09               
        3.59649     8.35589e-09               
        3.60137     6.76428e-09               
        3.60627     7.95799e-09               
        3.61115     9.15169e-09               
        3.61603     8.35589e-09               
        3.62092     5.57058e-09               
         3.6258     5.96848e-09               
        3.63068     6.36639e-09               
        3.63556     5.17269e-09               
        3.64045     7.56009e-09               
        3.64533     1.11412e-08               
        3.65021     6.36639e-09               
         3.6551     7.95798e-09               
        3.65998     1.03454e-08               
        3.66486     9.15169e-09               
        3.66974     8.35589e-09               
        3.67462     9.15169e-09               
         3.6795     7.95799e-09               
        3.68438     5.96848e-09               
        3.68926     1.11412e-08               
        3.69415     8.35589e-09               
        3.69903     6.36638e-09               
        3.70391      9.9475e-09               
         3.7088     9.15169e-09               
        3.71368     6.76429e-09               
        3.71856     8.75379e-09               
        3.72344     6.36639e-09               
        3.72833     8.75378e-09               
        3.73321     6.36639e-09               
        3.73809     4.37689e-09               
        3.74299     5.96848e-09               
        3.74787     7.56008e-09               
        3.75274      8.3559e-09               
        3.75762     6.76429e-09               
        3.76252     6.36639e-09               
         3.7674      8.3559e-09               
        3.77228     7.56009e-09               
        3.77717     8.75379e-09               
        3.78205     7.95798e-09               
        3.78693     6.36638e-09               
        3.79181     8.35589e-09               
         3.7967     7.95798e-09               
        3.80158     5.96848e-09               
        3.80646     6.76428e-09               
        3.81135     1.07433e-08               
        3.81623      8.3559e-09               
        3.82111     5.17268e-09               
        3.82599     6.76429e-09               
        3.83087     7.16218e-09               
        3.83575     7.56009e-09               
        3.84063     8.75379e-09               
        3.84551     1.11412e-08               
         3.8504     5.96848e-09               
        3.85528     7.95798e-09               
        3.86016     7.56009e-09               
        3.86505     7.95799e-09               
        3.86993     5.96848e-09               
        3.87481     7.56009e-09               
        3.87969     5.57058e-09               
        3.88458     7.16218e-09               
        3.88946     7.95799e-09               
        3.89434     4.77479e-09               
        3.89924     6.76429e-09               
        3.90412     6.76428e-09               
        3.90899     8.75378e-09               
        3.91387     7.16218e-09               
        3.91877     6.76429e-09               
        3.92365     1.07433e-08               
        3.92853     5.96848e-09               
        3.93342     5.57059e-09               
         3.9383     7.16219e-09               
        3.94318     7.95799e-09               
        3.94806     5.96848e-09               
        3.95295     5.17269e-09               
        3.95783     8.35589e-09               
        3.96271     1.15391e-08               
         3.9676     8.35588e-09               
        3.97248     3.18319e-09               
        3.97736     7.16219e-09               
        3.98224     7.16218e-09               
        3.98712     5.96848e-09               
          3.992     9.94749e-09               
        3.99688     2.78529e-09               
        4.00177     8.75379e-09               
        4.00666     9.54959e-09               
        4.01154     9.15169e-09               
        4.01642     5.96848e-09               
         4.0213     8.75379e-09               
        4.02618     8.35589e-09               
        4.03106     7.16219e-09               
        4.03594     1.11412e-08               
        4.04084     4.37689e-09               
        4.04572     9.54959e-09               
         4.0506     7.16219e-09               
        4.05549     8.75379e-09               
        4.06037      6.3664e-09               
        4.06524     7.95798e-09               
        4.07012     6.36638e-09               
        4.07501     1.03454e-08               
        4.07989     6.36639e-09               
        4.08477     1.03454e-08               
        4.08967     9.54959e-09               
        4.09455     8.75379e-09               
        4.09943     4.37689e-09               
        4.10431     5.96848e-09               
        4.10919     3.97899e-09               
        4.11407     5.17268e-09               
        4.11895     4.37689e-09               
        4.12384     5.17268e-09               
        4.12873     7.16219e-09               
        4.13361     5.17269e-09               
        4.13849     5.96848e-09               
        4.14337     7.56008e-09               
        4.14825      8.3559e-09               
        4.15313     5.96848e-09               
        4.15802     5.96848e-09               
        4.16291     7.95799e-09               
        4.16779     5.57059e-09               
        4.17267     4.77478e-09               
        4.17755     8.35589e-09               
        4.18243     7.16219e-09               
        4.18731     9.15169e-09               
        4.19219     9.54959e-09               
        4.19709     5.57058e-09               
        4.20197     4.77478e-09               
        4.20685     6.76429e-09               
        4.21174      5.9685e-09               
        4.21662     5.57059e-09               
        4.22149     6.76429e-09               
        4.22637     5.96849e-09               
        4.23126     1.03454e-08               
        4.23614     7.56009e-09               
        4.24102     7.95798e-09               
        4.24592     7.56009e-09               
         4.2508     5.96848e-09               
        4.25568     4.77479e-09               
        4.26056     7.95798e-09               
        4.26544     4.37689e-09               
        4.27032     5.17269e-09               
         4.2752     7.16219e-09               
        4.28009     7.95799e-09               
        4.28498     5.96848e-09               
        4.28986      8.3559e-09               
        4.29474     6.76428e-09               
        4.29962     6.36639e-09               
         4.3045     6.36639e-09               
        4.30938     7.56008e-09               
        4.31427     6.76429e-09               
        4.31916     6.36639e-09               
        4.32404     7.56009e-09               
        4.32892     3.58109e-09               
         4.3338     5.96848e-09               
        4.33868     6.36639e-09               
        4.34356     7.16218e-09               
        4.34844     9.54959e-09               
        4.35334     6.36639e-09               
        4.35822     6.76429e-09               
         4.3631     8.75379e-09               
        4.36799     5.57058e-09               
        4.37287     6.76429e-09               
        4.37774     5.17269e-09               
        4.38262     7.95798e-09               
        4.38751     6.76428e-09               
        4.39239     4.77478e-09               
        4.39727     6.76428e-09               
        4.40217     5.57058e-09               
        4.40705     6.76429e-09               
        4.41193     5.17268e-09               
        4.41681     6.76428e-09               
        4.42169     4.37689e-09               
        4.42657     5.57058e-09               
        4.43145     6.36639e-09               
        4.43634     7.95798e-09               
        4.44123      8.3559e-09               
        4.44611     9.94749e-09               
        4.45099     6.36639e-09               
        4.45587     5.96848e-09               
        4.46075     4.77479e-09               
        4.46563     7.95799e-09               
        4.47052      7.5601e-09               
        4.47541     7.16218e-09               
        4.48029     6.36639e-09               
        4.48517      7.5601e-09               
        4.49005     6.76428e-09               
        4.49493     7.56009e-09               
        4.49981     7.56008e-09               
        4.50469     5.17268e-09               
        4.50959     7.16218e-09               
        4.51447     6.36639e-09               
        4.51935     7.95799e-09               
        4.52424     5.17269e-09               
        4.52912     6.36639e-09               
        4.53399     9.15169e-09               
        4.53887     5.57059e-09               
        4.54376     5.96849e-09               
        4.54864     7.16219e-09               
        4.55352     8.35589e-09               
        4.55842     6.76429e-09               
         4.5633      8.3559e-09               
        4.56818     7.95798e-09               
        4.57306     7.56009e-09               
        4.57794     6.36639e-09               
        4.58282     4.37689e-09               
         4.5877     6.76428e-09               
        4.59259     7.16218e-09               
        4.59748     5.17269e-09               
        4.60236     1.03454e-08               
        4.60724     4.77479e-09               
        4.61212     9.15169e-09               
          4.617     6.76429e-09               
        4.62188     1.03454e-08               
        4.62677     5.57059e-09               
        4.63166     5.96848e-09               
        4.63654     9.94749e-09               
        4.64142     3.58109e-09               
         4.6463     7.95798e-09               
        4.65118     4.77478e-09               
        4.65606     5.17269e-09               
        4.66094     6.76429e-09               
        4.66584     7.16219e-09               
        4.67072     7.16218e-09               
         4.6756     5.57059e-09               
        4.68049     5.17268e-09               
        4.68537     5.57058e-09               
        4.69024     6.76429e-09               
        4.69512     6.76429e-09               
        4.70001     4.37689e-09               
        4.70489     4.37689e-09               
        4.70977      1.1539e-08               
        4.71467     6.36638e-09               
        4.71955     5.96848e-09               
        4.72443     4.77478e-09               
        4.72931     6.76429e-09               
        4.73419     4.77478e-09               
        4.73907     4.77478e-09               
        4.74395     6.76429e-09               
        4.74884      8.3559e-09               
        4.75373     7.56008e-09               
        4.75861     7.56009e-09               
        4.76349     6.36638e-09               
        4.76837     7.16218e-09               
        4.77325     5.17269e-09               
        4.77813     7.95798e-09               
        4.78302     5.17268e-09               
        4.78791     7.16219e-09               
        4.79279     3.18319e-09               
        4.79767     3.97899e-09               
        4.80255     4.77478e-09               
        4.80743     8.35589e-09               
        4.81231     5.57058e-09               
        4.81719     7.56009e-09               
        4.82209     8.75379e-09               
        4.82697     7.16219e-09               
        4.83185     6.76429e-09               
        4.83674     5.17269e-09               
        4.84162     5.57059e-09               
        4.84649     7.16218e-09               
        4.85137     1.11412e-08               
        4.85626     5.57058e-09               
        4.86114     7.16218e-09               
        4.86602     8.35589e-09               
        4.87092     5.57059e-09               
         4.8758     7.16219e-09               
        4.88068     6.76429e-09               
        4.88556     3.58109e-09               
        4.89044     7.95798e-09               
        4.89532     5.57058e-09               
         4.9002     5.96849e-09               
        4.90509     7.16218e-09               
        4.90998     5.57059e-09               
        4.91486     5.57059e-09               
        4.91974     5.17268e-09               
        4.92462     5.96848e-09               
         4.9295     5.96849e-09               
        4.93438     6.36638e-09               
        4.93927     6.76429e-09               
        4.94416     7.56008e-09               
        4.94904     5.96848e-09               
        4.95392     7.16218e-09               
         4.9588     3.97899e-09               
        4.96368     4.37689e-09               
        4.96856     6.76429e-09               
        4.97344     3.97899e-09               
        4.97834     7.56009e-09               
        4.98322     6.36638e-09               
         4.9881     3.58109e-09               
        4.99299     5.96848e-09               
        4.99787     6.76429e-09               
        5.00274     9.15169e-09               
        5.00762     4.77479e-09               
        5.01251     8.35589e-09               
        5.01739     5.57058e-09               
        5.02227     5.17268e-09               
        5.02717     5.96849e-09               
        5.03205     7.16218e-09               
        5.03693     7.56008e-09               
        5.04181     5.96848e-09               
        5.04669     5.17269e-09               
        5.05157      9.1517e-09               
        5.05645     4.77479e-09               
        5.06134     3.18319e-09               
        5.06623     8.75378e-09               
        5.07111     5.17268e-09               
        5.07599     8.35589e-09               
        5.08087     6.76429e-09               
        5.08575     7.16219e-09               
        5.09063     9.15169e-09               
        5.09552     5.96849e-09               
        5.10041     4.37689e-09               
        5.10529     5.96849e-09               
        5.11017     5.17269e-09               
        5.11505      7.5601e-09               
        5.11993     5.17268e-09               
        5.12481     9.94749e-09               
        5.12969      8.3559e-09               
        5.13459     9.94749e-09               
        5.13947     3.97899e-09               
        5.14435     5.96848e-09               
        5.14924     5.96849e-09               
        5.15412     5.17268e-09               
        5.15899     7.56009e-09               
        5.16387     6.36639e-09               
        5.16876      8.3559e-09               
        5.17364     4.37688e-09               
        5.17852     4.77479e-09               
        5.18342     8.75378e-09               
         5.1883     5.17269e-09               
        5.19318     7.95798e-09               
        5.19806     4.77479e-09               
        5.20294     5.96849e-09               
        5.20782     4.77479e-09               
         5.2127     7.16219e-09               
        5.21759     5.57059e-09               
        5.22248     5.57059e-09               
        5.22736     6.36638e-09               
        5.23224     5.96848e-09               
        5.23712     5.96848e-09               
          5.242     4.77479e-09               
        5.24688     6.76429e-09               
        5.25177     7.16218e-09               
        5.25666      9.1517e-09               
        5.26154     5.96849e-09               
        5.26642     6.76429e-09               
         5.2713     1.03454e-08               
        5.27618     5.17268e-09               
        5.28106     3.97899e-09               
        5.28594     5.96848e-09               
        5.29084     5.96848e-09               
        5.29572     4.77478e-09               
         5.3006     3.18319e-09               
        5.30549     1.15391e-08               
        5.31037     6.36638e-09               
        5.31524     5.57058e-09               
        5.32012     3.58109e-09               
        5.32501     6.76428e-09               
        5.32989     6.76428e-09               
        5.33477     4.77478e-09               
        5.33967     5.96848e-09               
        5.34455     4.37689e-09               
        5.34943     5.96849e-09               
        5.35431     9.15169e-09               
        5.35919     8.75378e-09               
        5.36407     7.16218e-09               
        5.36895     5.96849e-09               
        5.37384     8.75379e-09               
        5.37873     5.96848e-09               
        5.38361     5.57058e-09               
        5.38849     6.36639e-09               
        5.39337     3.97899e-09               
        5.39825     4.77479e-09               
        5.40313     5.96848e-09               
        5.40802     7.16218e-09               
        5.41291     7.95798e-09               
        5.41779     7.16218e-09               
        5.42267     5.96848e-09               
        5.42755     5.57058e-09               
        5.43243     7.16218e-09               
        5.43731     6.76429e-09               
        5.44219     6.76429e-09               
        5.44709     3.18319e-09               
        5.45197     6.76429e-09               
        5.45685     5.96849e-09               
        5.46174     6.76429e-09               
        5.46662     5.17268e-09               
        5.47149     7.95798e-09               
        5.47637     5.96849e-09               
        5.48126     3.97898e-09               
        5.48614     3.58109e-09               
        5.49102     6.36639e-09               
        5.49592      8.3559e-09               
         5.5008     3.18319e-09               
        5.50568     5.96849e-09               
        5.51056     6.76429e-09               
        5.51544     5.96848e-09               
        5.52032     4.77478e-09               
         5.5252      9.1517e-09               
        5.53009     5.96848e-09               
        5.53498     6.36639e-09               
        5.53986     5.17269e-09               
        5.54474     5.57058e-09               
        5.54962     4.37689e-09               
         5.5545     8.75379e-09               
        5.55938     5.17269e-09               
        5.56427     5.17268e-09               
        5.56916     2.78529e-09               
        5.57404     5.96849e-09               
        5.57892     6.36639e-09               
         5.5838     3.58109e-09               
        5.58868     3.97899e-09               
        5.59356     5.17269e-09               
        5.59844     6.76429e-09               
        5.60334     4.37688e-09               
        5.60822      7.5601e-09               
         5.6131     6.76429e-09               
        5.61799     9.94749e-09               
        5.62287     5.96849e-09               
        5.62774     4.77479e-09               
        5.63262     5.96849e-09               
        5.63751     7.16219e-09               
        5.64239     5.17269e-09               
        5.64727     7.95798e-09               
        5.65217     5.96848e-09               
        5.65705     6.36638e-09               
        5.66193     6.36638e-09               
        5.66681     5.17268e-09               
        5.67169     4.77479e-09               
        5.67657     5.17269e-09               
        5.68145     7.16218e-09               
        5.68634     4.77479e-09               
        5.69123     5.57059e-09               
        5.69611     6.36639e-09               
        5.70099     3.97899e-09               
        5.70587     7.56009e-09               
        5.71075     5.17269e-09               
        5.71563     9.94749e-09               
        5.72052     5.57058e-09               
        5.72541     2.38739e-09               
        5.73029     4.77479e-09               
        5.73517     3.58109e-09               
        5.74005     7.95798e-09               
        5.74493      9.1517e-09               
        5.74981     5.57058e-09               
        5.75469     5.57058e-09               
        5.75959     7.16218e-09               
        5.76447     4.77479e-09               
        5.76935     5.96848e-09               
        5.77424     6.76429e-09               
        5.77912     7.16219e-09               
        5.78399     3.18319e-09               
        5.78887     4.37688e-09               
        5.79376     4.77478e-09               
        5.79864     5.96848e-09               
        5.80352     6.76429e-09               
        5.80842     7.16219e-09               
         5.8133     4.37689e-09               
        5.81818      7.5601e-09               
        5.82306     3.18319e-09               
        5.82794     5.96849e-09               
        5.83282     5.57059e-09               
         5.8377     6.76429e-09               
        5.84259     6.76429e-09               
        5.84748     2.78529e-09               
        5.85236     5.57058e-09               
        5.85724      7.5601e-09               
        5.86212     7.16218e-09               
          5.867     3.18319e-09               
        5.87188     6.36639e-09               
        5.87677     5.57058e-09               
        5.88166     4.77479e-09               
        5.88654     4.37689e-09               
        5.89142     7.56009e-09               
         5.8963     4.77478e-09               
        5.90118     7.16218e-09               
        5.90606     8.75379e-09               
        5.91094     1.11412e-08               
        5.91584     3.58109e-09               
        5.92072     4.77478e-09               
         5.9256     6.76429e-09               
        5.93049     5.17269e-09               
        5.93537     3.58109e-09               
        5.94024     6.36638e-09               
        5.94512     5.17268e-09               
        5.95001     5.57059e-09               
        5.95489     6.76429e-09               
        5.95977     5.96848e-09               
        5.96467     6.36639e-09               
        5.96955     4.77479e-09               
        5.97443     3.58109e-09               
        5.97931     4.77478e-09               
        5.98419     4.37688e-09               
        5.98907     7.16219e-09               
        5.99395     4.37689e-09               
        5.99884     5.17268e-09               
        6.00373     3.97899e-09               
        6.00861     5.96849e-09               
        6.01349     6.36639e-09               
        6.01837     4.77479e-09               
        6.02325     7.16218e-09               
        6.02813     5.17268e-09               
        6.03302     5.96848e-09               
        6.03791     9.94749e-09               
        6.04279     3.18319e-09               
        6.04767     5.17269e-09               
        6.05255     2.78529e-09               
        6.05743     6.76428e-09               
        6.06231     8.75379e-09               
        6.06719     3.97899e-09               
        6.07209     4.37689e-09               
        6.07697     6.36638e-09               
        6.08185     4.37689e-09               
        6.08674     5.96848e-09               
        6.09162     4.37689e-09               
        6.09649     3.97899e-09               
        6.10137     4.77479e-09               
        6.10626     7.95798e-09               
        6.11114     4.37689e-09               
        6.11602     5.96848e-09               
        6.12092     5.96848e-09               
         6.1258     6.36638e-09               
        6.13068     5.96848e-09               
        6.13556     5.57059e-09               
        6.14044     5.57059e-09               
        6.14532     7.16218e-09               
         6.1502     4.77479e-09               
        6.15509     4.77478e-09               
        6.15998     7.16218e-09               
        6.16486     4.37689e-09               
        6.16974     7.56009e-09               
        6.17462     5.57059e-09               
         6.1795     4.37689e-09               
        6.18438     1.07433e-08               
        6.18927     4.77479e-09               
        6.19416     4.37689e-09               
        6.19904     3.18319e-09               
        6.20392     3.58109e-09               
         6.2088     6.76429e-09               
        6.21368     4.37689e-09               
        6.21856     5.57058e-09               
        6.22344     5.96849e-09               
        6.22834     8.75379e-09               
        6.23322     8.35589e-09               
         6.2381     5.17268e-09               
        6.24299     5.96848e-09               
        6.24787     6.76429e-09               
        6.25274     9.54955e-09               
        6.25762     5.17269e-09               
        6.26251     3.97899e-09               
        6.26739     3.97898e-09               
        6.27227     4.77478e-09               
        6.27717      7.5601e-09               
        6.28205     4.37689e-09               
        6.28693     4.77479e-09               
        6.29181      5.5706e-09               
        6.29669     4.37689e-09               
        6.30157     3.97899e-09               
        6.30645     3.18319e-09               
        6.31134     4.77479e-09               
        6.31623     1.98949e-09               
        6.32111     3.58109e-09               
        6.32599     2.38739e-09               
        6.33087     5.57059e-09               
        6.33575     7.95799e-09               
        6.34063     7.16219e-09               
        6.34552     4.37689e-09               
        6.35041     4.37689e-09               
        6.35529     3.58109e-09               
        6.36017     4.37689e-09               
        6.36505     3.18319e-09               
        6.36993     5.57058e-09               
        6.37481     6.36638e-09               
        6.37969     7.16219e-09               
        6.38459     4.37689e-09               
        6.38947     3.97899e-09               
        6.39435     6.76429e-09               
        6.39924     5.96848e-09               
        6.40412     4.37689e-09               
        6.40899      3.5811e-09               
        6.41387     3.58109e-09               
        6.41876     7.56009e-09               
        6.42364     5.57058e-09               
        6.42852     6.36639e-09               
        6.43342     5.96848e-09               
         6.4383     6.36639e-09               
        6.44318     5.57058e-09               
        6.44806     5.96849e-09               
        6.45294     7.16219e-09               
        6.45782     5.57058e-09               
         6.4627     5.17268e-09               
        6.46759     4.37688e-09               
        6.47248     3.97898e-09               
        6.47736     5.96848e-09               
        6.48224     5.96849e-09               
        6.48712     3.58109e-09               
          6.492     5.57058e-09               
        6.49688     5.57059e-09               
        6.50177     4.37689e-09               
        6.50666     5.57059e-09               
        6.51154     5.96849e-09               
        6.51642     5.96848e-09               
         6.5213     2.78529e-09               
        6.52618     5.57058e-09               
        6.53106     7.16218e-09               
        6.53594     5.57059e-09               
        6.54084     3.18319e-09               
        6.54572     4.77479e-09               
         6.5506     3.18319e-09               
        6.55549     5.57058e-09               
        6.56037     3.18319e-09               
        6.56524     3.97899e-09               
        6.57012     4.37689e-09               
        6.57501     4.77478e-09               
        6.57989     5.57058e-09               
        6.58477     5.96848e-09               
        6.58967     7.95799e-09               
        6.59455     5.17268e-09               
        6.59943     3.18319e-09               
        6.60431     5.57059e-09               
        6.60919     4.77478e-09               
        6.61407     3.58109e-09               
        6.61895     4.37689e-09               
        6.62384     4.37688e-09               
        6.62873     3.18319e-09               
        6.63361     5.96848e-09               
        6.63849     6.36638e-09               
        6.64337     5.57058e-09               
        6.64825     5.57058e-09               
        6.65313     6.36638e-09               
        6.65802     6.36638e-09               
        6.66291     6.76428e-09               
        6.66695     5.57059e-09               
        6.67145     3.97899e-09               
        6.67633     3.58109e-09               
        6.68121     5.96849e-09               
        6.68609     5.57059e-09               
        6.69097     5.57058e-09               
        6.69587     4.77479e-09               
        6.70075     5.96849e-09               
        6.70563     6.36639e-09               
        6.71052     4.77478e-09               
         6.7154     3.97899e-09               
        6.72027     4.37689e-09               
        6.72515      1.1937e-09               
        6.73004     4.77479e-09               
        6.73492     4.37689e-09               
         6.7398     5.57059e-09               
        6.74469     5.96849e-09               
        6.74958     5.57058e-09               
        6.75446     5.57059e-09               
        6.75934     3.18319e-09               
        6.76422     4.77478e-09               
         6.7691     4.37689e-09               
        6.77398     4.37688e-09               
        6.77887     5.96848e-09               
        6.78376     5.57058e-09               
        6.78864     4.77478e-09               
        6.79352     5.57058e-09               
         6.7984     5.96848e-09               
        6.80328     4.77478e-09               
        6.80816     3.58109e-09               
        6.81304     5.96848e-09               
        6.81794     5.96848e-09               
        6.82282     3.97899e-09               
         6.8277     4.77479e-09               
        6.83258     3.58109e-09               
        6.83746     4.37689e-09               
        6.84234     3.58109e-09               
        6.84722     3.97899e-09               
        6.85212     7.16219e-09               
          6.857     3.18319e-09               
        6.86188     5.96848e-09               
        6.86677     3.18319e-09               
        6.87165     3.18319e-09               
        6.87652     3.97899e-09               
         6.8814     3.58109e-09               
        6.88629     6.76429e-09               
        6.89117     7.56009e-09               
        6.89605     3.97899e-09               
        6.90094     4.37689e-09               
        6.90583     6.36639e-09               
        6.91071     3.97899e-09               
        6.91559     7.16219e-09               
        6.92047     5.57058e-09               
        6.92535     3.97898e-09               
        6.93023     3.18319e-09               
        6.93512     4.77479e-09               
        6.94001     5.57058e-09               
        6.94489     3.58109e-09               
        6.94977     5.57059e-09               
        6.95465     5.57058e-09               
        6.95953     6.36639e-09               
        6.96441     6.76429e-09               
        6.96929     2.78529e-09               
        6.97419       3.979e-09               
        6.97907     2.38739e-09               
        6.98395     3.97899e-09               
        6.98883     5.57059e-09               
        6.99371     3.18319e-09               
        6.99859     5.96848e-09               
        7.00347     4.37688e-09               
        7.00837     6.36638e-09               
        7.01325     3.58109e-09               
        7.01813     4.77479e-09               
        7.02302     5.96849e-09               
         7.0279     7.95798e-09               
        7.03277     4.37689e-09               
        7.03765     4.77479e-09               
        7.04254     4.37689e-09               
        7.04742     4.77479e-09               
         7.0523     5.57059e-09               
        7.05719     4.77479e-09               
        7.06208     5.17268e-09               
        7.06696     4.77478e-09               
        7.07184     3.97899e-09               
        7.07672     3.58109e-09               
         7.0816     3.58109e-09               
        7.08648     5.17268e-09               
        7.09137     5.57059e-09               
        7.09626     5.17269e-09               
        7.10114     2.78529e-09               
        7.10602     5.57058e-09               
         7.1109     3.18319e-09               
        7.11578     5.17268e-09               
        7.12066     4.37688e-09               
        7.12554     3.58109e-09               
        7.13044     5.96848e-09               
        7.13532     2.78529e-09               
         7.1402     3.97899e-09               
        7.14508      1.5916e-09               
        7.14996     5.17268e-09               
        7.15484     3.58109e-09               
        7.15972     4.37689e-09               
        7.16462     5.96848e-09               
         7.1695     3.18319e-09               
        7.17438     4.77479e-09               
        7.17927     3.97898e-09               
        7.18415     4.77478e-09               
        7.18902     7.16219e-09               
         7.1939     4.77479e-09               
        7.19879     2.78529e-09               
        7.20367     6.36638e-09               
        7.20855     3.97899e-09               
        7.21344     4.37689e-09               
        7.21833     3.18319e-09               
        7.22321     5.57058e-09               
        7.22809     5.57059e-09               
        7.23297     2.38739e-09               
        7.23785     3.97899e-09               
        7.24273     2.78529e-09               
        7.24762     4.37689e-09               
        7.25251     5.96848e-09               
        7.25739     3.18319e-09               
        7.26227     5.96848e-09               
        7.26715     4.77479e-09               
        7.27203     2.78529e-09               
        7.27691     6.76429e-09               
        7.28179     6.36639e-09               
        7.28669     3.58109e-09               
        7.29157     5.96848e-09               
        7.29645     5.96849e-09               
        7.30133     3.97899e-09               
        7.30621     6.36639e-09               
        7.31109     5.17269e-09               
        7.31597     3.18319e-09               
        7.32087     2.78529e-09               
        7.32575     3.97899e-09               
        7.33063     6.76429e-09               
        7.33552     3.18319e-09               
         7.3404     4.37689e-09               
        7.34527     2.78529e-09               
        7.35015     3.58109e-09               
        7.35504     7.16219e-09               
        7.35992     2.38739e-09               
         7.3648     5.96848e-09               
        7.36969     4.37689e-09               
        7.37458     1.98949e-09               
        7.37946     3.58109e-09               
        7.38434      3.5811e-09               
        7.38922     4.37689e-09               
         7.3941     6.76429e-09               
        7.39898     3.58109e-09               
        7.40387     4.77479e-09               
        7.40876     3.97898e-09               
        7.41364     3.18319e-09               
        7.41852     3.58109e-09               
         7.4234     4.77479e-09               
        7.42828     3.18319e-09               
        7.43316     3.58109e-09               
        7.43804     6.76429e-09               
        7.44294     4.77478e-09               
        7.44782     3.18319e-09               
         7.4527     3.18319e-09               
        7.45758     2.38739e-09               
        7.46246     3.97898e-09               
        7.46734     3.97899e-09               
        7.47222     7.16218e-09               
        7.47712     3.58109e-09               
          7.482     4.37689e-09               
        7.48688     5.17269e-09               
        7.49177     6.36639e-09               
        7.49665     4.77478e-09               
        7.50152     5.17269e-09               
         7.5064      7.5601e-09               
        7.51129     5.57058e-09               
        7.51617     5.57058e-09               
        7.52105     3.58109e-09               
        7.52594     5.96848e-09               
        7.53083     3.97899e-09               
        7.53571     4.77479e-09               
        7.54059     3.58109e-09               
        7.54547     5.96849e-09               
        7.55035     5.57058e-09               
        7.55523     2.38739e-09               
        7.56012     3.18319e-09               
        7.56501     2.78529e-09               
        7.56989      1.1937e-09               
        7.57477     1.98949e-09               
        7.57965     3.18319e-09               
        7.58453     4.37689e-09               
        7.58941     5.96848e-09               
        7.59429     6.76429e-09               
        7.59919     4.77478e-09               
        7.60407     5.57058e-09               
        7.60895     2.38739e-09               
        7.61383     2.78529e-09               
        7.61871     6.36639e-09               
        7.62359     5.96848e-09               
        7.62847     4.37688e-09               
        7.63337     2.78529e-09               
        7.63825     3.18319e-09               
        7.64313     3.18319e-09               
        7.64802     3.97899e-09               
         7.6529     4.77478e-09               
        7.65777     3.58109e-09               
        7.66265     4.37689e-09               
        7.66754     5.57058e-09               
        7.67242     3.97899e-09               
         7.6773     4.77478e-09               
        7.68219     2.78529e-09               
        7.68708     5.17269e-09               
        7.69196     3.18319e-09               
        7.69684     2.38739e-09               
        7.70172     5.17269e-09               
         7.7066     5.17269e-09               
        7.71148     4.77478e-09               
        7.71637     2.78529e-09               
        7.72126     2.78529e-09               
        7.72614     5.96848e-09               
        7.73102     2.38739e-09               
         7.7359     4.77478e-09               
        7.74078     2.38739e-09               
        7.74566      1.5916e-09               
        7.75054     5.57059e-09               
        7.75544     5.17269e-09               
        7.76032     3.58109e-09               
         7.7652     3.18319e-09               
        7.77008     3.18319e-09               
        7.77496     3.97899e-09               
        7.77984     3.18319e-09               
        7.78472     4.37689e-09               
        7.78962      3.5811e-09               
         7.7945     4.77479e-09               
        7.79938     3.97899e-09               
        7.80427     4.37689e-09               
        7.80915     3.18319e-09               
        7.81402     6.76429e-09               
         7.8189     3.18319e-09               
        7.82379     5.96848e-09               
        7.82867     2.78529e-09               
        7.83355     5.57058e-09               
        7.83844     3.58109e-09               
        7.84333     4.37688e-09               
        7.84821     5.17268e-09               
        7.85309     3.97899e-09               
        7.85797     2.78529e-09               
        7.86285     4.77479e-09               
        7.86773     3.97899e-09               
        7.87262     3.97899e-09               
        7.87751     5.17269e-09               
        7.88239     4.77479e-09               
        7.88727     3.58109e-09               
        7.89215     5.57059e-09               
        7.89703     5.57058e-09               
        7.90191     2.38739e-09               
        7.90679     3.58109e-09               
        7.91169     4.37689e-09               
        7.91657     5.17268e-09               
        7.92145     4.77479e-09               
        7.92633     3.18319e-09               
        7.93121     2.78529e-09               
        7.93609     3.58109e-09               
        7.94097     3.18319e-09               
        7.94587     3.18319e-09               
        7.95075       7.958e-10               
        7.95563      1.5916e-09               
        7.96052     3.97899e-09               
         7.9654     3.97899e-09               
        7.97027     4.37689e-09               
        7.97515     4.77479e-09               
        7.98004     4.37689e-09               
        7.98492     3.97899e-09               
         7.9898     5.17269e-09               
        7.99469     3.58109e-09               
        7.99958     4.37689e-09               
        8.00445     1.98949e-09               
        8.00933      1.5916e-09               
        8.01422     4.77479e-09               
        8.01911     5.57058e-09               
        8.02399     3.58109e-09               
        8.02887     5.96848e-09               
        8.03376     3.97899e-09               
        8.03864     3.97899e-09               
        8.04352     4.37688e-09               
        8.04841     2.78529e-09               
        8.05329     3.97898e-09               
        8.05817     2.78529e-09               
        8.06306     3.97899e-09               
        8.06794     7.16218e-09               
        8.07282     3.58109e-09               
         8.0777     3.18319e-09               
        8.08258     5.96848e-09               
        8.08746     5.96848e-09               
        8.09234     3.58109e-09               
        8.09722     4.77478e-09               
        8.10211     5.17268e-09               
        8.10699     3.58109e-09               
        8.11187     5.57058e-09               
        8.11675     4.37689e-09               
        8.12164     4.77479e-09               
        8.12652      1.5916e-09               
         8.1314     2.78529e-09               
        8.13629     1.98949e-09               
        8.14117     2.78529e-09               
        8.14605     4.77479e-09               
        8.15094     2.78529e-09               
        8.15582     2.78529e-09               
         8.1607     3.18319e-09               
        8.16558     5.57058e-09               
        8.17047     3.97899e-09               
        8.17536     2.78529e-09               
        8.18024     2.38739e-09               
        8.18512     1.98949e-09               
        8.19001     3.18319e-09               
        8.19489     6.36639e-09               
        8.19977     4.37689e-09               
        8.20466      1.1937e-09               
        8.20954     2.78529e-09               
        8.21442     3.18319e-09               
        8.21931     3.18319e-09               
        8.22419     2.78529e-09               
        8.22907     3.58109e-09               
        8.23395     3.97899e-09               
        8.23883      1.5916e-09               
        8.24371     4.77478e-09               
        8.24859     2.38739e-09               
        8.25347     3.97899e-09               
        8.25836     2.38739e-09               
        8.26324     3.97899e-09               
        8.26812     4.77478e-09               
          8.273     3.97898e-09               
        8.27789     2.38739e-09               
        8.28277     2.38739e-09               
        8.28765     4.37688e-09               
        8.29254     2.38739e-09               
        8.29742     2.78529e-09               
         8.3023     3.58109e-09               
        8.30719     3.97899e-09               
        8.31207     5.17269e-09               
        8.31695     3.18319e-09               
        8.32183     3.18319e-09               
        8.32672     4.37688e-09               
        8.33161     3.97899e-09               
        8.33649     7.16218e-09               
        8.34137     3.58109e-09               
        8.34626     2.78529e-09               
        8.35114     5.96849e-09               
        8.35602     5.17268e-09               
        8.36091     4.37688e-09               
        8.36579     5.17268e-09               
        8.37067     3.58109e-09               
        8.37556     5.96849e-09               
        8.38044     3.58109e-09               
        8.38532      1.1937e-09               
         8.3902     5.17268e-09               
        8.39508     1.98949e-09               
        8.39996     1.98949e-09               
        8.40484     4.77479e-09               
        8.40972     2.78529e-09               
        8.41461     2.38739e-09               
        8.41949     3.58109e-09               
        8.42437     3.58109e-09               
        8.42925     2.78529e-09               
        8.43414     3.18319e-09               
        8.43902     4.77478e-09               
         8.4439     4.77478e-09               
        8.44879     1.98949e-09               
        8.45367      3.5811e-09               
        8.45855     6.36638e-09               
        8.46344     3.58109e-09               
        8.46832     3.97899e-09               
         8.4732      1.5916e-09               
        8.47808      1.5916e-09               
        8.48297     3.18319e-09               
        8.48786     1.98949e-09               
        8.49274     2.78529e-09               
        8.49762     3.18319e-09               
        8.50251     4.37689e-09               
        8.50739     2.78529e-09               
        8.51227      3.5811e-09               
        8.51716     2.78529e-09               
        8.52204     3.18319e-09               
        8.52692      1.5916e-09               
        8.53181     3.18319e-09               
        8.53669      1.5916e-09               
        8.54157     2.78529e-09               
        8.54645     4.77479e-09               
        8.55133     3.18319e-09               
        8.55621     3.58109e-09               
        8.56109     2.38739e-09               
        8.56597     3.58109e-09               
        8.57086     3.58109e-09               
        8.57574     3.18319e-09               
        8.58062     4.37689e-09               
         8.5855     3.18319e-09               
        8.59039     4.77478e-09               
        8.59527     3.18319e-09               
        8.60015     2.78529e-09               
        8.60504     3.18319e-09               
        8.60992     2.78529e-09               
         8.6148     3.58109e-09               
        8.61969     1.98949e-09               
        8.62457     1.98949e-09               
        8.62945      1.5916e-09               
        8.63433     2.78529e-09               
        8.63922     3.18319e-09               
        8.64411     3.97899e-09               
        8.64899     2.38739e-09               
        8.65387     2.38739e-09               
        8.65876     2.78529e-09               
        8.66364      1.5916e-09               
        8.66852     1.98949e-09               
        8.67341     3.18319e-09               
        8.67829      1.5916e-09               
        8.68317     3.58109e-09               
        8.68806     4.37689e-09               
        8.69294     2.78529e-09               
        8.69782     3.58109e-09               
         8.7027     1.98949e-09               
        8.70758     3.18319e-09               
        8.71246     2.38739e-09               
        8.71734     4.37689e-09               
        8.72222     1.98949e-09               
        8.72711     3.97899e-09               
        8.73199      1.5916e-09               
        8.73687     5.96848e-09               
        8.74175     1.98949e-09               
        8.74664      1.1937e-09               
        8.75152     3.18319e-09               
         8.7564     4.37688e-09               
        8.76129     1.98949e-09               
        8.76617     2.38739e-09               
        8.77105     1.98949e-09               
        8.77594     3.58109e-09               
        8.78082     3.18319e-09               
         8.7857     2.78529e-09               
        8.79058     5.57058e-09               
        8.79547     1.98949e-09               
        8.80036     1.98949e-09               
        8.80524     3.97899e-09               
        8.81012     1.98949e-09               
        8.81501     1.98949e-09               
        8.81989     3.18319e-09               
        8.82477     2.38739e-09               
        8.82966     4.77479e-09               
        8.83454     3.58109e-09               
        8.83942     3.97899e-09               
        8.84431      1.5916e-09               
        8.84919     2.38739e-09               
        8.85407      1.5916e-09               
        8.85895     2.78529e-09               
        8.86383      1.5916e-09               
        8.86871     2.38739e-09               
        8.87359      1.5916e-09               
        8.87847      1.5916e-09               
        8.88336     3.18319e-09               
        8.88824     3.58109e-09               
        8.89312     1.98949e-09               
          8.898     5.17269e-09               
        8.90289     4.37689e-09               
        8.90777     2.38739e-09               
        8.91265     3.97899e-09               
        8.91754      1.5916e-09               
        8.92242      1.1937e-09               
         8.9273       7.958e-10               
        8.93219     3.58109e-09               
        8.93707     3.18319e-09               
        8.94195     2.38739e-09               
        8.94683     3.58109e-09               
        8.95172     4.37689e-09               
        8.95661     4.77479e-09               
        8.96149     1.98949e-09               
        8.96637     3.58109e-09               
        8.97126      1.5916e-09               
        8.97614     3.58109e-09               
        8.98102     2.78529e-09               
        8.98591     2.78529e-09               
        8.99079     5.96848e-09               
        8.99567      3.5811e-09               
        9.00056     3.18319e-09               
        9.00544     2.78529e-09               
        9.01032     2.38739e-09               
         9.0152     3.97898e-09               
        9.02008     1.98949e-09               
        9.02496     4.37689e-09               
        9.02984     2.38739e-09               
        9.03472      1.5916e-09               
        9.03961     2.78529e-09               
        9.04449     3.18319e-09               
        9.04937     5.17269e-09               
        9.05425     2.38739e-09               
        9.05914     4.37689e-09               
        9.06402     3.58109e-09               
         9.0689     3.18319e-09               
        9.07379     3.18319e-09               
        9.07867     2.78529e-09               
        9.08355     3.18319e-09               
        9.08844     2.78529e-09               
        9.09332     5.17269e-09               
         9.0982     2.38739e-09               
        9.10308      1.1937e-09               
        9.10797     2.38739e-09               
        9.11286     2.78529e-09               
        9.11774     3.18319e-09               
        9.12262       3.979e-10               
        9.12751     4.77478e-09               
        9.13239     2.78529e-09               
        9.13727      1.1937e-09               
        9.14216      1.1937e-09               
        9.14704     2.78529e-09               
        9.15192     1.19369e-09               
        9.15681      1.5916e-09               
        9.16169     1.98949e-09               
        9.16657     1.98949e-09               
        9.17145     3.97899e-09               
        9.17633     2.78529e-09               
        9.18121     1.98949e-09               
        9.18609      1.5916e-09               
        9.19097      3.5811e-09               
        9.19586       3.979e-10               
        9.20074     3.18319e-09               
        9.20562     3.58109e-09               
         9.2105     3.58109e-09               
        9.21539     3.58109e-09               
        9.22027     2.78529e-09               
        9.22515     3.18319e-09               
        9.23004     2.38739e-09               
        9.23492     3.18319e-09               
         9.2398     3.97899e-09               
        9.24469     2.78529e-09               
        9.24957     3.18319e-09               
        9.25445     2.38739e-09               
        9.25933     1.98949e-09               
        9.26422      1.1937e-09               
        9.26911     3.97899e-09               
        9.27399       7.958e-10               
        9.27887     3.58109e-09               
        9.28376      1.5916e-09               
        9.28864     1.98949e-09               
        9.29352     3.18319e-09               
        9.29841     3.18319e-09               
        9.30329     4.77478e-09               
        9.30817     2.38739e-09               
        9.31306     1.19369e-09               
        9.31794     4.37689e-09               
        9.32282      1.5916e-09               
         9.3277       7.958e-10               
        9.33258      1.5916e-09               
        9.33746     2.38739e-09               
        9.34234      1.1937e-09               
        9.34722     3.58109e-09               
        9.35211     3.18319e-09               
        9.35699      1.5916e-09               
        9.36187     2.78529e-09               
        9.36675     2.38739e-09               
        9.37164     1.98949e-09               
        9.37652      1.5916e-09               
         9.3814     2.78529e-09               
        9.38629     1.98949e-09               
        9.39117     3.58109e-09               
        9.39605     3.18319e-09               
        9.40094     2.38739e-09               
        9.40582      1.5916e-09               
         9.4107     4.37689e-09               
        9.41558     1.98949e-09               
        9.42047     2.38739e-09               
        9.42536     3.97899e-09               
        9.43024     3.18319e-09               
        9.43512     1.98949e-09               
        9.44001     1.98949e-09               
        9.44489       7.958e-10               
        9.44977     3.58109e-09               
        9.45466      1.1937e-09               
        9.45954     2.78529e-09               
        9.46442     3.18319e-09               
        9.46931      1.5916e-09               
        9.47419     2.78529e-09               
        9.47907      1.5916e-09               
        9.48395     2.78529e-09               
        9.48883      1.5916e-09               
        9.49371     3.18319e-09               
        9.49859     2.38739e-09               
        9.50347     2.38739e-09               
        9.50836     3.58109e-09               
        9.51324     1.98949e-09               
        9.51812     3.18319e-09               
          9.523     2.38739e-09               
        9.52789     2.38739e-09               
        9.53277      1.5916e-09               
        9.53765     1.98949e-09               
        9.54254      1.5916e-09               
        9.54742     1.98949e-09               
         9.5523       7.958e-10               
        9.55719     3.18319e-09               
        9.56207      1.5916e-09               
        9.56695     3.58109e-09               
        9.57183     1.19369e-09               
        9.57672     3.18319e-09               
        9.58161     1.98949e-09               
        9.58649      1.5916e-09               
        9.59137      1.1937e-09               
        9.59626     2.78529e-09               
        9.60114      1.5916e-09               
        9.60602     2.38739e-09               
        9.61091      1.5916e-09               
        9.61579       7.958e-10               
        9.62067     2.38739e-09               
        9.62556     3.97899e-09               
        9.63044       7.958e-10               
        9.63532     1.98949e-09               
         9.6402     3.18319e-09               
        9.64508      1.5916e-09               
        9.64996     1.98949e-09               
        9.65484      1.5916e-09               
        9.65972      1.5916e-09               
        9.66461     1.19369e-09               
        9.66949     4.77479e-09               
        9.67437     2.78529e-09               
        9.67925      1.1937e-09               
        9.68414       7.958e-10               
        9.68902      1.5916e-09               
         9.6939     2.78529e-09               
        9.69879     2.38739e-09               
        9.70367      1.5916e-09               
        9.70855     2.38739e-09               
        9.71344       7.958e-10               
        9.71832      1.5916e-09               
         9.7232     1.19369e-09               
        9.72808       7.958e-10               
        9.73297     2.78529e-09               
        9.73786      1.5916e-09               
        9.74274     3.58109e-09               
        9.74762     1.98949e-09               
        9.75251      1.5916e-09               
        9.75739      1.5916e-09               
        9.76227     1.98949e-09               
        9.76716       7.958e-10               
        9.77204      1.1937e-09               
        9.77692     2.38739e-09               
        9.78181     3.18319e-09               
        9.78669     2.38739e-09               
        9.79157     2.38739e-09               
        9.79645       7.958e-10               
        9.80133     2.38739e-09               
        9.80621      1.1937e-09               
        9.81109      1.5916e-09               
        9.81597      1.1937e-09               
        9.82086      1.5916e-09               
        9.82574     3.18319e-09               
        9.83062     1.98949e-09               
         9.8355     2.38739e-09               
        9.84039      1.1937e-09               
        9.84527               0               
        9.85015     1.98949e-09               
        9.85504      1.5916e-09               
        9.85992      1.5916e-09               
         9.8648      1.5916e-09               
        9.86969       7.958e-10               
        9.87457     2.38739e-09               
        9.87945     1.98949e-09               
        9.88433     1.98949e-09               
        9.88922     1.98949e-09               
        9.89411     2.78529e-09               
        9.89899     1.98949e-09               
        9.90387     1.98949e-09               
        9.90876     1.98949e-09               
        9.91364     3.18319e-09               
        9.91852     2.38739e-09               
        9.92341     1.98949e-09               
        9.92829     2.38739e-09               
        9.93317      1.1937e-09               
        9.93806     2.78529e-09               
        9.94294      1.1937e-09               
        9.94782     1.19369e-09               
         9.9527     2.38739e-09               
        9.95758       7.958e-10               
        9.96246       7.958e-10               
        9.96734     1.98949e-09               
        9.97222     1.98949e-09               
        9.97711      1.5916e-09               
        9.98199       3.979e-10               
        9.98687      1.5916e-09               
        9.99175     1.98949e-09               
        9.99664     2.38739e-09               
