        4.00115     5.57059e-09               
        4.00239     3.18319e-09               
        4.00361     3.97899e-09               
        4.00483     4.77479e-09               
        4.00605     3.97899e-09               
        4.00727     4.77479e-09               
        4.00849     7.95798e-09               
        4.00971     2.38739e-09               
        4.01093     4.77479e-09               
        4.01215     3.97899e-09               
        4.01337     6.36639e-09               
        4.01459     4.77479e-09               
        4.01581     3.18319e-09               
        4.01703     3.97899e-09               
        4.01825     5.57059e-09               
        4.01947      1.5916e-09               
        4.02069     4.77479e-09               
        4.02191     7.16218e-09               
        4.02313     3.97899e-09               
        4.02435     4.77479e-09               
        4.02557     6.36639e-09               
        4.02679     2.38739e-09               
        4.02801     2.38739e-09               
        4.02923     6.36639e-09               
        4.03045     3.97899e-09               
        4.03167     6.36639e-09               
        4.03289     5.57059e-09               
        4.03411     4.77479e-09               
        4.03533     5.57059e-09               
        4.03656     3.18319e-09               
        4.03779     2.38739e-09               
        4.03901     4.77479e-09               
        4.04023     7.95798e-09               
        4.04145     5.57059e-09               
        4.04267     7.16218e-09               
        4.04389     2.38739e-09               
        4.04511     7.95798e-09               
        4.04633     6.36639e-09               
        4.04755     6.36639e-09               
        4.04877     5.57059e-09               
        4.04999     3.18319e-09               
        4.05121     4.77479e-09               
        4.05243     5.57059e-09               
        4.05365     3.97899e-09               
        4.05488     5.57059e-09               
         4.0561     7.95798e-09               
        4.05732     6.36639e-09               
        4.05854     3.18319e-09               
        4.05976     7.16218e-09               
        4.06098     3.97899e-09               
         4.0622     3.97899e-09               
        4.06341     3.18319e-09               
        4.06463     3.18319e-09               
        4.06585      1.5916e-09               
        4.06707     7.16218e-09               
        4.06829     4.77479e-09               
        4.06951     4.77479e-09               
        4.07073     7.16218e-09               
        4.07196     7.95798e-09               
        4.07318     6.36639e-09               
         4.0744     9.54958e-09               
        4.07562     7.16218e-09               
        4.07684     3.97899e-09               
        4.07806      1.5916e-09               
        4.07928     6.36639e-09               
         4.0805     4.77479e-09               
        4.08172      1.5916e-09               
        4.08294     1.03454e-08               
        4.08416     7.95798e-09               
        4.08538     4.77479e-09               
         4.0866     3.97899e-09               
        4.08782     4.77479e-09               
        4.08906     8.75378e-09               
        4.09028     3.97899e-09               
         4.0915     4.77479e-09               
        4.09272     5.57059e-09               
        4.09394     2.38739e-09               
        4.09516     3.97899e-09               
        4.09638     3.18319e-09               
         4.0976     5.57059e-09               
        4.09882     6.36639e-09               
        4.10004     4.77479e-09               
        4.10126     6.36639e-09               
        4.10248     3.97899e-09               
         4.1037     5.57059e-09               
        4.10492      1.5916e-09               
        4.10614     4.77479e-09               
        4.10736     4.77479e-09               
        4.10858      1.5916e-09               
         4.1098     6.36639e-09               
        4.11102     2.38739e-09               
        4.11224     4.77479e-09               
        4.11346     6.36639e-09               
        4.11468     6.36639e-09               
         4.1159     5.57059e-09               
        4.11712     4.77479e-09               
        4.11834     3.97899e-09               
        4.11956     3.97899e-09               
        4.12078     6.36639e-09               
          4.122     9.54958e-09               
        4.12323     5.57059e-09               
        4.12446     5.57059e-09               
        4.12568     6.36639e-09               
         4.1269     3.18319e-09               
        4.12812     3.97899e-09               
        4.12934     6.36639e-09               
        4.13056     3.97899e-09               
        4.13178     4.77479e-09               
          4.133     3.18319e-09               
        4.13422     3.97899e-09               
        4.13544     7.16218e-09               
        4.13666     6.36639e-09               
        4.13788     7.95798e-09               
         4.1391     5.57059e-09               
        4.14032     7.16218e-09               
        4.14154     7.16218e-09               
        4.14276     2.45902e-07               
        4.14398     1.27328e-08               
         4.1452     7.95798e-09               
        4.14642     1.03454e-08               
        4.14764     7.95798e-09               
        4.14886     5.57059e-09               
        4.15008     6.36639e-09               
         4.1513     8.75378e-09               
        4.15252     2.38739e-09               
        4.15374     1.27328e-08               
        4.15496     6.36639e-09               
        4.15618     9.54958e-09               
         4.1574     5.57059e-09               
        4.15864     4.77479e-09               
        4.15986     6.36639e-09               
        4.16108     8.75378e-09               
         4.1623     4.77479e-09               
        4.16352     2.38739e-09               
        4.16474     5.57059e-09               
        4.16596     6.36639e-09               
        4.16718     6.36639e-09               
         4.1684     3.18319e-09               
        4.16962     4.77479e-09               
        4.17084     4.77479e-09               
        4.17206     3.97899e-09               
        4.17328     3.18319e-09               
         4.1745     3.97899e-09               
        4.17572     4.77479e-09               
        4.17694     4.77479e-09               
        4.17816     7.16218e-09               
        4.17938     4.77479e-09               
         4.1806     7.16218e-09               
        4.18182     7.16218e-09               
        4.18304     3.18319e-09               
        4.18426     5.57059e-09               
        4.18548      1.5916e-09               
         4.1867     3.18319e-09               
        4.18792     5.57059e-09               
        4.18914     3.97899e-09               
        4.19036     6.36639e-09               
        4.19158     1.03454e-08               
        4.19281     3.97899e-09               
        4.19404     7.95798e-09               
        4.19526     6.36639e-09               
        4.19648     4.77479e-09               
         4.1977     5.57059e-09               
        4.19892      1.5916e-09               
        4.20014     6.36639e-09               
        4.20136     3.18319e-09               
        4.20258     4.77479e-09               
         4.2038     3.97899e-09               
        4.20502     3.97899e-09               
        4.20624     5.57059e-09               
        4.20746     4.77479e-09               
        4.20868      1.5916e-09               
         4.2099     6.36639e-09               
        4.21113     4.77479e-09               
        4.21235     3.97899e-09               
        4.21357     7.16218e-09               
        4.21479     2.38739e-09               
        4.21601     4.77479e-09               
        4.21723     7.16218e-09               
        4.21845     3.18319e-09               
        4.21966     3.18319e-09               
        4.22088     3.97899e-09               
         4.2221      1.1937e-08               
        4.22332     3.18319e-09               
        4.22454     3.97899e-09               
        4.22576     2.38739e-09               
        4.22698     3.18319e-09               
        4.22821     6.36639e-09               
        4.22943     4.77479e-09               
        4.23065     6.36639e-09               
        4.23187     3.97899e-09               
        4.23309     8.75378e-09               
        4.23431     6.36639e-09               
        4.23553     2.38739e-09               
        4.23675     6.36639e-09               
        4.23797     7.16218e-09               
        4.23919     2.38739e-09               
        4.24041      1.5916e-09               
        4.24163     3.97899e-09               
        4.24285     2.38739e-09               
        4.24407     4.77479e-09               
        4.24531     4.77479e-09               
        4.24653     2.38739e-09               
        4.24775     3.97899e-09               
        4.24897     3.97899e-09               
        4.25019     4.77479e-09               
        4.25141     5.57059e-09               
        4.25263     5.57059e-09               
        4.25385     3.18319e-09               
        4.25507     7.95798e-09               
        4.25629     3.18319e-09               
        4.25751     2.38739e-09               
        4.25873     7.16218e-09               
        4.25995     7.16218e-09               
        4.26117     3.97899e-09               
        4.26239     2.38739e-09               
        4.26361     3.97899e-09               
        4.26483     6.36639e-09               
        4.26605     3.97899e-09               
        4.26727     4.77479e-09               
        4.26849      1.5916e-09               
        4.26971     7.95798e-09               
        4.27093     4.77479e-09               
        4.27215     4.77479e-09               
        4.27337     2.38739e-09               
        4.27459     7.95798e-09               
        4.27581     3.18319e-09               
        4.27703      1.1937e-08               
        4.27825     3.97899e-09               
        4.27948     5.57059e-09               
        4.28071     3.97899e-09               
        4.28193     5.57059e-09               
        4.28315     2.38739e-09               
        4.28437     5.57059e-09               
        4.28559     4.77479e-09               
        4.28681     7.95798e-09               
        4.28803     5.57059e-09               
        4.28925     2.38739e-09               
        4.29047     4.77479e-09               
        4.29169     5.57059e-09               
        4.29291     2.38739e-09               
        4.29413     5.57059e-09               
        4.29535     4.77479e-09               
        4.29657     3.18319e-09               
        4.29779     5.57059e-09               
        4.29901     3.97899e-09               
        4.30023     7.16218e-09               
        4.30145     3.97899e-09               
        4.30267      1.5916e-09               
        4.30389     3.97899e-09               
        4.30511     6.36639e-09               
        4.30633     4.77479e-09               
        4.30755     3.97899e-09               
        4.30877     2.38739e-09               
        4.30999     4.77479e-09               
        4.31121     2.38739e-09               
        4.31243     5.57059e-09               
        4.31365     3.18319e-09               
        4.31489     5.57059e-09               
        4.31611     5.57059e-09               
        4.31733     4.77479e-09               
        4.31855     7.95798e-09               
        4.31977     4.77479e-09               
        4.32099     4.77479e-09               
        4.32221     5.57059e-09               
        4.32343     5.57059e-09               
        4.32465     3.18319e-09               
        4.32587     3.18319e-09               
        4.32709     3.18319e-09               
        4.32831     6.36639e-09               
        4.32953     6.36639e-09               
        4.33075     4.77479e-09               
        4.33197     3.97899e-09               
        4.33319     2.38739e-09               
        4.33441     6.36639e-09               
        4.33563     4.77479e-09               
        4.33685     3.97899e-09               
        4.33807     4.77479e-09               
        4.33929     3.97899e-09               
        4.34051     4.77479e-09               
        4.34173     7.95798e-10               
        4.34295     7.16218e-09               
        4.34417     3.18319e-09               
        4.34539     4.77479e-09               
        4.34661     7.16218e-09               
        4.34783     6.36639e-09               
        4.34906     4.77479e-09               
        4.35029     7.16218e-09               
        4.35151     6.36639e-09               
        4.35273     4.77479e-09               
        4.35395     2.38739e-09               
        4.35517     7.16218e-09               
        4.35639     4.77479e-09               
        4.35761     3.97899e-09               
        4.35883     4.77479e-09               
        4.36005     4.77479e-09               
        4.36127     3.18319e-09               
        4.36249     8.75378e-09               
        4.36371     7.95798e-09               
        4.36493     6.36639e-09               
        4.36615     4.77479e-09               
        4.36738     3.18319e-09               
         4.3686     7.16218e-09               
        4.36982     3.18319e-09               
        4.37104     6.36639e-09               
        4.37226      1.5916e-09               
        4.37348     2.38739e-09               
         4.3747     4.77479e-09               
        4.37591     4.77479e-09               
        4.37713      1.5916e-09               
        4.37835     4.77479e-09               
        4.37957     3.97899e-09               
        4.38079     2.38739e-09               
        4.38201     7.95798e-09               
        4.38323     4.77479e-09               
        4.38446     2.38739e-09               
        4.38568     9.54958e-09               
         4.3869     3.97899e-09               
        4.38812     3.97899e-09               
        4.38934     4.77479e-09               
        4.39056     4.77479e-09               
        4.39178     3.97899e-09               
          4.393      1.5916e-09               
        4.39422     3.18319e-09               
        4.39544     3.97899e-09               
        4.39666     3.18319e-09               
        4.39788     4.77479e-09               
         4.3991     2.38739e-09               
        4.40032     2.38739e-09               
        4.40156     4.77479e-09               
        4.40278     3.18319e-09               
          4.404     3.97899e-09               
        4.40522     2.38739e-09               
        4.40644     3.18319e-09               
        4.40766     7.16218e-09               
        4.40888     4.77479e-09               
         4.4101     7.95798e-10               
        4.41132     4.77479e-09               
        4.41254     5.57059e-09               
        4.41376     2.38739e-09               
        4.41498     1.11412e-08               
         4.4162     2.38739e-09               
        4.41742     4.77479e-09               
        4.41864     3.18319e-09               
        4.41986     7.95798e-10               
        4.42108     9.54958e-09               
         4.4223     7.95798e-09               
        4.42352     7.16218e-09               
        4.42474     3.18319e-09               
        4.42596     3.18319e-09               
        4.42718     2.38739e-09               
         4.4284     5.57059e-09               
        4.42962     2.38739e-09               
        4.43084     6.36639e-09               
        4.43206     7.16218e-09               
        4.43328     3.18319e-09               
         4.4345      1.5916e-09               
        4.43573     3.97899e-09               
        4.43696     5.57059e-09               
        4.43818     5.57059e-09               
         4.4394     1.11412e-08               
        4.44062     9.54958e-09               
        4.44184     3.97899e-09               
        4.44306     3.18319e-09               
        4.44428     2.38739e-09               
         4.4455      1.5916e-09               
        4.44672     2.38739e-09               
        4.44794     5.57059e-09               
        4.44916     5.57059e-09               
        4.45038     5.57059e-09               
         4.4516     7.95798e-09               
        4.45282     6.36639e-09               
        4.45404     2.38739e-09               
        4.45526     2.38739e-09               
        4.45648     3.18319e-09               
         4.4577     3.97899e-09               
        4.45892     6.36639e-09               
        4.46014     7.95798e-09               
        4.46136     7.16218e-09               
        4.46258     7.16218e-09               
         4.4638     4.77479e-09               
        4.46502     8.75378e-09               
        4.46624     3.97899e-09               
        4.46746     8.75378e-09               
        4.46868     3.18319e-09               
         4.4699     5.57059e-09               
        4.47114     7.95798e-09               
        4.47236     3.97899e-09               
        4.47358     6.36639e-09               
         4.4748     4.77479e-09               
        4.47602     4.77479e-09               
        4.47724     3.18319e-09               
        4.47846     3.18319e-09               
        4.47968     3.18319e-09               
         4.4809     6.36639e-09               
        4.48212      1.5916e-09               
        4.48334      1.5916e-09               
        4.48456     3.97899e-09               
        4.48578     3.18319e-09               
          4.487     3.97899e-09               
        4.48822     3.97899e-09               
        4.48944      1.5916e-09               
        4.49066     7.16218e-09               
        4.49188     8.75378e-09               
         4.4931     3.97899e-09               
        4.49432     6.36639e-09               
        4.49554     5.57059e-09               
        4.49676     2.38739e-09               
        4.49798      1.5916e-09               
         4.4992     2.38739e-09               
        4.50042     3.97899e-09               
        4.50164     6.36639e-09               
        4.50286     2.38739e-09               
        4.50408     2.38739e-09               
        4.50531     3.97899e-09               
        4.50654     2.38739e-09               
        4.50776     3.97899e-09               
        4.50898     5.57059e-09               
         4.5102     5.57059e-09               
        4.51142     5.57059e-09               
        4.51264     3.18319e-09               
        4.51386     3.97899e-09               
        4.51508     3.18319e-09               
         4.5163     2.38739e-09               
        4.51752     6.36639e-09               
        4.51874      1.5916e-09               
        4.51996     3.18319e-09               
        4.52118     3.97899e-09               
         4.5224      1.5916e-09               
        4.52363     4.77479e-09               
        4.52485     2.38739e-09               
        4.52607     6.36639e-09               
        4.52729     6.36639e-09               
        4.52851     2.38739e-09               
        4.52973     7.16218e-09               
        4.53095     7.95798e-10               
        4.53216     7.95798e-09               
        4.53338     3.18319e-09               
         4.5346      1.1937e-08               
        4.53582     7.95798e-09               
        4.53704     3.18319e-09               
        4.53826     5.57059e-09               
        4.53948     7.16218e-09               
        4.54071      1.5916e-09               
        4.54193     3.18319e-09               
        4.54315     1.11412e-08               
        4.54437     6.36639e-09               
        4.54559     4.77479e-09               
        4.54681      1.5916e-09               
        4.54803     3.18319e-09               
        4.54925               0               
        4.55047     2.38739e-09               
        4.55169     5.57059e-09               
        4.55291     3.18319e-09               
        4.55413     6.36639e-09               
        4.55535     2.38739e-09               
        4.55657     3.97899e-09               
        4.55781     3.18319e-09               
        4.55903     2.38739e-09               
        4.56025     7.16218e-09               
        4.56147     3.18319e-09               
        4.56269     2.38739e-09               
        4.56391     7.95798e-09               
        4.56513     4.77479e-09               
        4.56635     5.57059e-09               
        4.56757     4.77479e-09               
        4.56879     4.77479e-09               
        4.57001      1.5916e-09               
        4.57123     6.36639e-09               
        4.57245     3.97899e-09               
        4.57367     4.77479e-09               
        4.57489     4.77479e-09               
        4.57611     4.77479e-09               
        4.57733     7.95798e-10               
        4.57855     7.16218e-09               
        4.57977     3.97899e-09               
        4.58099     2.38739e-09               
        4.58221     7.16218e-09               
        4.58343      1.5916e-09               
        4.58465     4.77479e-09               
        4.58587     3.97899e-09               
        4.58709     3.18319e-09               
        4.58831      1.5916e-09               
        4.58953     7.95798e-09               
        4.59075     3.97899e-09               
        4.59198     2.38739e-09               
        4.59321     5.57059e-09               
        4.59443     4.77479e-09               
        4.59565     5.57059e-09               
        4.59687     3.97899e-09               
        4.59809     7.16218e-09               
        4.59931     2.38739e-09               
