2239
1338
958
755
820
1124
1983
1877
2119
2609
2843
2977
3152
3103
3178
2953
3053
2841
2667
2429
2279
2166
2020
1896
1682
1618
1497
1366
1252
1236
1192
1093
1086
974
995
876
861
844
825
745
740
709
664
701
691
664
616
569
605
541
5186
328
348
336
341
329
351
305
307
272
288
308
274
265
268
239
218
222
228
233
223
199
220
224
174
196
202
201
181
176
179
172
178
180
162
154
161
147
180
151
133
131
134
128
109
128
128
137
152
131
108
129
112
120
130
126
113
111
120
129
119
101
115
93
120
114
93
74
94
93
91
127
92
92
89
88
107
66
100
82
75
79
64
76
96
66
79
74
78
101
69
77
69
77
82
79
83
74
81
62
71
76
58
81
51
63
66
59
57
69
60
51
55
64
66
62
67
59
57
45
53
56
65
48
69
60
50
54
58
53
61
53
45
52
42
48
41
50
60
34
54
49
48
30
87
47
55
49
54
50
39
53
50
48
49
36
39
50
39
34
50
45
42
38
46
37
46
41
48
36
39
690
29
22
40
29
27
30
25
39
30
26
31
29
20
33
30
20
19
29
26
30
32
29
28
19
20
29
11
30
23
29
23
20
27
22
19
19
21
23
19
24
27
26
22
26
30
27
22
18
27
23
19
56
33
15
19
17
23
15
17
24
16
16
18
47
22
16
17
22
23
27
13
24
11
14
20
22
18
20
21
25
23
7
23
27
22
48
20
20
26
20
19
13
25
11
21
17
19
10
23
24
15
16
19
23
20
9
15
13
13
15
16
12
13
19
17
29
19
18
18
23
11
11
22
17
18
11
15
11
12
11
17
19
15
20
17
17
21
18
18
19
15
9
13
11
21
9
20
18
17
11
21
21
11
11
15
17
20
10
14
17
59
8
13
15
16
10
13
16
11
17
15
19
14
14
15
16
15
16
17
11
15
15
22
17
12
17
17
17
13
15
17
13
24
18
8
14
9
16
12
17
9
13
13
14
8
8
11
9
9
26
17
17
17
12
22
13
14
16
21
11
200
7
16
6
14
10
6
4
6
13
11
7
8
6
8
19
14
11
16
6
9
6
6
9
14
4
8
10
8
10
6
8
7
8
6
7
8
5
7
11
5
10
10
12
7
4
5
13
8
8
11
19
7
11
33
11
2
4
7
10
8
6
3
4
9
6
4
10
9
10
5
5
7
7
7
6
13
8
8
6
7
15
10
36
6
7
4
7
7
7
5
9
5
5
4
4
6
8
7
10
8
12
4
3
5
7
8
10
19
7
4
9
9
7
11
14
8
8
10
8
8
10
10
2
9
7
4
10
49
8
18
8
6
7
4
4
4
5
8
6
8
7
6
11
5
11
7
17
12
3
13
7
7
3
5
8
9
14
21
39
49
28
34
44
49
51
66
45
174
110
4
6
5
3
8
2
4
4
1
3
3
4
1
10
4
2
3
4
7
4
5
4
4
8
8
3
5
2
4
9
3
1
4
5
4
6
3
4
2
2
3
2
4
4
4
2
4
2
54
49
4
2
2
1
3
3
5
4
7
5
6
2
3
2
3
4
6
6
6
8
10
10
12
17
17
14
8
5
18
1
3
4
2
4
31
7
18
13
11
15
11
13
20
17
32
21
7
15
126
2
3
1
2
3
2
1
2
3
1
2
3
2
1
1
2
1
2
1
6
2
4
3
2
2
2
2
1
4
93
2
1
1
2
1
1
1
3
3
2
2
2
4
2
1
3
1
1
1
1
5
2
1
3
2
4
1
1
1
1
5
3
2
3
1
2
2
88
1
2
1
1
2
2
1
4
1
2
2
1
1
2
1
1
2
1
1
1
3
1
2
1
1
3
1
2
1
1
1
1
3
1
1
3
1
2
1
1
1
2
1
3
2
2
1
1
2
4
2
1
1
2
2
3
2
3
2
3
2
1
1
1
1
1
1
1
3
1
2
3
1
2
1
1
2
320
1
1
1
1
1
1
1
2
1
1
2
1
1
1
2
4
3
2
1
2
2
1
2
4
1
1
1
1
4
1
1
2
1
1
1
1
1
1
1
1
1
1
1
1
1
1
1
1
1
1
1
1
1
1
1
1
1
1
1
1
1
1
1
1
1
1
1
1
1
1
1
1
1
1
1
1
1
1
1
2
1
1
1
1
1
1
1
1
1
2
1
1
1
1
1
1
1
1
2
1
1
1
1
1
2
20
3
1
1
1
1
1
2
1
1
1
1
1
1
1
1
1
1
1
1
1
1
2
1
2
1
1
1
1
1
1
1
1
1
2
1
1
