1438
775
588
490
626
690
1346
1303
1403
1744
2020
2035
2121
2143
2061
2029
2081
1878
1757
1683
1548
1489
1358
1253
1233
1126
1030
971
948
874
814
745
727
668
669
581
544
540
574
513
492
448
456
443
444
420
396
416
389
368
3191
259
239
229
239
239
214
242
209
236
191
234
199
209
183
166
168
185
150
164
148
142
153
127
120
152
126
139
153
131
130
119
116
141
110
96
135
120
109
96
99
109
104
105
88
104
85
90
95
89
85
88
93
114
75
94
76
69
89
88
81
91
86
69
77
62
59
69
70
70
69
66
70
57
65
72
64
59
56
54
54
52
49
50
66
59
62
66
50
50
56
53
40
45
56
61
55
57
41
55
45
45
50
44
32
47
53
41
29
37
51
41
54
37
44
42
44
39
46
43
38
45
35
38
36
43
35
43
54
39
39
35
26
36
34
34
34
32
26
49
33
38
29
37
39
27
34
32
33
36
30
35
48
23
20
26
36
23
24
25
37
30
26
21
38
41
25
23
26
29
31
831
13
21
14
16
12
16
15
21
17
11
14
16
15
11
17
11
16
11
9
12
17
8
15
8
12
9
13
15
12
8
14
10
9
13
16
7
11
11
13
16
6
16
11
13
12
14
10
11
16
16
11
35
18
8
10
14
16
11
9
13
8
14
13
6
8
18
15
7
7
11
10
13
13
9
16
6
11
10
13
4
11
7
13
12
12
62
13
14
7
6
12
7
11
9
13
12
11
6
7
5
7
8
10
8
6
7
9
4
6
9
10
15
11
7
4
7
5
13
7
9
9
11
5
10
10
9
8
7
7
11
6
8
8
15
9
8
8
11
5
11
8
7
6
7
8
7
5
6
6
9
11
6
7
5
11
7
8
11
6
11
46
10
4
4
9
12
10
9
5
7
10
12
8
11
6
7
6
8
4
9
8
8
8
5
5
9
7
6
4
8
5
9
5
10
9
3
4
6
6
5
7
9
5
8
8
3
10
7
13
5
9
2
9
5
6
6
8
9
13
5
214
8
5
5
6
3
4
7
10
8
1
6
5
2
5
8
1
5
4
6
2
6
5
5
5
7
3
6
6
7
6
2
7
4
2
2
9
4
10
5
6
6
5
7
8
8
6
8
4
3
7
4
4
2
6
6
10
5
3
6
7
7
4
6
2
12
7
2
4
8
5
7
4
4
8
3
8
5
5
6
4
6
3
33
3
6
8
7
8
6
6
3
3
5
8
4
8
6
6
2
3
5
2
4
4
3
5
11
1
6
6
7
3
5
7
7
5
2
5
5
8
3
6
2
4
4
9
4
8
2
4
4
11
1
4
2
8
7
4
12
6
5
5
7
5
3
3
2
4
8
3
5
6
5
5
9
10
8
24
35
38
36
48
52
68
76
78
52
20
142
2
3
4
1
6
2
2
5
4
2
2
2
1
4
3
2
1
2
2
3
4
3
2
2
4
2
3
3
1
2
3
1
4
4
2
3
1
3
2
1
1
1
2
2
2
2
2
1
4
5
1
3
2
3
3
1
3
4
4
2
3
3
2
1
1
4
7
10
9
17
24
10
13
18
15
23
7
8
14
2
2
3
1
2
4
6
16
11
18
15
19
19
25
24
30
25
9
9
132
1
2
1
1
2
1
1
1
1
1
2
1
1
2
1
2
1
1
1
1
1
1
1
1
2
1
1
1
1
2
1
1
1
1
1
1
1
1
1
1
1
2
2
1
1
1
1
1
1
1
1
1
1
1
1
1
1
1
1
2
1
1
1
1
1
1
1
1
1
1
1
1
1
1
2
1
1
1
1
1
2
1
3
1
1
1
1
1
1
1
1
2
1
1
1
1
1
1
1
1
1
1
1
1
1
2
1
1
1
1
1
1
1
1
1
2
1
1
1
1
1
1
1
1
1
1
1
1
1
1
1
1
1
2
2
1
1
1
1
1
1
1
1
1
2
1
1
1
1
1
1
1
1
1
1
2
1
1
2
2
1
2
2
5
2
2
3
1
1
1
3
1
2
1
1
1
1
1
1
1
1
1
1
1
1
1
1
1
1
1
2
1
1
1
1
1
1
1
1
1
1
1
1
1
1
1
1
1
1
1
1
1
1
1
1
1
1
1
1
1
1
1
1
2
1
1
1
1
2
1
1
1
1
1
1
1
1
1
1
1
1
1
2
1
1
1
1
1
1
1
1
2
1
1
1
1
1
2
2
1
1
1
1
2
2
1
1
1
1
2
2
1
1
1
1
1
1
2
1
1
2
2
2
1
3
1
1
1
