        1.39495     1.43244e-08              
        1.39617     1.75076e-08              
         1.3974     2.06908e-08              
        1.39863     1.90992e-08              
        1.39985     1.75076e-08              
        1.40107     1.90992e-08              
        1.40229     1.75076e-08              
        1.40351     7.95798e-09              
        1.40473     2.86487e-08              
        1.40595     2.54655e-08              
        1.40716     2.22823e-08              
        1.40838     3.02403e-08              
         1.4096     1.27328e-08              
        1.41082     2.22823e-08              
        1.41204     2.22823e-08              
        1.41326     2.38739e-08              
        1.41448     2.22823e-08              
        1.41572     3.18319e-08              
        1.41694     2.38739e-08              
        1.41816     3.18319e-08              
        1.41938     1.90992e-08              
         1.4206     3.02403e-08              
        1.42182     2.22823e-08              
        1.42304     1.43244e-08              
        1.42426     1.90992e-08              
        1.42548     2.38739e-08              
         1.4267     1.75076e-08              
        1.42792     3.02403e-08              
        1.42914     2.86487e-08              
        1.43036     2.38739e-08              
        1.43158     1.90992e-08              
        1.43281     2.22823e-08              
        1.43403     2.22823e-08              
        1.43525     2.70571e-08              
        1.43647     1.90992e-08              
        1.43769     2.38739e-08              
        1.43891     2.06908e-08              
        1.44013     3.18319e-08              
        1.44135     2.06908e-08              
        1.44257     9.54958e-09              
        1.44379     3.34235e-08              
        1.44501      9.8679e-08              
        1.44623     2.54655e-08              
        1.44745     1.11412e-08              
        1.44867     2.38739e-08              
        1.44989     2.86487e-08              
        1.45111     2.54655e-08              
        1.45233     2.86487e-08              
        1.45355     2.70571e-08              
        1.45477     3.02403e-08              
        1.45599     2.38739e-08              
        1.45721     3.02403e-08              
        1.45843     1.75076e-08              
        1.45965     1.27328e-08              
        1.46087     2.38739e-08              
        1.46209     2.22823e-08              
        1.46331     1.90992e-08              
        1.46453      1.5916e-08              
        1.46575     1.43244e-08              
        1.46698     1.90992e-08              
         1.4682     2.70571e-08              
        1.46942     1.43244e-08              
        1.47064     2.06908e-08              
        1.47186     1.75076e-08              
        1.47308     1.43244e-08              
         1.4743     1.90992e-08              
        1.47552     1.11412e-08              
        1.47674     2.38739e-08              
        1.47796     1.43244e-08              
        1.47918     2.06908e-08              
         1.4804     2.06908e-08              
        1.48162      1.5916e-08              
        1.48284      1.5916e-08              
        1.48407     2.22823e-08              
         1.4853      1.5916e-08              
        1.48652     3.18319e-08              
        1.48774     1.75076e-08              
        1.48896     1.27328e-08              
        1.49018     2.38739e-08              
         1.4914     2.54655e-08              
        1.49262     2.22823e-08              
