        1.09832     2.86487e-08              
        1.09954     3.02403e-08              
        1.10076     2.70571e-08              
        1.10198     4.29731e-08              
        1.10322     2.86487e-08              
        1.10444     3.02403e-08              
        1.10566     2.38739e-08              
        1.10688     4.13815e-08              
         1.1081     3.34235e-08              
        1.10932     2.70571e-08              
        1.11054     2.54655e-08              
        1.11176     2.38739e-08              
        1.11298     2.86487e-08              
         1.1142     2.22823e-08              
        1.11542     2.06908e-08              
        1.11664     3.81983e-08              
        1.11786     4.45647e-08              
        1.11908     3.81983e-08              
        1.12031     2.70571e-08              
        1.12153      1.5916e-08              
        1.12275     2.54655e-08              
        1.12397     3.34235e-08              
        1.12519     3.18319e-08              
        1.12641     3.97899e-08              
        1.12763     2.70571e-08              
        1.12885     3.97899e-08              
        1.13007     3.66067e-08              
        1.13129     2.38739e-08              
        1.13251     3.02403e-08              
        1.13373     1.75076e-08              
        1.13495     2.86487e-08              
        1.13617     3.02403e-08              
        1.13739     3.34235e-08              
        1.13861     3.34235e-08              
        1.13983     2.54655e-08              
        1.14105     2.06908e-08              
        1.14227     2.38739e-08              
        1.14349     1.43244e-08              
        1.14471     2.38739e-08              
        1.14593     2.06908e-08              
        1.14715     3.66067e-08              
        1.14837     2.54655e-08              
        1.14959     2.06908e-08              
        1.15081     3.18319e-08              
        1.15203     4.13815e-08              
        1.15325     2.22823e-08              
        1.15448     1.27328e-08              
         1.1557     1.90992e-08              
        1.15692     2.86487e-08              
        1.15814     2.06908e-08              
        1.15936     2.70571e-08              
        1.16058     3.02403e-08              
         1.1618     2.06908e-08              
        1.16302     2.86487e-08              
        1.16424     3.02403e-08              
        1.16546     2.70571e-08              
        1.16668     2.22823e-08              
         1.1679     3.02403e-08              
        1.16912     3.02403e-08              
        1.17034     2.38739e-08              
        1.17157     3.34235e-08              
         1.1728     1.11412e-08              
        1.17402     2.06908e-08              
        1.17524     3.34235e-08              
        1.17646     2.38739e-08              
        1.17768     2.86487e-08              
         1.1789     2.06908e-08              
        1.18012     3.18319e-08              
        1.18134     1.11412e-08              
        1.18256     1.90992e-08              
        1.18378     4.13815e-08              
          1.185     3.02403e-08              
        1.18622     2.22823e-08              
        1.18744     2.54655e-08              
        1.18866     2.38739e-08              
        1.18989     4.45647e-08              
        1.19111     2.86487e-08              
        1.19233     3.81983e-08              
        1.19355     2.86487e-08              
        1.19477     2.54655e-08              
        1.19599     3.18319e-08              
