        1.19721     3.02403e-08              
        1.19843     2.86487e-08              
        1.19965     3.66067e-08              
        1.20087     2.70571e-08              
        1.20209     3.18319e-08              
        1.20331     3.18319e-08              
        1.20453     2.38739e-08              
        1.20575     2.38739e-08              
        1.20697     2.22823e-08              
        1.20819     3.81983e-08              
        1.20941     2.54655e-08              
        1.21063     1.75076e-08              
        1.21185     2.06908e-08              
        1.21307     2.22823e-08              
        1.21429     2.22823e-08              
        1.21551     2.22823e-08              
        1.21673      1.5916e-08              
        1.21795     2.54655e-08              
        1.21917     2.06908e-08              
        1.22039     2.70571e-08              
        1.22161     2.54655e-08              
        1.22283     2.86487e-08              
        1.22406     2.38739e-08              
        1.22528     9.54958e-09              
         1.2265     2.38739e-08              
        1.22772     2.54655e-08              
        1.22894     3.02403e-08              
        1.23016     2.70571e-08              
        1.23138     2.38739e-08              
         1.2326     2.86487e-08              
        1.23382     2.86487e-08              
        1.23504     4.77479e-08              
        1.23626     4.45647e-08              
        1.23748     3.81983e-08              
         1.2387      1.5916e-08              
        1.23992     2.06908e-08              
        1.24115     2.22823e-08              
        1.24238     1.75076e-08              
         1.2436     2.54655e-08              
        1.24482     2.38739e-08              
        1.24604     2.70571e-08              
        1.24726     3.02403e-08              
        1.24848     2.54655e-08              
         1.2497     3.81983e-08              
        1.25091     2.06908e-08              
        1.25213     3.34235e-08              
        1.25335     2.54655e-08              
        1.25457     3.18319e-08              
        1.25579     2.06908e-08              
        1.25701     2.54655e-08              
        1.25823     1.90992e-08              
        1.25947     3.34235e-08              
        1.26069     2.86487e-08              
        1.26191     2.86487e-08              
        1.26313     1.43244e-08              
        1.26435     2.06908e-08              
        1.26557     2.54655e-08              
        1.26679     3.18319e-08              
        1.26801     2.38739e-08              
        1.26923     3.02403e-08              
        1.27045      1.5916e-08              
        1.27167     1.90992e-08              
        1.27289     4.29731e-08              
        1.27411     1.75076e-08              
        1.27533      1.5916e-08              
        1.27656     2.38739e-08              
        1.27778     2.38739e-08              
          1.279     2.70571e-08              
        1.28022     2.06908e-08              
        1.28144     3.18319e-08              
        1.28266     2.54655e-08              
        1.28388     2.38739e-08              
         1.2851     3.34235e-08              
        1.28632     4.77479e-08              
        1.28754     1.90992e-08              
        1.28876     2.70571e-08              
        1.28998     1.75076e-08              
         1.2912     2.86487e-08              
        1.29242     2.54655e-08              
        1.29364     2.38739e-08              
        1.29486     2.70571e-08              
