        1.79046     2.54655e-08              
        1.79168     2.06908e-08              
         1.7929     6.36639e-09              
        1.79412     2.06908e-08              
        1.79534     9.54958e-09              
        1.79657     1.43244e-08              
         1.7978     1.27328e-08              
        1.79902     1.90992e-08              
        1.80024      1.5916e-08              
        1.80146     2.38739e-08              
        1.80268     9.54958e-09              
         1.8039     3.02403e-08              
        1.80512     1.43244e-08              
        1.80634     1.90992e-08              
        1.80756     2.06908e-08              
        1.80878     1.90992e-08              
           1.81     2.22823e-08              
        1.81122     2.06908e-08              
        1.81244     1.75076e-08              
        1.81366      1.5916e-08              
        1.81489      1.5916e-08              
        1.81611     1.43244e-08              
        1.81733     6.36639e-09              
        1.81855     2.06908e-08              
        1.81977     2.38739e-08              
        1.82099     1.75076e-08              
        1.82221     9.54958e-09              
        1.82343     1.90992e-08              
        1.82465     9.54958e-09              
        1.82587     1.11412e-08              
        1.82709     2.06908e-08              
        1.82831     2.86487e-08              
        1.82953      1.5916e-08              
        1.83075     2.22823e-08              
        1.83197     1.27328e-08              
        1.83319     1.90992e-08              
        1.83441     1.75076e-08              
        1.83563     1.43244e-08              
        1.83685     2.22823e-08              
        1.83807     1.27328e-08              
        1.83929     7.95798e-09              
        1.84051     1.75076e-08              
        1.84173     2.22823e-08              
        1.84295     1.11412e-08              
        1.84417     1.90992e-08              
        1.84539     2.22823e-08              
        1.84661     1.43244e-08              
        1.84783     1.75076e-08              
        1.84906     2.22823e-08              
        1.85028     1.90992e-08              
         1.8515     1.43244e-08              
        1.85272     2.86487e-08              
        1.85394     1.75076e-08              
        1.85516     2.06908e-08              
        1.85638     1.75076e-08              
         1.8576     1.11412e-08              
        1.85882     1.90992e-08              
        1.86004     1.11412e-08              
        1.86126     2.86487e-08              
        1.86248     1.11412e-08              
         1.8637     1.11412e-08              
        1.86492     6.36639e-09              
        1.86615     1.43244e-08              
        1.86738     1.11412e-08              
         1.8686      1.5916e-08              
        1.86982      1.5916e-08              
        1.87104     1.11412e-08              
        1.87226     2.54655e-08              
        1.87348     3.02403e-08              
         1.8747     1.43244e-08              
        1.87591     1.90992e-08              
        1.87713     2.06908e-08              
        1.87835     1.27328e-08              
        1.87957     1.75076e-08              
        1.88079     1.90992e-08              
        1.88201     1.43244e-08              
        1.88323     1.75076e-08              
        1.88447     2.38739e-08              
        1.88569     1.11412e-08              
        1.88691      1.5916e-08              
        1.88813     2.70571e-08              
