        1.49384     2.54655e-08              
        1.49506     2.86487e-08              
        1.49628     2.86487e-08              
         1.4975      1.5916e-08              
        1.49872     3.50151e-08              
        1.49994     2.86487e-08              
        1.50116     2.06908e-08              
        1.50239     1.75076e-08              
        1.50361     1.43244e-08              
        1.50483      1.5916e-08              
        1.50605     2.22823e-08              
        1.50727     1.75076e-08              
        1.50849     2.22823e-08              
        1.50971      1.5916e-08              
        1.51093     1.90992e-08              
        1.51215     1.11412e-08              
        1.51337     2.54655e-08              
        1.51459     2.06908e-08              
        1.51581     2.38739e-08              
        1.51703     1.43244e-08              
        1.51825     2.54655e-08              
        1.51947      1.5916e-08              
        1.52069     2.70571e-08              
        1.52191     2.06908e-08              
        1.52313     7.95798e-09              
        1.52435     1.75076e-08              
        1.52557     1.90992e-08              
        1.52679      1.5916e-08              
        1.52801     2.06908e-08              
        1.52923     2.06908e-08              
        1.53045     2.54655e-08              
        1.53167     3.34235e-08              
        1.53289     1.75076e-08              
        1.53411     1.11412e-08              
        1.53533     1.75076e-08              
        1.53656     1.43244e-08              
        1.53778     1.90992e-08              
          1.539     1.75076e-08              
        1.54022     3.18319e-08              
        1.54144     2.54655e-08              
        1.54266     2.70571e-08              
        1.54388     7.95798e-09              
         1.5451     2.06908e-08              
        1.54632     2.86487e-08              
        1.54754     2.86487e-08              
        1.54876     1.90992e-08              
        1.54998     2.06908e-08              
         1.5512     1.75076e-08              
        1.55242     2.06908e-08              
        1.55365     1.90992e-08              
        1.55488     2.06908e-08              
         1.5561     2.86487e-08              
        1.55732     2.54655e-08              
        1.55854     3.34235e-08              
        1.55976     1.27328e-08              
        1.56098     1.27328e-08              
         1.5622     2.38739e-08              
        1.56341     1.90992e-08              
        1.56463     2.22823e-08              
        1.56585     2.22823e-08              
        1.56707     1.75076e-08              
        1.56829     1.43244e-08              
        1.56951     2.22823e-08              
        1.57073     1.75076e-08              
        1.57197     1.27328e-08              
        1.57319     1.90992e-08              
        1.57441     1.90992e-08              
        1.57563     1.75076e-08              
        1.57685      1.5916e-08              
        1.57807     1.43244e-08              
        1.57929     2.70571e-08              
        1.58051     2.54655e-08              
        1.58173     2.06908e-08              
        1.58295     2.22823e-08              
        1.58417     2.54655e-08              
        1.58539     2.06908e-08              
        1.58661      1.5916e-08              
        1.58783     1.75076e-08              
        1.58906     1.90992e-08              
        1.59028     2.22823e-08              
         1.5915     1.75076e-08              
