        1.69158     1.75076e-08              
        1.69281     2.54655e-08              
        1.69403     2.86487e-08              
        1.69525     1.90992e-08              
        1.69647     1.75076e-08              
        1.69769     1.75076e-08              
        1.69891     2.06908e-08              
        1.70013     3.02403e-08              
        1.70135     9.54958e-09              
        1.70257     2.22823e-08              
        1.70379     2.22823e-08              
        1.70501     1.75076e-08              
        1.70623     7.95798e-09              
        1.70745     3.18319e-08              
        1.70867     1.75076e-08              
         1.7099      1.5916e-08              
        1.71113     2.86487e-08              
        1.71235     2.06908e-08              
        1.71357      1.5916e-08              
        1.71479     1.90992e-08              
        1.71601     1.43244e-08              
        1.71723     1.90992e-08              
        1.71845     1.90992e-08              
        1.71966     1.43244e-08              
        1.72088     2.38739e-08              
         1.7221     1.11412e-08              
        1.72332     2.54655e-08              
        1.72454     2.22823e-08              
        1.72576     2.70571e-08              
        1.72698     2.06908e-08              
        1.72822      1.5916e-08              
        1.72944     1.27328e-08              
        1.73066     2.54655e-08              
        1.73188     1.27328e-08              
         1.7331     1.90992e-08              
        1.73432      1.5916e-08              
        1.73554     2.22823e-08              
        1.73676      1.5916e-08              
        1.73798     1.75076e-08              
         1.7392     6.36639e-09              
        1.74042     2.38739e-08              
        1.74164     1.27328e-08              
        1.74286     1.90992e-08              
        1.74408     9.54958e-09              
        1.74531     1.90992e-08              
        1.74653     2.38739e-08              
        1.74775     7.95798e-09              
        1.74897     2.70571e-08              
        1.75019     1.75076e-08              
        1.75141     2.70571e-08              
        1.75263     7.95798e-09              
        1.75385     2.06908e-08              
        1.75507     1.75076e-08              
        1.75629     1.75076e-08              
        1.75751     2.06908e-08              
        1.75873     1.27328e-08              
        1.75995     2.06908e-08              
        1.76117     1.75076e-08              
        1.76239     1.90992e-08              
        1.76361     2.22823e-08              
        1.76483     1.27328e-08              
        1.76605     1.90992e-08              
        1.76727     2.22823e-08              
        1.76849     2.06908e-08              
        1.76971     1.75076e-08              
        1.77093      1.5916e-08              
        1.77215     1.27328e-08              
        1.77337     7.95798e-09              
        1.77459     1.11412e-08              
        1.77581     2.38739e-08              
        1.77703     2.22823e-08              
        1.77825     1.90992e-08              
        1.77948     1.75076e-08              
         1.7807      1.5916e-08              
        1.78192     1.90992e-08              
        1.78314     1.43244e-08              
        1.78436     1.90992e-08              
        1.78558     1.90992e-08              
         1.7868     2.70571e-08              
        1.78802     2.06908e-08              
        1.78924     1.27328e-08              
