       0.999451     3.18319e-08              
        1.00067     1.90992e-08              
        1.00189     3.81983e-08              
        1.00311     3.18319e-08              
        1.00433     4.45647e-08              
        1.00555     3.18319e-08              
        1.00677     3.02403e-08              
        1.00799     2.38739e-08              
        1.00921     3.66067e-08              
        1.01043     3.66067e-08              
        1.01165     3.81983e-08              
        1.01287     4.29731e-08              
        1.01409     3.50151e-08              
        1.01531     3.81983e-08              
        1.01655     4.29731e-08              
        1.01777     3.18319e-08              
        1.01899     2.70571e-08              
        1.02021     2.70571e-08              
        1.02143     3.34235e-08              
        1.02265     3.02403e-08              
        1.02387     3.50151e-08              
        1.02509     3.34235e-08              
        1.02631     3.18319e-08              
        1.02753     3.50151e-08              
        1.02875     4.13815e-08              
        1.02997     4.61563e-08              
        1.03119     2.86487e-08              
        1.03241     4.29731e-08              
        1.03364     3.02403e-08              
        1.03486     2.54655e-08              
        1.03608     2.54655e-08              
         1.0373     2.54655e-08              
        1.03852     4.13815e-08              
        1.03974     2.54655e-08              
        1.04096     3.81983e-08              
        1.04218     4.13815e-08              
         1.0434     2.22823e-08              
        1.04462     3.97899e-08              
        1.04584     3.66067e-08              
        1.04706     2.86487e-08              
        1.04828     3.81983e-08              
         1.0495     3.18319e-08              
        1.05072     1.90992e-08              
        1.05194     2.22823e-08              
        1.05316     2.86487e-08              
        1.05438     2.86487e-08              
         1.0556     2.54655e-08              
        1.05682     2.06908e-08              
        1.05804     3.66067e-08              
        1.05926     3.66067e-08              
        1.06048     2.54655e-08              
         1.0617     3.50151e-08              
        1.06292     1.90992e-08              
        1.06414     2.22823e-08              
        1.06536     2.70571e-08              
        1.06658     2.54655e-08              
        1.06781     2.38739e-08              
        1.06903     2.06908e-08              
        1.07025     4.13815e-08              
        1.07147     3.97899e-08              
        1.07269     4.45647e-08              
        1.07391     1.90992e-08              
        1.07513     3.18319e-08              
        1.07635     2.06908e-08              
        1.07757     4.93395e-08              
        1.07879     3.50151e-08              
        1.08001     2.86487e-08              
        1.08123     2.54655e-08              
        1.08245     2.38739e-08              
        1.08367     2.38739e-08              
         1.0849     3.34235e-08              
        1.08613     2.54655e-08              
        1.08735     2.86487e-08              
        1.08857     3.18319e-08              
        1.08979     3.18319e-08              
        1.09101     3.02403e-08              
        1.09223     3.50151e-08              
        1.09345     2.22823e-08              
        1.09466     3.97899e-08              
        1.09588     4.93395e-08              
         1.0971     3.34235e-08              
