        1.59272     1.11412e-08              
        1.59394     1.75076e-08              
        1.59516     1.90992e-08              
        1.59638     2.06908e-08              
         1.5976     1.43244e-08              
        1.59882     2.06908e-08              
        1.60004      1.5916e-08              
        1.60126     2.70571e-08              
        1.60248     2.06908e-08              
         1.6037     2.22823e-08              
        1.60492      1.5916e-08              
        1.60614     1.75076e-08              
        1.60736     1.75076e-08              
        1.60858     1.90992e-08              
         1.6098     2.86487e-08              
        1.61102     2.54655e-08              
        1.61224     1.75076e-08              
        1.61346     2.38739e-08              
        1.61468     1.90992e-08              
         1.6159     2.70571e-08              
        1.61712     2.38739e-08              
        1.61834     1.43244e-08              
        1.61956     2.70571e-08              
        1.62078      1.5916e-08              
          1.622     2.54655e-08              
        1.62323     1.75076e-08              
        1.62445     3.02403e-08              
        1.62567     2.22823e-08              
        1.62689     2.06908e-08              
        1.62811      1.5916e-08              
        1.62933      1.5916e-08              
        1.63055     2.54655e-08              
        1.63177     2.22823e-08              
        1.63299     2.38739e-08              
        1.63421     2.06908e-08              
        1.63543     3.18319e-08              
        1.63665     1.75076e-08              
        1.63787     2.86487e-08              
        1.63909     1.27328e-08              
        1.64031     2.06908e-08              
        1.64155     2.54655e-08              
        1.64277     1.90992e-08              
        1.64399     1.75076e-08              
        1.64521     2.70571e-08              
        1.64643     1.11412e-08              
        1.64765     1.27328e-08              
        1.64887     1.90992e-08              
        1.65009     2.06908e-08              
        1.65131     2.22823e-08              
        1.65253     2.70571e-08              
        1.65375     2.38739e-08              
        1.65497     7.95798e-09              
        1.65619     2.22823e-08              
        1.65741     7.95798e-09              
        1.65864     2.06908e-08              
        1.65986     1.90992e-08              
        1.66108     2.22823e-08              
         1.6623     1.75076e-08              
        1.66352     3.02403e-08              
        1.66474     2.06908e-08              
        1.66596     1.27328e-08              
        1.66718     1.43244e-08              
         1.6684     2.38739e-08              
        1.66962      1.5916e-08              
        1.67084     2.06908e-08              
        1.67206      1.5916e-08              
        1.67328     1.27328e-08              
         1.6745     1.75076e-08              
        1.67572     1.27328e-08              
        1.67694     1.11412e-08              
        1.67816      1.5916e-08              
        1.67938     1.90992e-08              
         1.6806     1.90992e-08              
        1.68182     1.90992e-08              
        1.68304     1.90992e-08              
        1.68426     2.22823e-08              
        1.68548     1.90992e-08              
         1.6867     2.22823e-08              
        1.68792      1.5916e-08              
        1.68914     1.75076e-08              
        1.69036     2.54655e-08              
