       0.301208      4.1859e-07               
       0.302429     4.26548e-07               
        0.30365     3.89941e-07               
        0.30487     3.89941e-07               
       0.306091     3.53334e-07               
       0.307312     3.72434e-07               
       0.308533     3.46968e-07               
       0.309754     3.96307e-07               
       0.310974       3.788e-07               
       0.312195     3.97899e-07               
       0.313416     3.50151e-07               
       0.314636     3.31052e-07               
       0.315857     3.54926e-07               
       0.317078     3.56518e-07               
       0.318299     3.72434e-07               
       0.319519     3.45376e-07               
        0.32074     3.70842e-07               
        0.32196     3.62884e-07               
       0.323181     3.45376e-07               
       0.324402     3.45376e-07               
       0.325623     3.46968e-07               
       0.326843      3.2946e-07               
       0.328064      3.2946e-07               
       0.329284     3.26277e-07               
       0.330506     2.84896e-07               
       0.331726     3.40602e-07               
       0.332947     3.11953e-07               
       0.334168     3.03995e-07               
       0.335388     3.66067e-07               
       0.336609     3.59701e-07               
        0.33783     3.50151e-07               
        0.33905     3.23094e-07               
       0.340271     3.91533e-07               
       0.341492      3.4856e-07               
       0.342712     3.07178e-07               
       0.343933     3.21502e-07               
       0.345154      3.0877e-07               
       0.346375     2.96037e-07               
       0.347595      3.4856e-07               
       0.348816     2.96037e-07               
       0.350036     2.83304e-07               
       0.351257     2.83304e-07               
       0.352478     3.24686e-07               
       0.353699     2.89671e-07               
       0.354919     2.97629e-07               
        0.35614     2.94445e-07               
       0.357361     3.42193e-07               
       0.358581     3.02403e-07               
       0.359802     2.80121e-07               
       0.361023     3.05587e-07               
       0.362243     3.07178e-07               
       0.363464     2.53064e-07               
       0.364685     2.76938e-07               
       0.365906     2.54655e-07               
       0.367127     2.76938e-07               
       0.368347     2.40331e-07               
       0.369568     2.64205e-07               
       0.370788     2.40331e-07               
       0.372009     2.75346e-07               
        0.37323     2.62613e-07               
       0.374451     2.94445e-07               
       0.375671     2.54655e-07               
       0.376892      2.5943e-07               
       0.378113     2.33965e-07               
       0.379333     2.41923e-07               
       0.380554      2.6898e-07               
       0.381775     2.67388e-07               
       0.382995     2.67388e-07               
       0.384216     2.40331e-07               
       0.385437     2.43514e-07               
       0.386658     2.76938e-07               
       0.387879     2.64205e-07               
       0.389099     2.33965e-07               
        0.39032     2.38739e-07               
       0.391541     2.62613e-07               
       0.392761     2.33965e-07               
       0.393982     2.61022e-07               
       0.395203     2.38739e-07               
       0.396424     2.80121e-07               
       0.397644      2.6898e-07               
       0.398865     2.06908e-07               
       0.400085     2.54655e-07               
       0.401306     2.46697e-07               
       0.402527     2.16457e-07               
       0.403748     2.78529e-07               
       0.404968      2.2919e-07               
       0.406189     2.13274e-07               
       0.407409     2.46697e-07               
       0.408631     2.41923e-07               
       0.409851     2.46697e-07               
       0.411072     2.21232e-07               
       0.412293     2.48289e-07               
       0.413513     2.61022e-07               
       0.414734     2.41923e-07               
       0.415955     1.76667e-07               
       0.417175      2.6898e-07               
       0.418396     2.41923e-07               
       0.419617     2.27598e-07               
       0.420837     2.06908e-07               
       0.422058     2.35556e-07               
       0.423279     2.33965e-07               
         0.4245     2.16457e-07               
        0.42572     2.24415e-07               
       0.426941     2.30781e-07               
       0.428161     1.81442e-07               
       0.429383     2.16457e-07               
       0.430603     2.33965e-07               
       0.431824     2.02133e-07               
       0.433044     2.43514e-07               
       0.434265     2.10091e-07               
       0.435486     2.14866e-07               
       0.436706     2.11682e-07               
       0.437927     2.02133e-07               
       0.439148     2.10091e-07               
       0.440368     2.13274e-07               
       0.441589     2.61022e-07               
        0.44281     2.24415e-07               
       0.444031     1.92583e-07               
       0.445252     2.13274e-07               
       0.446472     1.70301e-07               
       0.447693     2.16457e-07               
       0.448913     2.00541e-07               
       0.450134     2.11682e-07               
       0.451355     2.30781e-07               
       0.452576     2.40331e-07               
       0.453796     1.83034e-07               
       0.455017     1.94175e-07               
       0.456238     1.94175e-07               
       0.457458     1.83034e-07               
       0.458679     2.18049e-07               
         0.4599     1.97358e-07               
        0.46112     2.06908e-07               
       0.462341     1.94175e-07               
       0.463562     2.21232e-07               
       0.464783     2.27598e-07               
       0.466004     1.70301e-07               
       0.467224     1.90992e-07               
       0.468445     2.35556e-07               
       0.469666     1.90992e-07               
       0.470886      1.9895e-07               
       0.472107     1.95766e-07               
       0.473328     1.67118e-07               
       0.474549      1.9895e-07               
       0.475769     1.94175e-07               
        0.47699     1.97358e-07               
        0.47821     2.10091e-07               
       0.479431     2.14866e-07               
       0.480652     1.76667e-07               
       0.481873     2.02133e-07               
       0.483093     2.02133e-07               
       0.484314     1.67118e-07               
       0.485534     1.97358e-07               
       0.486756     1.95766e-07               
       0.487976     1.86217e-07               
       0.489197     2.05316e-07               
       0.490418     1.84625e-07               
       0.491638     1.81442e-07               
       0.492859       1.894e-07               
        0.49408     1.86217e-07               
         0.4953     1.57568e-07               
       0.496521     1.92583e-07               
       0.497742     1.63934e-07               
       0.498962     1.70301e-07               
       0.500183     2.94445e-07               
       0.501404     1.97358e-07               
       0.502625     1.87808e-07               
       0.503845     1.44835e-07               
       0.505066     1.81442e-07               
       0.506287     2.00541e-07               
       0.507507     1.67118e-07               
       0.508728      2.1964e-07               
       0.509949     1.95766e-07               
        0.51117     5.65335e-06               
        0.51239     1.76667e-07               
       0.513611     1.55976e-07               
       0.514831     1.60751e-07               
       0.516052     1.71892e-07               
       0.517273     1.52793e-07               
       0.518493     1.94175e-07               
       0.519715     1.43244e-07               
       0.520935      1.4006e-07               
       0.522156       1.894e-07               
       0.523376      1.7985e-07               
       0.524597     1.55976e-07               
       0.525818     1.46427e-07               
       0.527038     1.62343e-07               
       0.528259     1.51202e-07               
        0.52948     1.67118e-07               
       0.530701     1.52793e-07               
       0.531921     1.44835e-07               
       0.533142     1.84625e-07               
       0.534363     1.94175e-07               
       0.535583     1.75076e-07               
       0.536804     1.46427e-07               
       0.538025     1.78259e-07               
       0.539246     1.41652e-07               
       0.540466     1.22553e-07               
       0.541687      1.5916e-07               
       0.542908     1.57568e-07               
       0.544129     1.25736e-07               
       0.545349     1.00271e-07               
        0.54657      1.4006e-07               
       0.547791     1.57568e-07               
       0.549011     1.83034e-07               
       0.550232     1.28919e-07               
       0.551453     1.43244e-07               
       0.552674     1.52793e-07               
       0.553894     1.20961e-07               
       0.555115      1.4961e-07               
       0.556336     1.43244e-07               
       0.557556     1.63934e-07               
       0.558777     1.28919e-07               
       0.559997     1.44835e-07               
       0.561218     1.90992e-07               
       0.562439     2.21232e-07               
       0.563659     1.71892e-07               
       0.564881     1.67118e-07               
       0.566101     1.55976e-07               
       0.567322     1.38469e-07               
       0.568542     1.27328e-07               
       0.569763     1.32102e-07               
       0.570984     1.70301e-07               
       0.572205      1.5916e-07               
       0.573425     1.52793e-07               
       0.574646     1.70301e-07               
       0.575867     1.30511e-07               
       0.577087     1.24145e-07               
       0.578308     1.20961e-07               
       0.579529     1.54385e-07               
        0.58075     1.48018e-07               
        0.58197     1.36877e-07               
       0.583191     1.46427e-07               
       0.584412     1.43244e-07               
       0.585633     1.48018e-07               
       0.586853     1.28919e-07               
       0.588074     1.20961e-07               
       0.589295     1.48018e-07               
       0.590515     1.48018e-07               
       0.591736      1.5916e-07               
       0.592956     1.44835e-07               
       0.594177     1.54385e-07               
       0.595398     1.48018e-07               
       0.596618     1.48018e-07               
        0.59784     1.38469e-07               
        0.59906     1.33694e-07               
