       0.350036     2.22823e-07               
       0.351257      2.1964e-07               
       0.352478     3.02403e-07               
       0.353699     2.08499e-07               
       0.354919     2.05316e-07               
        0.35614     2.24415e-07               
       0.357361     2.18049e-07               
       0.358581     2.03724e-07               
       0.359802      2.2919e-07               
       0.361023     2.43514e-07               
       0.362243     1.95766e-07               
       0.363464     2.32373e-07               
       0.364685     2.13274e-07               
       0.365906     2.26007e-07               
       0.367127      2.2919e-07               
       0.368347     2.06908e-07               
       0.369568     1.97358e-07               
       0.370788      2.2919e-07               
       0.372009     2.10091e-07               
        0.37323     1.94175e-07               
       0.374451     1.97358e-07               
       0.375671     2.08499e-07               
       0.376892     2.26007e-07               
       0.378113     2.24415e-07               
       0.379333      1.7985e-07               
       0.380554     1.97358e-07               
       0.381775     2.11682e-07               
       0.382995     2.00541e-07               
       0.384216     1.94175e-07               
       0.385437     1.63934e-07               
       0.386658     1.70301e-07               
       0.387879     1.81442e-07               
       0.389099     1.70301e-07               
        0.39032     1.84625e-07               
       0.391541      2.1964e-07               
       0.392761     2.41923e-07               
       0.393982      1.9895e-07               
       0.395203     2.06908e-07               
       0.396424     1.95766e-07               
       0.397644     1.92583e-07               
       0.398865     2.02133e-07               
       0.400085     1.86217e-07               
       0.401306     1.95766e-07               
       0.402527     1.97358e-07               
       0.403748     2.05316e-07               
       0.404968     1.70301e-07               
       0.406189     2.30781e-07               
       0.407409     2.11682e-07               
       0.408631     1.62343e-07               
       0.409851     1.75076e-07               
       0.411072     1.70301e-07               
       0.412293     1.76667e-07               
       0.413513     1.48018e-07               
       0.414734     1.83034e-07               
       0.415955     1.76667e-07               
       0.417175     1.67118e-07               
       0.418396     1.62343e-07               
       0.419617     1.71892e-07               
       0.420837      1.9895e-07               
       0.422058      1.7985e-07               
       0.423279     1.52793e-07               
         0.4245     1.71892e-07               
        0.42572     1.71892e-07               
       0.426941     1.44835e-07               
       0.428161     1.46427e-07               
       0.429383     1.84625e-07               
       0.430603     1.73484e-07               
       0.431824     1.52793e-07               
       0.433044     1.75076e-07               
       0.434265     1.63934e-07               
       0.435486     1.68709e-07               
       0.436706     1.65526e-07               
       0.437927     1.32102e-07               
       0.439148     1.51202e-07               
       0.440368     1.54385e-07               
       0.441589     1.48018e-07               
        0.44281     1.75076e-07               
       0.444031      1.4961e-07               
       0.445252     1.63934e-07               
       0.446472     1.46427e-07               
       0.447693     1.68709e-07               
       0.448913     1.62343e-07               
       0.450134     1.65526e-07               
       0.451355     1.70301e-07               
       0.452576     1.57568e-07               
       0.453796     1.60751e-07               
       0.455017     1.54385e-07               
       0.456238     1.48018e-07               
       0.457458     1.75076e-07               
       0.458679     1.44835e-07               
         0.4599     1.24145e-07               
        0.46112     1.76667e-07               
       0.462341     1.68709e-07               
       0.463562     1.65526e-07               
       0.464783     1.57568e-07               
       0.466004     1.67118e-07               
       0.467224      1.9895e-07               
       0.468445     1.44835e-07               
       0.469666     1.63934e-07               
       0.470886     1.55976e-07               
       0.472107      1.4961e-07               
       0.473328     1.52793e-07               
       0.474549     1.48018e-07               
       0.475769     1.35286e-07               
        0.47699     1.60751e-07               
        0.47821     1.41652e-07               
       0.479431     1.35286e-07               
       0.480652     1.30511e-07               
       0.481873     1.43244e-07               
       0.483093     1.27328e-07               
       0.484314     1.46427e-07               
       0.485534     1.32102e-07               
       0.486756     1.35286e-07               
       0.487976     1.38469e-07               
       0.489197     1.57568e-07               
       0.490418     1.87808e-07               
       0.491638     1.25736e-07               
       0.492859     1.52793e-07               
        0.49408     1.35286e-07               
         0.4953      1.4006e-07               
       0.496521     1.51202e-07               
       0.497742     1.25736e-07               
       0.498962     1.54385e-07               
       0.500183     1.41652e-07               
       0.501404     9.23126e-08               
       0.502625     1.36877e-07               
       0.503845     1.33694e-07               
       0.505066     1.33694e-07               
       0.506287      1.4961e-07               
       0.507507     1.00271e-07               
       0.508728     1.24145e-07               
       0.509949     1.01862e-07               
        0.51117     6.02738e-06               
        0.51239     1.38469e-07               
       0.513611     1.08229e-07               
       0.514831      9.8679e-08               
       0.516052     8.11714e-08               
       0.517273      9.8679e-08               
       0.518493     1.00271e-07               
       0.519715     9.54958e-08               
       0.520935     1.22553e-07               
       0.522156     9.70874e-08               
       0.523376     8.75378e-08               
       0.524597     8.91294e-08               
       0.525818      1.1937e-07               
       0.527038     1.08229e-07               
       0.528259     1.25736e-07               
        0.52948     1.22553e-07               
       0.530701     9.39042e-08               
       0.531921     1.17778e-07               
       0.533142     9.54958e-08               
       0.534363      1.0982e-07               
       0.535583      8.2763e-08               
       0.536804     1.05045e-07               
       0.538025      9.8679e-08               
       0.539246      7.4805e-08               
       0.540466     9.39042e-08               
       0.541687     9.39042e-08               
       0.542908     1.01862e-07               
       0.544129      9.8679e-08               
       0.545349      9.8679e-08               
        0.54657     1.03454e-07               
       0.547791      9.8679e-08               
       0.549011     1.00271e-07               
       0.550232     1.01862e-07               
       0.551453     1.01862e-07               
       0.552674     8.43546e-08               
       0.553894     1.05045e-07               
       0.555115     1.06637e-07               
       0.556336     1.06637e-07               
       0.557556     9.39042e-08               
       0.558777     9.54958e-08               
       0.559997     1.03454e-07               
       0.561218     1.57568e-07               
       0.562439     1.54385e-07               
       0.563659     1.01862e-07               
       0.564881     1.00271e-07               
       0.566101     1.05045e-07               
       0.567322     9.54958e-08               
       0.568542     7.63966e-08               
       0.569763     7.95798e-08               
       0.570984     9.39042e-08               
       0.572205     1.06637e-07               
       0.573425      8.2763e-08               
       0.574646      1.0982e-07               
       0.575867     8.43546e-08               
       0.577087     7.16218e-08               
       0.578308     1.01862e-07               
       0.579529     1.08229e-07               
        0.58075      8.2763e-08               
        0.58197      9.0721e-08               
       0.583191     7.63966e-08               
       0.584412     7.79882e-08               
       0.585633     9.54958e-08               
       0.586853     8.43546e-08               
       0.588074     9.39042e-08               
       0.589295     9.70874e-08               
       0.590515     7.32134e-08               
       0.591736     1.08229e-07               
       0.592956     7.95798e-08               
       0.594177     7.00302e-08               
       0.595398     8.75378e-08               
       0.596618     8.11714e-08               
        0.59784     5.88891e-08               
        0.59906     7.95798e-08               
       0.600281     6.36639e-08               
       0.601501     8.75378e-08               
       0.602722     7.63966e-08               
       0.603943     9.54958e-08               
       0.605163     8.59462e-08               
       0.606384     6.52555e-08               
       0.607605     9.39042e-08               
       0.608826     7.95798e-08               
       0.610046     1.05045e-07               
       0.611267     7.95798e-08               
       0.612488     8.59462e-08               
       0.613708     8.43546e-08               
       0.614929     7.16218e-08               
        0.61615     9.23126e-08               
       0.617371      7.4805e-08               
       0.618591     7.95798e-08               
       0.619812     8.43546e-08               
       0.621033     7.00302e-08               
       0.622254     8.59462e-08               
       0.623474     7.32134e-08               
       0.624695      9.0721e-08               
       0.625916     6.52555e-08               
       0.627136     9.23126e-08               
       0.628357     7.16218e-08               
       0.629578      6.6847e-08               
       0.630799     6.52555e-08               
       0.632019      9.0721e-08               
        0.63324     6.84386e-08               
       0.634461     9.39042e-08               
       0.635681     7.95798e-08               
       0.636902     7.00302e-08               
       0.638122     6.84386e-08               
       0.639343     7.00302e-08               
       0.640564      8.2763e-08               
       0.641784      8.2763e-08               
       0.643006     8.11714e-08               
       0.644226     9.23126e-08               
       0.645447      7.4805e-08               
       0.646667     7.63966e-08               
       0.647888     7.16218e-08               
       0.649109     6.52555e-08               
