        4.60053     9.54958e-09               
        4.60175     7.95798e-09               
        4.60297     4.77479e-09               
        4.60419     3.18319e-09               
        4.60541     2.06908e-08               
        4.60663     1.11412e-08               
        4.60785      1.5916e-09               
        4.60907     3.18319e-09               
        4.61029     3.34235e-08               
        4.61151     7.95798e-09               
        4.61273     6.36639e-09               
        4.61395     6.36639e-09               
        4.61517     3.18319e-09               
        4.61639     4.77479e-09               
        4.61761      1.5916e-08               
        4.61883     6.36639e-09               
        4.62005     9.54958e-09               
        4.62127     3.18319e-09               
        4.62249     7.95798e-09               
        4.62371     7.95798e-09               
        4.62493     6.36639e-09               
        4.62615     4.77479e-09               
        4.62739     4.77479e-09               
        4.62861     3.18319e-09               
        4.62983     6.36639e-09               
        4.63105     4.77479e-09               
        4.63227     4.77479e-09               
        4.63349     9.54958e-09               
        4.63471     7.95798e-09               
        4.63593      1.5916e-09               
        4.63715     7.95798e-09               
        4.63837     6.36639e-09               
        4.63959     1.11412e-08               
        4.64081     1.27328e-08               
        4.64203     6.36639e-09               
        4.64325     4.77479e-09               
        4.64447     1.11412e-08               
        4.64569     6.36639e-09               
        4.64691     6.36639e-09               
        4.64813     7.95798e-09               
        4.64935     7.95798e-09               
        4.65057     7.95798e-09               
        4.65179     6.36639e-09               
        4.65301     9.54958e-09               
        4.65423     6.36639e-09               
        4.65545     6.36639e-09               
        4.65667     1.11412e-08               
        4.65789      1.5916e-09               
        4.65911     1.27328e-08               
        4.66033     4.77479e-09               
        4.66156     3.18319e-09               
        4.66279     4.77479e-09               
        4.66401      1.5916e-09               
        4.66523     4.77479e-09               
        4.66645     9.54958e-09               
        4.66767     7.95798e-09               
        4.66889     4.77479e-09               
        4.67011     1.27328e-08               
        4.67133     9.54958e-09               
        4.67255     3.18319e-09               
        4.67377     6.36639e-09               
        4.67499     3.18319e-09               
        4.67621     1.27328e-08               
        4.67743      1.5916e-09               
        4.67865     1.27328e-08               
        4.67988     6.36639e-09               
         4.6811     3.18319e-09               
        4.68232     9.54958e-09               
        4.68354     4.77479e-09               
        4.68476     6.36639e-09               
        4.68598     4.77479e-09               
         4.6872     6.36639e-09               
        4.68841     4.77479e-09               
        4.68963     3.18319e-09               
        4.69085     9.54958e-09               
        4.69207     6.36639e-09               
        4.69329     6.36639e-09               
        4.69451     6.36639e-09               
        4.69573     6.36639e-09               
        4.69696      1.5916e-09               
        4.69818     9.54958e-09               
         4.6994      1.5916e-09               
        4.70062     7.95798e-09               
        4.70184     1.27328e-08               
        4.70306     7.95798e-09               
        4.70428     7.95798e-09               
         4.7055     7.95798e-09               
        4.70672     3.18319e-09               
        4.70794     4.77479e-09               
        4.70916     3.02403e-08               
        4.71038     6.36639e-09               
         4.7116     9.54958e-09               
        4.71282               0               
        4.71406     9.54958e-09               
        4.71528     6.36639e-09               
         4.7165     9.54958e-09               
        4.71772     4.77479e-09               
        4.71894     6.36639e-09               
        4.72016     1.27328e-08               
        4.72138     7.95798e-09               
         4.7226     6.36639e-09               
        4.72382     4.77479e-09               
        4.72504     9.54958e-09               
        4.72626     9.54958e-09               
        4.72748     7.95798e-09               
         4.7287     1.11412e-08               
        4.72992     1.27328e-08               
        4.73114     1.43244e-08               
        4.73236     7.95798e-09               
        4.73358     7.95798e-09               
         4.7348     3.18319e-09               
        4.73602     1.27328e-08               
        4.73724     4.77479e-09               
        4.73846     1.27328e-08               
        4.73968     9.54958e-09               
         4.7409     6.36639e-09               
        4.74212     4.77479e-09               
        4.74334     7.95798e-09               
        4.74456     1.11412e-08               
        4.74578     7.95798e-09               
          4.747     1.11412e-08               
        4.74823     1.11412e-08               
        4.74946     3.18319e-09               
        4.75068     7.95798e-09               
         4.7519     6.36639e-09               
        4.75312     9.54958e-09               
        4.75434      1.5916e-09               
        4.75556     4.77479e-09               
        4.75678               0               
          4.758     6.36639e-09               
        4.75922     7.95798e-09               
        4.76044     9.54958e-09               
        4.76166     1.11412e-08               
        4.76288     1.43244e-08               
         4.7641     4.77479e-09               
        4.76532     4.77479e-09               
        4.76654     4.77479e-09               
        4.76776     6.36639e-09               
        4.76898     9.54958e-09               
         4.7702     7.95798e-09               
        4.77142     9.54958e-09               
        4.77264     6.36639e-09               
        4.77386     4.77479e-09               
        4.77508     4.77479e-09               
         4.7763     3.18319e-09               
        4.77752     7.95798e-09               
        4.77874     3.18319e-09               
        4.77996     3.18319e-09               
        4.78118     6.36639e-09               
         4.7824     6.36639e-09               
        4.78364     4.77479e-09               
        4.78486     3.18319e-09               
        4.78608     1.11412e-08               
         4.7873     1.27328e-08               
        4.78852     6.36639e-09               
        4.78974     6.36639e-09               
        4.79096     7.95798e-09               
        4.79218     4.77479e-09               
         4.7934     7.95798e-09               
        4.79462     4.77479e-09               
        4.79584     6.36639e-09               
        4.79706      1.5916e-08               
        4.79828     1.11412e-08               
         4.7995     9.54958e-09               
        4.80072     4.77479e-09               
        4.80194     7.95798e-09               
        4.80316     9.54958e-09               
        4.80438      1.5916e-08               
         4.8056     1.11412e-08               
        4.80682     1.11412e-08               
        4.80804     4.77479e-09               
        4.80926     7.95798e-09               
        4.81048     6.36639e-09               
         4.8117     6.36639e-09               
        4.81292     4.77479e-09               
        4.81414     9.54958e-09               
        4.81536     3.18319e-09               
        4.81658     9.54958e-09               
        4.81781     7.95798e-09               
        4.81904     7.95798e-09               
        4.82026     7.95798e-09               
        4.82148     9.54958e-09               
         4.8227     1.11412e-08               
        4.82392     4.77479e-09               
        4.82514     6.36639e-09               
        4.82636     3.18319e-09               
        4.82758     6.36639e-09               
         4.8288     4.77479e-09               
        4.83002     6.36639e-09               
        4.83124     6.36639e-09               
        4.83246     9.54958e-09               
        4.83368     9.54958e-09               
         4.8349     9.54958e-09               
        4.83613     4.77479e-09               
        4.83735     3.18319e-09               
        4.83857      1.5916e-09               
        4.83979     1.11412e-08               
        4.84101      1.5916e-09               
        4.84223     7.95798e-09               
        4.84345     6.36639e-09               
        4.84466     7.95798e-09               
        4.84588     3.18319e-09               
         4.8471     4.77479e-09               
        4.84832      1.5916e-09               
        4.84954     9.54958e-09               
        4.85076     4.77479e-09               
        4.85198     9.54958e-09               
        4.85321     9.54958e-09               
        4.85443     6.36639e-09               
        4.85565     9.54958e-09               
        4.85687     3.18319e-09               
        4.85809     3.18319e-09               
        4.85931      1.5916e-09               
        4.86053     6.36639e-09               
        4.86175     1.43244e-08               
        4.86297     3.18319e-09               
        4.86419     7.95798e-09               
        4.86541     7.95798e-09               
        4.86663     7.95798e-09               
        4.86785     3.18319e-09               
        4.86907     3.18319e-09               
        4.87031     3.18319e-09               
        4.87153               0               
        4.87275     6.36639e-09               
        4.87397     4.77479e-09               
        4.87519     1.43244e-08               
        4.87641     6.36639e-09               
        4.87763     4.77479e-09               
        4.87885     3.18319e-09               
        4.88007     6.36639e-09               
        4.88129     9.54958e-09               
        4.88251     1.43244e-08               
        4.88373     7.95798e-09               
        4.88495     4.77479e-09               
        4.88617     4.77479e-09               
        4.88739      1.5916e-09               
        4.88861     1.11412e-08               
        4.88983     4.77479e-09               
        4.89105     4.77479e-09               
        4.89227     9.54958e-09               
        4.89349     3.18319e-09               
        4.89471     4.77479e-09               
        4.89593     6.36639e-09               
        4.89715     7.95798e-09               
        4.89837     7.95798e-09               
        4.89959     9.54958e-09               
        4.90081     6.36639e-09               
        4.90203     6.36639e-09               
        4.90325     9.54958e-09               
        4.90448     3.18319e-09               
        4.90571      1.5916e-09               
        4.90693     7.95798e-09               
        4.90815     4.77479e-09               
        4.90937     3.18319e-09               
        4.91059     6.36639e-09               
        4.91181     7.95798e-09               
        4.91303     3.18319e-09               
        4.91425     6.36639e-09               
        4.91547     3.18319e-09               
        4.91669     4.77479e-09               
        4.91791     4.77479e-09               
        4.91913     4.77479e-09               
        4.92035     3.18319e-09               
        4.92157     9.54958e-09               
        4.92279     6.36639e-09               
        4.92401     4.77479e-09               
        4.92523     4.77479e-09               
        4.92645     4.77479e-09               
        4.92767     7.95798e-09               
        4.92889     4.77479e-09               
        4.93011     9.54958e-09               
        4.93133     7.95798e-09               
        4.93255      1.5916e-09               
        4.93377     6.36639e-09               
        4.93499               0               
        4.93621     4.77479e-09               
        4.93743     1.11412e-08               
        4.93865     1.11412e-08               
        4.93989     9.54958e-09               
        4.94111      1.5916e-09               
        4.94233     9.54958e-09               
        4.94355      1.5916e-09               
        4.94477     9.54958e-09               
        4.94599     9.54958e-09               
        4.94721     7.95798e-09               
        4.94843     6.36639e-09               
        4.94965     3.18319e-09               
        4.95087     6.36639e-09               
        4.95209     3.94716e-07               
        4.95331     4.61563e-08               
        4.95453     1.27328e-08               
        4.95575     1.27328e-08               
        4.95697     9.54958e-09               
        4.95819     1.11412e-08               
        4.95941     1.43244e-08               
        4.96063     7.95798e-09               
        4.96185     7.95798e-09               
        4.96307      1.5916e-08               
        4.96429     7.95798e-09               
        4.96551     7.95798e-09               
        4.96673     7.95798e-09               
        4.96795     9.54958e-09               
        4.96917     1.27328e-08               
        4.97039     4.77479e-09               
        4.97161     4.77479e-09               
        4.97283     6.36639e-09               
        4.97406      1.5916e-09               
        4.97529     9.54958e-09               
        4.97651     7.95798e-09               
        4.97773     6.36639e-09               
        4.97895     6.36639e-09               
        4.98017     6.36639e-09               
        4.98139     6.36639e-09               
        4.98261     9.54958e-09               
        4.98383     6.36639e-09               
        4.98505     7.95798e-09               
        4.98627     1.11412e-08               
        4.98749     9.54958e-09               
        4.98871     7.95798e-09               
        4.98993     7.95798e-09               
        4.99115     9.54958e-09               
        4.99238     9.54958e-09               
         4.9936     4.77479e-09               
        4.99482     3.18319e-09               
        4.99604     1.75076e-08               
        4.99726               0               
        4.99848      1.5916e-09               
         4.9997      1.5916e-08               
        5.00091     1.11412e-08               
        5.00213     3.18319e-09               
        5.00335     9.54958e-09               
        5.00457     1.27328e-08               
        5.00579     4.77479e-09               
        5.00701     7.95798e-09               
        5.00823      1.5916e-09               
        5.00946     6.36639e-09               
        5.01068     3.18319e-09               
         5.0119      1.5916e-09               
        5.01312     9.54958e-09               
        5.01434     6.36639e-09               
        5.01556     7.95798e-09               
        5.01678     4.77479e-09               
          5.018     7.95798e-09               
        5.01922     6.36639e-09               
        5.02044     9.54958e-09               
        5.02166     7.95798e-09               
        5.02288      1.5916e-09               
         5.0241      1.5916e-09               
        5.02532     4.77479e-09               
        5.02656     7.95798e-09               
        5.02778     4.77479e-09               
          5.029     6.36639e-09               
        5.03022     4.77479e-09               
        5.03144     1.11412e-08               
        5.03266     7.95798e-09               
        5.03388     9.54958e-09               
         5.0351     3.18319e-09               
        5.03632     4.77479e-09               
        5.03754     1.75076e-08               
        5.03876               0               
        5.03998     4.77479e-09               
         5.0412     3.18319e-09               
        5.04242     4.77479e-09               
        5.04364     7.95798e-09               
        5.04486      1.5916e-09               
        5.04608     4.77479e-09               
         5.0473     7.95798e-09               
        5.04852     7.95798e-09               
        5.04974     1.43244e-08               
        5.05096     1.11412e-08               
        5.05218     4.77479e-09               
         5.0534     6.36639e-09               
        5.05462     6.36639e-09               
        5.05584     6.36639e-09               
        5.05706     6.36639e-09               
        5.05828               0               
         5.0595     9.54958e-09               
        5.06073     3.18319e-09               
        5.06196     6.36639e-09               
        5.06318     6.36639e-09               
         5.0644     7.95798e-09               
        5.06562     6.36639e-09               
        5.06684     1.27328e-08               
        5.06806     4.77479e-09               
        5.06928     9.54958e-09               
         5.0705     6.36639e-09               
        5.07172     7.95798e-09               
        5.07294     1.43244e-08               
        5.07416     4.77479e-09               
        5.07538      1.5916e-09               
         5.0766     1.11412e-08               
        5.07782     1.43244e-08               
        5.07904               0               
        5.08026     7.95798e-09               
        5.08148     6.36639e-09               
         5.0827     4.77479e-09               
        5.08392     9.54958e-09               
        5.08514               0               
        5.08636     3.18319e-09               
        5.08758     6.36639e-09               
         5.0888     2.22823e-08               
        5.09002     6.36639e-09               
        5.09124     4.77479e-09               
        5.09246     6.36639e-09               
        5.09368     4.77479e-09               
         5.0949     6.36639e-09               
        5.09614     9.54958e-09               
        5.09736     1.27328e-08               
        5.09858     3.18319e-09               
         5.0998     3.18319e-09               
        5.10102      1.5916e-09               
        5.10224     6.36639e-09               
        5.10346     1.11412e-08               
        5.10468     7.95798e-09               
         5.1059     1.27328e-08               
        5.10712     9.54958e-09               
        5.10834     4.77479e-09               
        5.10956     3.18319e-09               
        5.11078     4.77479e-09               
          5.112     6.36639e-09               
        5.11322     3.18319e-09               
        5.11444      1.5916e-09               
        5.11566     1.11412e-08               
        5.11688      1.5916e-09               
         5.1181     9.54958e-09               
        5.11932     7.95798e-09               
        5.12054     4.77479e-09               
        5.12176     6.36639e-09               
        5.12298     7.95798e-09               
         5.1242     3.18319e-09               
        5.12542     1.11412e-08               
        5.12664     1.11412e-08               
        5.12786     4.77479e-09               
        5.12908     4.77479e-09               
        5.13031     1.27328e-08               
        5.13154     6.36639e-09               
        5.13276               0               
        5.13398      1.5916e-09               
         5.1352     7.95798e-09               
        5.13642     6.36639e-09               
        5.13764     6.36639e-09               
        5.13886     6.36639e-09               
        5.14008      1.5916e-09               
         5.1413     7.95798e-09               
        5.14252     3.18319e-09               
        5.14374     7.95798e-09               
        5.14496     3.18319e-09               
        5.14618     1.27328e-08               
         5.1474     1.11412e-08               
        5.14863     7.95798e-09               
        5.14985     9.54958e-09               
        5.15107      1.5916e-09               
        5.15229     3.18319e-09               
        5.15351     4.77479e-09               
        5.15473     6.36639e-09               
        5.15595      1.5916e-09               
        5.15716     3.18319e-09               
        5.15838      1.5916e-09               
         5.1596     1.11412e-08               
        5.16082     4.77479e-09               
        5.16204     6.36639e-09               
        5.16326     7.95798e-09               
        5.16448     7.95798e-09               
        5.16571      1.5916e-08               
        5.16693     7.95798e-09               
        5.16815     6.36639e-09               
        5.16937     7.95798e-09               
        5.17059     9.54958e-09               
        5.17181     7.95798e-09               
        5.17303     9.54958e-09               
        5.17425     4.77479e-09               
        5.17547     1.27328e-08               
        5.17669     3.18319e-09               
        5.17791     6.36639e-09               
        5.17913     1.11412e-08               
        5.18035     4.77479e-09               
        5.18157     6.36639e-09               
        5.18281     4.77479e-09               
        5.18403     1.11412e-08               
        5.18525     3.18319e-09               
        5.18647      1.5916e-08               
        5.18769     1.11412e-08               
        5.18891     1.11412e-08               
        5.19013     7.95798e-09               
        5.19135     4.77479e-09               
        5.19257      1.5916e-09               
        5.19379     9.54958e-09               
        5.19501     6.36639e-09               
        5.19623     3.18319e-09               
        5.19745     4.77479e-09               
        5.19867     4.77479e-09               
        5.19989     7.95798e-09               
        5.20111     7.95798e-09               
        5.20233      1.5916e-09               
        5.20355     9.54958e-09               
        5.20477     4.77479e-09               
        5.20599     9.54958e-09               
        5.20721     4.77479e-09               
        5.20843     7.95798e-09               
        5.20965      1.5916e-09               
        5.21087     6.36639e-09               
        5.21209               0               
        5.21331      1.5916e-09               
        5.21453     3.18319e-09               
        5.21575     4.77479e-09               
        5.21698     6.36639e-09               
        5.21821     6.36639e-09               
        5.21943     7.95798e-09               
        5.22065     7.95798e-09               
        5.22187     3.18319e-09               
        5.22309      1.5916e-09               
        5.22431     7.95798e-09               
        5.22553     4.77479e-09               
        5.22675     1.11412e-08               
        5.22797     6.36639e-09               
        5.22919     3.18319e-09               
        5.23041     7.95798e-09               
        5.23163     4.77479e-09               
        5.23285      1.5916e-09               
        5.23407      1.5916e-09               
        5.23529     3.18319e-09               
        5.23651     1.11412e-08               
        5.23773     7.95798e-09               
        5.23895      1.5916e-09               
        5.24017     4.77479e-09               
        5.24139     1.27328e-08               
        5.24261     3.18319e-09               
        5.24383     7.95798e-09               
        5.24505     3.18319e-09               
        5.24627     4.77479e-09               
        5.24749     9.54958e-09               
        5.24871     1.27328e-08               
        5.24993      1.5916e-09               
        5.25115     1.75076e-08               
        5.25239     6.36639e-09               
        5.25361     6.36639e-09               
        5.25483     7.95798e-09               
        5.25605     3.18319e-09               
        5.25727      1.5916e-09               
        5.25849     1.11412e-08               
        5.25971     4.77479e-09               
        5.26093     7.95798e-09               
        5.26215      1.5916e-09               
        5.26337     4.77479e-09               
        5.26459     9.54958e-09               
        5.26581     6.36639e-09               
        5.26703     6.36639e-09               
        5.26825     3.18319e-09               
        5.26947     9.54958e-09               
        5.27069     6.36639e-09               
        5.27191     7.95798e-09               
        5.27313     9.54958e-09               
        5.27435     3.18319e-09               
        5.27557     9.54958e-09               
        5.27679     3.18319e-09               
        5.27801     6.36639e-09               
        5.27923     7.95798e-09               
        5.28045     6.36639e-09               
        5.28167      1.5916e-09               
        5.28289     7.95798e-09               
        5.28411     7.95798e-09               
        5.28533     6.36639e-09               
        5.28656     3.18319e-09               
        5.28779     6.36639e-09               
        5.28901     7.95798e-09               
        5.29023     9.54958e-09               
        5.29145     9.54958e-09               
        5.29267     3.18319e-09               
        5.29389     6.36639e-09               
        5.29511      1.5916e-09               
        5.29633     6.36639e-09               
        5.29755     1.11412e-08               
        5.29877     4.77479e-09               
        5.29999     3.18319e-09               
        5.30121     3.18319e-09               
        5.30243               0               
        5.30365     9.54958e-09               
        5.30488     3.18319e-09               
         5.3061     3.18319e-09               
        5.30732     4.77479e-09               
        5.30854     1.11412e-08               
        5.30976     6.36639e-09               
        5.31098     4.77479e-09               
         5.3122     9.54958e-09               
        5.31341     6.36639e-09               
        5.31463     9.54958e-09               
        5.31585     7.95798e-09               
        5.31707      1.5916e-09               
        5.31829     7.95798e-09               
        5.31951     3.18319e-09               
        5.32073     3.18319e-09               
        5.32196     4.77479e-09               
        5.32318     9.54958e-09               
         5.3244     4.77479e-09               
        5.32562     3.18319e-09               
        5.32684     3.18319e-09               
        5.32806      1.5916e-09               
        5.32928     1.27328e-08               
         5.3305     6.36639e-09               
        5.33172     6.36639e-09               
        5.33294     6.36639e-09               
        5.33416     3.18319e-09               
        5.33538     6.36639e-09               
         5.3366     7.95798e-09               
        5.33782     3.18319e-09               
        5.33906     3.18319e-09               
        5.34028     4.77479e-09               
         5.3415      1.5916e-09               
        5.34272      1.5916e-09               
        5.34394     4.77479e-09               
        5.34516     7.95798e-09               
        5.34638     7.95798e-09               
         5.3476     9.54958e-09               
        5.34882     6.36639e-09               
        5.35004     3.18319e-09               
        5.35126               0               
        5.35248      1.5916e-09               
         5.3537     4.77479e-09               
        5.35492      1.5916e-09               
        5.35614     6.36639e-09               
        5.35736     9.54958e-09               
        5.35858     1.11412e-08               
         5.3598     3.18319e-09               
        5.36102     6.36639e-09               
        5.36224     3.18319e-09               
        5.36346      1.5916e-09               
        5.36468      1.5916e-09               
         5.3659               0               
        5.36712     4.77479e-09               
        5.36834     1.90992e-08               
        5.36956     4.77479e-09               
        5.37078     4.77479e-09               
          5.372     6.36639e-09               
        5.37323     4.77479e-09               
        5.37446     7.95798e-09               
        5.37568     6.36639e-09               
         5.3769     7.95798e-09               
        5.37812     4.77479e-09               
        5.37934     6.36639e-09               
        5.38056      1.5916e-09               
        5.38178     1.11412e-08               
          5.383     1.11412e-08               
        5.38422     6.36639e-09               
        5.38544     6.36639e-09               
        5.38666     6.36639e-09               
        5.38788               0               
         5.3891     4.77479e-09               
        5.39032     7.95798e-09               
        5.39154     3.18319e-09               
        5.39276     3.18319e-09               
        5.39398     1.27328e-08               
         5.3952      1.5916e-09               
        5.39642     9.54958e-09               
        5.39764     6.36639e-09               
        5.39886     3.18319e-09               
        5.40008     7.95798e-09               
         5.4013      1.5916e-09               
        5.40252      1.5916e-09               
        5.40374     1.11412e-08               
        5.40496     6.36639e-09               
        5.40618     9.54958e-09               
         5.4074     3.18319e-09               
        5.40864     4.77479e-09               
        5.40986     6.36639e-09               
        5.41108     7.95798e-09               
         5.4123     6.36639e-09               
        5.41352     3.18319e-09               
        5.41474     1.11412e-08               
        5.41596     7.95798e-09               
        5.41718      1.5916e-09               
         5.4184     9.54958e-09               
        5.41962     1.11412e-08               
        5.42084     6.36639e-09               
        5.42206     3.18319e-09               
        5.42328     1.11412e-08               
         5.4245     3.18319e-09               
        5.42572     4.77479e-09               
        5.42694     3.18319e-09               
        5.42816      1.5916e-09               
        5.42938     3.18319e-09               
         5.4306     4.77479e-09               
        5.43182     6.36639e-09               
        5.43304     1.43244e-08               
        5.43426     3.18319e-09               
        5.43548     4.77479e-09               
         5.4367     6.36639e-09               
        5.43792     4.77479e-09               
        5.43914      1.5916e-09               
        5.44036     6.36639e-09               
        5.44158     7.95798e-09               
        5.44281     4.77479e-09               
        5.44404     7.95798e-09               
        5.44526      1.5916e-09               
        5.44648     6.36639e-09               
         5.4477     7.95798e-09               
        5.44892     6.36639e-09               
        5.45014     7.95798e-09               
        5.45136     6.36639e-09               
        5.45258     6.36639e-09               
         5.4538      1.5916e-09               
        5.45502     4.77479e-09               
        5.45624     7.95798e-09               
        5.45746     9.54958e-09               
        5.45868     6.36639e-09               
         5.4599      1.5916e-09               
        5.46113      1.5916e-09               
        5.46235     7.95798e-09               
        5.46357     6.36639e-09               
        5.46479     3.18319e-09               
        5.46601     6.36639e-09               
        5.46723     4.77479e-09               
        5.46845     7.95798e-09               
        5.46966               0               
        5.47088               0               
         5.4721     6.36639e-09               
        5.47332      1.5916e-09               
        5.47454     3.18319e-09               
        5.47576      1.5916e-09               
        5.47698     9.54958e-09               
        5.47821     6.36639e-09               
        5.47943     6.36639e-09               
        5.48065     7.95798e-09               
        5.48187     9.54958e-09               
        5.48309     7.95798e-09               
        5.48431     4.77479e-09               
        5.48553     3.18319e-09               
        5.48675     4.77479e-09               
        5.48797     1.11412e-08               
        5.48919     3.18319e-09               
        5.49041     7.95798e-09               
        5.49163     1.11412e-08               
        5.49285      1.5916e-09               
        5.49407     6.36639e-09               
        5.49531     3.18319e-09               
        5.49653     3.18319e-09               
        5.49775     7.95798e-09               
        5.49897     6.36639e-09               
