        2.99042     1.35286e-08               
        2.99164     1.03454e-08               
        2.99286     1.03454e-08               
        2.99408     7.95798e-09               
        2.99531     1.51202e-08               
        2.99653      1.5916e-08               
        2.99775      1.1937e-08               
        2.99897     7.95798e-09               
        3.00019     1.11412e-08               
        3.00141     1.11412e-08               
        3.00263     1.03454e-08               
        3.00385     6.36639e-09               
        3.00507     1.03454e-08               
        3.00629     1.27328e-08               
        3.00751     7.95798e-09               
        3.00873     1.27328e-08               
        3.00995     9.54958e-09               
        3.01117     9.54958e-09               
        3.01239     7.16218e-09               
        3.01362     7.16218e-09               
        3.01484      1.1937e-08               
        3.01606     1.11412e-08               
        3.01728     7.95798e-09               
         3.0185     5.57059e-09               
        3.01972     3.18319e-09               
        3.02094      1.5916e-08               
        3.02216     1.11412e-08               
        3.02338     7.16218e-09               
         3.0246     1.43244e-08               
        3.02582     8.75378e-09               
        3.02704     1.67118e-08               
        3.02826     7.16218e-09               
        3.02948     1.03454e-08               
        3.03071     1.11412e-08               
        3.03193     1.35286e-08               
        3.03315     1.03454e-08               
        3.03437     8.75378e-09               
        3.03559     8.75378e-09               
        3.03681     7.16218e-09               
        3.03803     1.27328e-08               
        3.03925     1.11412e-08               
        3.04047     7.16218e-09               
        3.04169     1.35286e-08               
        3.04291     7.16218e-09               
        3.04413     9.54958e-09               
        3.04535      1.1937e-08               
        3.04657     1.11412e-08               
        3.04779     7.95798e-09               
        3.04901     1.27328e-08               
        3.05023     1.03454e-08               
        3.05145     9.54958e-09               
        3.05267     9.54958e-09               
        3.05389     1.27328e-08               
        3.05511     1.35286e-08               
        3.05633     9.54958e-09               
        3.05755     7.95798e-09               
        3.05877     8.75378e-09               
        3.05999     1.35286e-08               
        3.06121     5.57059e-09               
        3.06243     1.27328e-08               
        3.06365     1.35286e-08               
        3.06488     9.54958e-09               
         3.0661     1.27328e-08               
        3.06732     1.43244e-08               
        3.06854     1.03454e-08               
        3.06976     1.03454e-08               
        3.07098     7.95798e-09               
         3.0722     7.16218e-09               
        3.07342     1.03454e-08               
        3.07464     9.54958e-09               
        3.07586     8.75378e-09               
        3.07708     9.54958e-09               
         3.0783     6.36639e-09               
        3.07952     1.43244e-08               
        3.08074     1.35286e-08               
        3.08197     1.11412e-08               
        3.08319     6.36639e-09               
        3.08441     7.95798e-09               
        3.08563     1.27328e-08               
        3.08685     9.54958e-09               
        3.08807     1.11412e-08               
        3.08929     8.75378e-09               
        3.09051     1.90992e-08               
        3.09173     9.54958e-09               
        3.09295      1.1937e-08               
        3.09417     7.95798e-09               
        3.09539      1.5916e-08               
        3.09661     1.35286e-08               
        3.09783     7.95798e-09               
        3.09906     9.54958e-09               
        3.10028     8.75378e-09               
         3.1015     9.54958e-09               
        3.10272     8.75378e-09               
        3.10394     1.35286e-08               
        3.10516     1.03454e-08               
        3.10638     7.16218e-09               
         3.1076     8.75378e-09               
        3.10882     9.54958e-09               
        3.11004      1.5916e-08               
        3.11126     1.27328e-08               
        3.11248     1.51202e-08               
         3.1137      1.1937e-08               
        3.11492     1.27328e-08               
        3.11615     9.54958e-09               
        3.11738     1.67118e-08               
         3.1186     9.54958e-09               
        3.11982     8.75378e-09               
        3.12104     7.95798e-09               
        3.12226     8.75378e-09               
        3.12348     9.54958e-09               
         3.1247     9.54958e-09               
        3.12591     6.36639e-09               
        3.12713     7.16218e-09               
        3.12835     1.03454e-08               
        3.12957     1.11412e-08               
        3.13079     9.54958e-09               
        3.13201     1.27328e-08               
        3.13323     1.27328e-08               
        3.13447     1.03454e-08               
        3.13569     6.36639e-09               
        3.13691     1.67118e-08               
        3.13813     7.95798e-09               
        3.13935     2.86487e-08               
        3.14057     1.03454e-08               
        3.14179     1.27328e-08               
        3.14301     6.36639e-09               
        3.14423     7.16218e-09               
        3.14545     7.95798e-09               
        3.14667      1.1937e-08               
        3.14789     1.35286e-08               
        3.14911     1.11412e-08               
        3.15033     1.03454e-08               
        3.15156     1.35286e-08               
        3.15278     5.09311e-08               
          3.154     9.54958e-09               
        3.15522     1.35286e-08               
        3.15644     1.11412e-08               
        3.15766     9.54958e-09               
        3.15888     9.54958e-09               
         3.1601      1.1937e-08               
        3.16132     9.54958e-09               
        3.16254     7.16218e-09               
        3.16376     1.11412e-08               
        3.16498     7.16218e-09               
         3.1662     9.54958e-09               
        3.16742     1.03454e-08               
        3.16864     6.36639e-09               
        3.16987      1.1937e-08               
        3.17109     1.03454e-08               
        3.17231     1.03454e-08               
        3.17353     8.75378e-09               
        3.17475     1.03454e-08               
        3.17597     8.75378e-09               
        3.17719     1.03454e-08               
        3.17841     3.97899e-09               
        3.17963     1.03454e-08               
        3.18085     8.75378e-09               
        3.18207     1.83034e-08               
        3.18329     1.11412e-08               
        3.18451     6.36639e-09               
        3.18573     3.97899e-09               
        3.18696     7.16218e-09               
        3.18818     1.35286e-08               
         3.1894     9.54958e-09               
        3.19062     8.75378e-09               
        3.19184      1.1937e-08               
        3.19306     5.57059e-09               
        3.19428     1.27328e-08               
         3.1955     4.77479e-09               
        3.19672     1.03454e-08               
        3.19794     1.03454e-08               
        3.19916     7.16218e-09               
        3.20038     1.67118e-08               
         3.2016     8.75378e-09               
        3.20282     9.54958e-09               
        3.20404     1.43244e-08               
        3.20526     1.11412e-08               
        3.20648     7.16218e-09               
         3.2077     9.54958e-09               
        3.20892     1.03454e-08               
        3.21014     9.54958e-09               
        3.21136     7.16218e-09               
        3.21258     1.35286e-08               
         3.2138     8.75378e-09               
        3.21502     7.95798e-09               
        3.21624     8.75378e-09               
        3.21746     7.16218e-09               
        3.21868     1.67118e-08               
         3.2199     1.51202e-08               
        3.22113      1.1937e-08               
        3.22235     9.54958e-09               
        3.22357     1.83034e-08               
        3.22479     1.03454e-08               
        3.22601     1.03454e-08               
        3.22723     8.75378e-09               
        3.22845     7.95798e-09               
        3.22967     6.36639e-09               
        3.23089     1.11412e-08               
        3.23211     8.75378e-09               
        3.23333     3.97899e-09               
        3.23455      1.1937e-08               
        3.23577     1.03454e-08               
        3.23699     1.51202e-08               
        3.23822     1.03454e-08               
        3.23944     1.11412e-08               
        3.24066     7.16218e-09               
        3.24188     1.03454e-08               
         3.2431     1.03454e-08               
        3.24432     1.03454e-08               
        3.24554     1.11412e-08               
        3.24676     1.27328e-08               
        3.24798      1.5916e-08               
         3.2492     1.51202e-08               
