        5.15107     7.16218e-09               
        5.15229     3.18319e-09               
        5.15351     4.77479e-09               
        5.15473     6.36639e-09               
        5.15595     5.57059e-09               
        5.15716     4.77479e-09               
        5.15838     6.36639e-09               
         5.1596     7.16218e-09               
        5.16082     7.16218e-09               
        5.16204     7.95798e-09               
        5.16326     4.77479e-09               
        5.16448     4.77479e-09               
        5.16571     8.75378e-09               
        5.16693     6.36639e-09               
        5.16815     5.57059e-09               
        5.16937     1.11412e-08               
        5.17059     4.77479e-09               
        5.17181     1.03454e-08               
        5.17303     5.57059e-09               
        5.17425     5.57059e-09               
        5.17547     3.97899e-09               
        5.17669     3.97899e-09               
        5.17791      1.5916e-09               
        5.17913     6.36639e-09               
        5.18035     5.57059e-09               
        5.18157     3.97899e-09               
        5.18281     7.16218e-09               
        5.18403     9.54958e-09               
        5.18525     3.18319e-09               
        5.18647     3.97899e-09               
        5.18769     7.16218e-09               
        5.18891     3.97899e-09               
        5.19013     7.95798e-09               
        5.19135     6.36639e-09               
        5.19257     9.54958e-09               
        5.19379     6.36639e-09               
        5.19501     8.75378e-09               
        5.19623     5.57059e-09               
        5.19745     4.77479e-09               
        5.19867     6.36639e-09               
        5.19989     5.57059e-09               
        5.20111     6.36639e-09               
        5.20233     1.11412e-08               
        5.20355     3.18319e-09               
        5.20477     3.18319e-09               
        5.20599     6.36639e-09               
        5.20721     3.18319e-09               
        5.20843     7.16218e-09               
        5.20965     3.97899e-09               
        5.21087     5.57059e-09               
        5.21209     7.95798e-09               
        5.21331     6.36639e-09               
        5.21453     4.77479e-09               
        5.21575     5.57059e-09               
        5.21698     6.36639e-09               
        5.21821     5.57059e-09               
        5.21943     5.57059e-09               
        5.22065     7.16218e-09               
        5.22187     6.36639e-09               
        5.22309     5.57059e-09               
        5.22431     6.36639e-09               
        5.22553     7.16218e-09               
        5.22675     5.57059e-09               
        5.22797     7.16218e-09               
        5.22919     5.57059e-09               
        5.23041     7.95798e-09               
        5.23163     2.38739e-09               
        5.23285     8.75378e-09               
        5.23407     6.36639e-09               
        5.23529     4.77479e-09               
        5.23651     8.75378e-09               
        5.23773     6.36639e-09               
        5.23895     7.16218e-09               
        5.24017     5.57059e-09               
        5.24139     4.77479e-09               
        5.24261     8.75378e-09               
        5.24383     3.18319e-09               
        5.24505     8.75378e-09               
        5.24627     9.54958e-09               
        5.24749     7.16218e-09               
        5.24871     1.03454e-08               
        5.24993     7.95798e-09               
        5.25115     3.18319e-09               
        5.25239     5.57059e-09               
        5.25361     8.75378e-09               
        5.25483     7.16218e-09               
        5.25605     7.16218e-09               
        5.25727     3.18319e-09               
        5.25849     5.57059e-09               
        5.25971     3.18319e-09               
        5.26093     5.57059e-09               
        5.26215     7.16218e-09               
        5.26337     2.38739e-09               
        5.26459     5.57059e-09               
        5.26581     6.36639e-09               
        5.26703     6.36639e-09               
        5.26825     7.16218e-09               
        5.26947     8.75378e-09               
        5.27069     6.36639e-09               
        5.27191     4.77479e-09               
        5.27313     4.77479e-09               
        5.27435     7.16218e-09               
        5.27557      1.1937e-08               
        5.27679     7.95798e-09               
        5.27801     7.95798e-09               
        5.27923     3.18319e-09               
        5.28045     7.16218e-09               
        5.28167     7.16218e-09               
        5.28289     3.97899e-09               
        5.28411     3.97899e-09               
        5.28533     3.18319e-09               
        5.28656     7.16218e-09               
        5.28779     7.95798e-09               
        5.28901     7.95798e-09               
        5.29023     7.95798e-09               
        5.29145     2.38739e-09               
        5.29267     7.16218e-09               
        5.29389     5.57059e-09               
        5.29511     8.75378e-09               
        5.29633     6.36639e-09               
        5.29755     7.16218e-09               
        5.29877     4.77479e-09               
        5.29999     2.38739e-09               
        5.30121     7.95798e-09               
        5.30243     6.36639e-09               
        5.30365     4.77479e-09               
        5.30488     3.97899e-09               
         5.3061     7.95798e-09               
        5.30732     8.75378e-09               
        5.30854     7.16218e-09               
        5.30976     6.36639e-09               
        5.31098     5.57059e-09               
         5.3122     4.77479e-09               
        5.31341     5.57059e-09               
        5.31463     7.16218e-09               
        5.31585     7.95798e-09               
        5.31707     2.38739e-09               
        5.31829     6.36639e-09               
        5.31951     7.16218e-09               
        5.32073     8.75378e-09               
        5.32196     8.75378e-09               
        5.32318     8.75378e-09               
         5.3244     5.57059e-09               
        5.32562     7.16218e-09               
        5.32684     6.36639e-09               
        5.32806     3.18319e-09               
        5.32928     7.16218e-09               
         5.3305     4.77479e-09               
        5.33172     7.95798e-09               
        5.33294     6.36639e-09               
        5.33416     2.38739e-09               
        5.33538     4.77479e-09               
         5.3366     7.95798e-09               
        5.33782     4.77479e-09               
        5.33906     7.95798e-09               
        5.34028     4.77479e-09               
         5.3415     5.57059e-09               
        5.34272     8.75378e-09               
        5.34394     8.75378e-09               
        5.34516     7.16218e-09               
        5.34638     8.75378e-09               
         5.3476     7.16218e-09               
        5.34882     7.95798e-09               
        5.35004     4.77479e-09               
        5.35126     3.97899e-09               
        5.35248     4.77479e-09               
         5.3537     3.97899e-09               
        5.35492      1.5916e-09               
        5.35614     3.18319e-09               
        5.35736     7.16218e-09               
        5.35858     7.16218e-09               
         5.3598     3.18319e-09               
        5.36102     5.57059e-09               
        5.36224     8.75378e-09               
        5.36346     6.36639e-09               
        5.36468     3.18319e-09               
         5.3659     4.77479e-09               
        5.36712     6.36639e-09               
        5.36834     2.06908e-08               
        5.36956     3.97899e-09               
        5.37078     4.77479e-09               
          5.372     6.36639e-09               
        5.37323     6.36639e-09               
        5.37446     8.75378e-09               
        5.37568     5.57059e-09               
         5.3769     4.77479e-09               
        5.37812     7.16218e-09               
        5.37934     8.75378e-09               
        5.38056     6.36639e-09               
        5.38178     3.18319e-09               
          5.383     8.75378e-09               
        5.38422     6.36639e-09               
        5.38544     6.36639e-09               
        5.38666     4.77479e-09               
        5.38788     5.57059e-09               
         5.3891     6.36639e-09               
        5.39032     5.57059e-09               
        5.39154     7.95798e-09               
        5.39276     3.97899e-09               
        5.39398     4.77479e-09               
         5.3952     3.97899e-09               
        5.39642     7.16218e-09               
        5.39764     4.77479e-09               
        5.39886     4.77479e-09               
        5.40008     7.16218e-09               
         5.4013     4.77479e-09               
        5.40252     5.57059e-09               
        5.40374     7.16218e-09               
        5.40496     7.95798e-10               
        5.40618     5.57059e-09               
         5.4074     4.77479e-09               
        5.40864     7.16218e-09               
        5.40986     2.38739e-09               
        5.41108     7.95798e-09               
         5.4123     6.36639e-09               
        5.41352     5.57059e-09               
        5.41474     3.97899e-09               
        5.41596     2.38739e-09               
        5.41718     8.75378e-09               
         5.4184     7.16218e-09               
        5.41962     2.70571e-08               
        5.42084     8.75378e-09               
        5.42206     6.36639e-09               
        5.42328     2.38739e-09               
         5.4245     7.95798e-09               
        5.42572     6.36639e-09               
        5.42694     5.57059e-09               
        5.42816     8.75378e-09               
        5.42938     5.57059e-09               
         5.4306     4.77479e-09               
        5.43182     5.57059e-09               
        5.43304     7.16218e-09               
        5.43426     8.75378e-09               
        5.43548      1.5916e-09               
         5.4367     7.16218e-09               
        5.43792     8.75378e-09               
        5.43914     5.57059e-09               
        5.44036     3.97899e-09               
        5.44158     4.77479e-09               
        5.44281     4.77479e-09               
        5.44404     6.36639e-09               
        5.44526     3.97899e-09               
        5.44648     6.36639e-09               
         5.4477     1.11412e-08               
        5.44892     8.75378e-09               
        5.45014     1.27328e-08               
        5.45136     4.77479e-09               
        5.45258     5.57059e-09               
         5.4538     3.18319e-09               
        5.45502     7.16218e-09               
        5.45624     6.36639e-09               
        5.45746      1.1937e-08               
        5.45868     7.16218e-09               
         5.4599     5.57059e-09               
        5.46113     3.97899e-09               
        5.46235     3.97899e-09               
        5.46357     6.36639e-09               
        5.46479     4.77479e-09               
        5.46601     4.77479e-09               
        5.46723     1.11412e-08               
        5.46845     5.57059e-09               
        5.46966     3.97899e-09               
        5.47088     5.57059e-09               
         5.4721     9.54958e-09               
        5.47332     6.36639e-09               
        5.47454     5.57059e-09               
        5.47576     7.95798e-09               
        5.47698     2.38739e-09               
        5.47821     5.57059e-09               
        5.47943     6.36639e-09               
        5.48065     7.95798e-09               
        5.48187     2.38739e-09               
        5.48309     3.97899e-09               
        5.48431     7.95798e-09               
        5.48553     6.36639e-09               
        5.48675     6.36639e-09               
        5.48797     5.57059e-09               
        5.48919     5.57059e-09               
        5.49041     3.18319e-09               
        5.49163     7.95798e-09               
        5.49285     7.16218e-09               
        5.49407     6.36639e-09               
        5.49531     4.77479e-09               
        5.49653     3.97899e-09               
        5.49775     7.16218e-09               
        5.49897     5.57059e-09               
        5.50019     3.18319e-09               
        5.50141     5.57059e-09               
        5.50263     3.97899e-09               
        5.50385      1.1937e-08               
        5.50507     3.18319e-09               
        5.50629     2.38739e-09               
        5.50751     6.36639e-09               
        5.50873     8.75378e-09               
        5.50995     9.54958e-09               
        5.51117     4.77479e-09               
        5.51239     3.97899e-09               
        5.51361     9.54958e-09               
        5.51483     8.75378e-09               
        5.51605     7.16218e-09               
        5.51727     3.97899e-09               
        5.51849     7.95798e-09               
        5.51971     4.77479e-09               
        5.52093     4.77479e-09               
        5.52215     9.54958e-09               
        5.52337     7.95798e-09               
        5.52459     5.57059e-09               
        5.52581     8.75378e-09               
        5.52703     6.36639e-09               
        5.52825     6.36639e-09               
        5.52948     8.75378e-09               
        5.53071     4.77479e-09               
        5.53193     3.97899e-09               
        5.53315     6.36639e-09               
        5.53437     1.43244e-08               
        5.53559     8.75378e-09               
        5.53681     3.97899e-09               
        5.53803     4.77479e-09               
        5.53925     8.75378e-09               
        5.54047     1.27328e-08               
        5.54169     4.77479e-09               
        5.54291     6.36639e-09               
        5.54413     8.75378e-09               
        5.54535     4.77479e-09               
        5.54657     3.18319e-09               
        5.54779      1.5916e-09               
        5.54901     2.38739e-09               
        5.55023     5.57059e-09               
        5.55145     3.18319e-09               
        5.55267     8.75378e-09               
        5.55389     3.97899e-09               
        5.55511     6.36639e-09               
        5.55633     7.95798e-09               
        5.55755     6.36639e-09               
        5.55877     9.54958e-09               
        5.55999     6.36639e-09               
        5.56121     9.54958e-09               
        5.56243     5.57059e-09               
        5.56365      1.1937e-08               
        5.56489     2.38739e-09               
        5.56611     8.75378e-09               
        5.56733     2.38739e-09               
        5.56855     7.16218e-09               
        5.56977     8.75378e-09               
        5.57099     6.36639e-09               
        5.57221     5.57059e-09               
        5.57343     6.36639e-09               
        5.57465     7.95798e-09               
        5.57587     5.57059e-09               
        5.57709     5.57059e-09               
        5.57831     3.18319e-09               
        5.57953     9.54958e-09               
        5.58075     7.95798e-09               
        5.58197     3.18319e-09               
        5.58319     6.36639e-09               
        5.58441     4.77479e-09               
        5.58563     4.77479e-09               
        5.58685     7.16218e-09               
        5.58807     6.36639e-09               
        5.58929     2.38739e-09               
        5.59051     3.97899e-09               
        5.59173     3.97899e-09               
        5.59295     5.57059e-09               
        5.59417     4.77479e-09               
        5.59539     4.77479e-09               
        5.59661     2.38739e-09               
        5.59783     9.54958e-09               
        5.59906     6.36639e-09               
        5.60029     7.16218e-09               
        5.60151     4.77479e-09               
        5.60273     7.95798e-09               
        5.60395     7.95798e-09               
        5.60517     5.57059e-09               
        5.60639     8.75378e-09               
        5.60761     4.77479e-09               
        5.60883     7.16218e-09               
        5.61005     9.54958e-09               
        5.61127     6.36639e-09               
        5.61249     2.38739e-09               
        5.61371     8.75378e-09               
        5.61493      1.5916e-09               
        5.61615     6.36639e-09               
        5.61738     3.97899e-09               
         5.6186     6.36639e-09               
        5.61982      1.1937e-08               
        5.62104     6.36639e-09               
        5.62226     3.18319e-09               
        5.62348     7.16218e-09               
         5.6247     4.77479e-09               
        5.62591     4.77479e-09               
        5.62713     3.97899e-09               
        5.62835     5.57059e-09               
        5.62957     1.03454e-08               
        5.63079     4.77479e-09               
        5.63201     7.95798e-09               
        5.63323     5.57059e-09               
        5.63446     2.38739e-09               
        5.63568     4.77479e-09               
         5.6369     8.75378e-09               
        5.63812     5.57059e-09               
        5.63934     3.18319e-09               
        5.64056     3.97899e-09               
        5.64178     3.97899e-09               
          5.643     3.97899e-09               
        5.64422     3.97899e-09               
        5.64544     8.75378e-09               
        5.64666     4.77479e-09               
        5.64788     6.36639e-09               
         5.6491     3.18319e-09               
        5.65032     1.03454e-08               
        5.65156     7.95798e-09               
        5.65278     7.95798e-09               
          5.654     1.03454e-08               
        5.65522     7.16218e-09               
        5.65644     5.57059e-09               
        5.65766     8.75378e-09               
        5.65888     6.36639e-09               
         5.6601     7.16218e-09               
        5.66132     5.57059e-09               
        5.66254     4.77479e-09               
        5.66376     6.36639e-09               
        5.66498     3.18319e-09               
         5.6662     5.57059e-09               
        5.66742     5.57059e-09               
        5.66864     9.54958e-09               
        5.66986     6.36639e-09               
        5.67108     3.97899e-09               
         5.6723     4.77479e-09               
        5.67352     7.16218e-09               
        5.67474     3.18319e-09               
        5.67596     6.36639e-09               
        5.67718     6.36639e-09               
         5.6784     3.18319e-09               
        5.67962     4.77479e-09               
        5.68084     6.36639e-09               
        5.68206     4.77479e-09               
        5.68328     4.77479e-09               
         5.6845     6.36639e-09               
        5.68573     4.77479e-09               
        5.68696     7.95798e-09               
        5.68818     6.36639e-09               
         5.6894     7.95798e-09               
        5.69062     4.77479e-09               
        5.69184     6.36639e-09               
        5.69306     6.36639e-09               
        5.69428     3.18319e-09               
         5.6955     4.77479e-09               
        5.69672     6.36639e-09               
        5.69794     2.38739e-09               
        5.69916     5.57059e-09               
