        4.99848     4.97374e-09              
         4.9997     4.97374e-09              
        5.00091     2.98424e-09              
        5.00213     5.96849e-09              
        5.00335     1.69107e-08              
        5.00457     5.96849e-09              
        5.00579     4.97374e-09              
        5.00701     2.98424e-09              
        5.00823     1.09422e-08              
        5.00946      1.9895e-09              
        5.01068     6.96323e-09              
         5.0119     2.98424e-09              
        5.01312     1.49212e-08              
        5.01434     9.94748e-09              
        5.01556     2.98424e-09              
        5.01678     1.49212e-08              
          5.018     1.49212e-08              
        5.01922     6.96323e-09              
        5.02044     8.95273e-09              
        5.02166     6.96323e-09              
        5.02288     9.94748e-09              
         5.0241     1.09422e-08              
        5.02532     9.94748e-09              
        5.02656     4.97374e-09              
        5.02778     8.95273e-09              
          5.029     8.95273e-09              
        5.03022     7.95798e-09              
        5.03144     7.95798e-09              
        5.03266     2.98424e-09              
        5.03388     3.97899e-09              
         5.0351     8.95273e-09              
        5.03632     7.95798e-09              
        5.03754     3.97899e-09              
        5.03876     9.94748e-09              
        5.03998     4.97374e-09              
         5.0412     1.09422e-08              
        5.04242      1.1937e-08              
        5.04364     4.97374e-09              
        5.04486     1.29317e-08              
        5.04608     9.94748e-09              
         5.0473     5.96849e-09              
        5.04852     4.97374e-09              
        5.04974     8.95273e-09              
        5.05096     8.95273e-09              
        5.05218     8.95273e-09              
         5.0534     5.96849e-09              
        5.05462      1.1937e-08              
        5.05584     5.96849e-09              
        5.05706     4.97374e-09              
        5.05828     5.96849e-09              
         5.0595     7.95798e-09              
        5.06073     2.98424e-09              
        5.06196     2.98424e-09              
        5.06318     8.95273e-09              
         5.0644      1.1937e-08              
        5.06562     4.97374e-09              
        5.06684     4.97374e-09              
        5.06806     6.96323e-09              
        5.06928     2.98424e-09              
         5.0705     9.94748e-09              
        5.07172     9.94748e-09              
        5.07294     5.96849e-09              
        5.07416     5.96849e-09              
        5.07538     9.94748e-09              
         5.0766     5.96849e-09              
        5.07782     2.18845e-08              
        5.07904     1.89002e-08              
        5.08026     2.98424e-09              
        5.08148     8.95273e-09              
         5.0827     5.96849e-09              
        5.08392     8.95273e-09              
        5.08514     5.96849e-09              
        5.08636     1.09422e-08              
        5.08758     6.96323e-09              
         5.0888     1.89002e-08              
        5.09002     7.95798e-09              
        5.09124     7.95798e-09              
        5.09246     4.97374e-09              
        5.09368     4.97374e-09              
         5.0949     1.29317e-08              
        5.09614     6.96323e-09              
        5.09736     6.96323e-09              
        5.09858     4.97374e-09              
         5.0998     1.09422e-08              
        5.10102     6.96323e-09              
        5.10224     2.98424e-09              
        5.10346     9.94748e-09              
        5.10468     5.96849e-09              
         5.1059     6.96323e-09              
        5.10712     8.95273e-09              
        5.10834     7.95798e-09              
        5.10956     7.95798e-09              
        5.11078     2.98424e-09              
          5.112     6.96323e-09              
        5.11322     9.94748e-09              
        5.11444     4.97374e-09              
        5.11566     3.97899e-09              
        5.11688     5.96849e-09              
         5.1181     2.98424e-09              
        5.11932     4.97374e-09              
        5.12054     5.96849e-09              
        5.12176     6.96323e-09              
        5.12298     9.94748e-09              
         5.1242     5.96849e-09              
        5.12542      1.9895e-09              
        5.12664     8.95273e-09              
        5.12786     3.97899e-09              
        5.12908      1.9895e-09              
        5.13031     8.95273e-09              
        5.13154     8.95273e-09              
        5.13276     5.96849e-09              
        5.13398     6.96323e-09              
         5.1352      1.9895e-09              
        5.13642     7.95798e-09              
        5.13764     5.96849e-09              
        5.13886     6.96323e-09              
        5.14008     9.94748e-09              
         5.1413     5.96849e-09              
        5.14252     9.94748e-09              
        5.14374     3.97899e-09              
        5.14496     5.96849e-09              
        5.14618      1.1937e-08              
         5.1474     1.49212e-08              
        5.14863     7.95798e-09              
        5.14985      1.5916e-08              
        5.15107     1.09422e-08              
        5.15229     8.95273e-09              
        5.15351     6.96323e-09              
        5.15473     7.95798e-09              
        5.15595     7.95798e-09              
        5.15716     2.98424e-09              
        5.15838      1.1937e-08              
         5.1596     7.95798e-09              
        5.16082     5.96849e-09              
        5.16204     4.97374e-09              
        5.16326     8.95273e-09              
        5.16448     8.95273e-09              
        5.16571     1.09422e-08              
        5.16693     4.97374e-09              
        5.16815     4.97374e-09              
        5.16937     9.94748e-09              
        5.17059     6.96323e-09              
        5.17181     1.39265e-08              
        5.17303     4.97374e-09              
        5.17425     3.97899e-09              
        5.17547     7.95798e-09              
        5.17669     8.95273e-09              
        5.17791     5.96849e-09              
        5.17913     6.96323e-09              
        5.18035     1.49212e-08              
        5.18157     9.94748e-09              
        5.18281     7.95798e-09              
        5.18403     9.94748e-09              
        5.18525     8.95273e-09              
        5.18647     3.97899e-09              
        5.18769     4.97374e-09              
        5.18891     4.97374e-09              
        5.19013     3.97899e-09              
        5.19135     1.09422e-08              
        5.19257     8.95273e-09              
        5.19379     7.95798e-09              
        5.19501     9.94748e-09              
        5.19623      1.1937e-08              
        5.19745     9.94748e-09              
        5.19867     6.96323e-09              
        5.19989     9.94748e-09              
        5.20111     7.95798e-09              
        5.20233     8.95273e-09              
        5.20355     6.96323e-09              
        5.20477     5.96849e-09              
        5.20599     4.97374e-09              
        5.20721     7.95798e-09              
        5.20843     6.96323e-09              
        5.20965     6.96323e-09              
        5.21087     8.95273e-09              
        5.21209     8.95273e-09              
        5.21331     6.96323e-09              
        5.21453     4.97374e-09              
        5.21575     1.09422e-08              
        5.21698     7.95798e-09              
        5.21821     4.97374e-09              
        5.21943     5.96849e-09              
        5.22065     5.96849e-09              
        5.22187     6.96323e-09              
        5.22309     6.96323e-09              
        5.22431     4.97374e-09              
        5.22553     5.96849e-09              
        5.22675     6.96323e-09              
        5.22797     8.95273e-09              
        5.22919     8.95273e-09              
        5.23041     8.95273e-09              
        5.23163     9.94748e-09              
        5.23285     6.96323e-09              
        5.23407     5.96849e-09              
        5.23529     1.09422e-08              
        5.23651     4.97374e-09              
        5.23773     5.96849e-09              
        5.23895     1.09422e-08              
        5.24017     5.96849e-09              
        5.24139     2.98424e-09              
        5.24261     2.98424e-09              
        5.24383     3.97899e-09              
        5.24505     6.96323e-09              
        5.24627     3.48162e-08              
        5.24749     8.95273e-09              
        5.24871     3.97899e-09              
        5.24993     6.96323e-09              
        5.25115     6.96323e-09              
        5.25239     2.98424e-09              
        5.25361     6.96323e-09              
        5.25483     8.95273e-09              
        5.25605     8.95273e-09              
        5.25727     8.95273e-09              
        5.25849     3.97899e-09              
        5.25971      1.1937e-08              
        5.26093     6.96323e-09              
        5.26215     1.49212e-08              
        5.26337     5.96849e-09              
        5.26459     8.95273e-09              
        5.26581     1.29317e-08              
        5.26703     6.96323e-09              
        5.26825     4.97374e-09              
        5.26947     6.96323e-09              
        5.27069     6.96323e-09              
        5.27191     8.95273e-09              
        5.27313     6.96323e-09              
        5.27435     6.96323e-09              
        5.27557     5.96849e-09              
        5.27679     6.96323e-09              
        5.27801     2.98424e-09              
        5.27923     8.95273e-09              
        5.28045     7.95798e-09              
        5.28167     6.96323e-09              
        5.28289     7.95798e-09              
        5.28411     4.97374e-09              
        5.28533     6.96323e-09              
        5.28656     8.95273e-09              
        5.28779     7.95798e-09              
        5.28901     2.98424e-09              
        5.29023     9.94748e-09              
        5.29145     6.96323e-09              
        5.29267     3.97899e-09              
        5.29389     2.98424e-09              
        5.29511     7.95798e-09              
        5.29633     6.96323e-09              
        5.29755     5.96849e-09              
        5.29877     7.95798e-09              
        5.29999     1.29317e-08              
        5.30121     8.95273e-09              
        5.30243     4.97374e-09              
        5.30365     7.95798e-09              
        5.30488     4.97374e-09              
         5.3061     1.49212e-08              
        5.30732     4.97374e-09              
        5.30854      1.9895e-09              
        5.30976     4.97374e-09              
        5.31098     7.95798e-09              
         5.3122     3.97899e-09              
        5.31341     5.96849e-09              
        5.31463     6.96323e-09              
        5.31585     7.95798e-09              
        5.31707     3.97899e-09              
        5.31829     8.95273e-09              
        5.31951     5.96849e-09              
        5.32073     3.97899e-09              
        5.32196     2.98424e-09              
        5.32318     9.94748e-09              
         5.3244     3.97899e-09              
        5.32562     7.95798e-09              
        5.32684     7.95798e-09              
        5.32806     5.96849e-09              
        5.32928     4.97374e-09              
         5.3305     7.95798e-09              
        5.33172     7.95798e-09              
        5.33294     4.97374e-09              
        5.33416     1.49212e-08              
        5.33538     6.96323e-09              
         5.3366     4.97374e-09              
        5.33782     4.97374e-09              
        5.33906     9.94748e-09              
        5.34028     2.98424e-09              
         5.3415     3.97899e-09              
        5.34272     6.96323e-09              
        5.34394     2.98424e-09              
        5.34516     9.94748e-09              
        5.34638     3.97899e-09              
         5.3476     5.96849e-09              
        5.34882     3.97899e-09              
        5.35004     8.95273e-09              
        5.35126     8.95273e-09              
        5.35248     6.96323e-09              
         5.3537     4.97374e-09              
        5.35492     3.97899e-09              
        5.35614     8.95273e-09              
        5.35736     5.96849e-09              
        5.35858     1.09422e-08              
         5.3598     6.96323e-09              
        5.36102     4.97374e-09              
        5.36224     2.98424e-09              
        5.36346     8.95273e-09              
        5.36468     8.95273e-09              
         5.3659     7.95798e-09              
        5.36712     7.95798e-09              
        5.36834     1.39265e-08              
        5.36956     6.96323e-09              
        5.37078     4.97374e-09              
          5.372     1.09422e-08              
        5.37323     6.96323e-09              
        5.37446     6.96323e-09              
        5.37568     5.96849e-09              
         5.3769     5.96849e-09              
        5.37812     8.95273e-09              
        5.37934     7.95798e-09              
        5.38056      1.9895e-09              
        5.38178     6.96323e-09              
          5.383     8.95273e-09              
        5.38422     7.95798e-09              
        5.38544     5.96849e-09              
        5.38666     9.94748e-09              
        5.38788     4.97374e-09              
         5.3891     3.97899e-09              
        5.39032     9.94748e-09              
        5.39154     6.96323e-09              
        5.39276     3.97899e-09              
        5.39398     4.97374e-09              
         5.3952     5.96849e-09              
        5.39642      1.9895e-09              
        5.39764     2.98424e-09              
        5.39886     8.95273e-09              
        5.40008     3.97899e-09              
         5.4013     7.95798e-09              
        5.40252      1.1937e-08              
        5.40374     4.97374e-09              
        5.40496     7.95798e-09              
        5.40618     7.95798e-09              
         5.4074     4.97374e-09              
        5.40864     4.97374e-09              
        5.40986     7.95798e-09              
        5.41108     3.97899e-09              
         5.4123     6.96323e-09              
        5.41352     2.98424e-09              
        5.41474     3.97899e-09              
        5.41596     6.96323e-09              
        5.41718     5.96849e-09              
         5.4184     7.95798e-09              
        5.41962     3.38214e-08              
        5.42084     6.96323e-09              
        5.42206     7.95798e-09              
        5.42328     9.94748e-09              
         5.4245     9.94748e-09              
        5.42572     4.97374e-09              
        5.42694     4.97374e-09              
        5.42816     7.95798e-09              
        5.42938     3.97899e-09              
         5.4306     7.95798e-09              
        5.43182     4.97374e-09              
        5.43304     4.97374e-09              
        5.43426     1.09422e-08              
        5.43548     3.97899e-09              
         5.4367     4.97374e-09              
        5.43792     5.96849e-09              
        5.43914     9.94748e-09              
        5.44036     7.95798e-09              
        5.44158     6.96323e-09              
        5.44281     9.94748e-09              
        5.44404     1.39265e-08              
        5.44526     4.97374e-09              
        5.44648     2.98424e-09              
         5.4477     7.95798e-09              
        5.44892     3.97899e-09              
        5.45014     3.97899e-09              
        5.45136     8.95273e-09              
        5.45258     6.96323e-09              
         5.4538     5.96849e-09              
        5.45502     7.95798e-09              
        5.45624      1.1937e-08              
        5.45746     4.97374e-09              
        5.45868     7.95798e-09              
         5.4599     3.97899e-09              
        5.46113     8.95273e-09              
        5.46235     8.95273e-09              
        5.46357     7.95798e-09              
        5.46479     1.49212e-08              
        5.46601     5.96849e-09              
        5.46723      1.9895e-09              
        5.46845     5.96849e-09              
        5.46966     7.95798e-09              
        5.47088     3.97899e-09              
         5.4721     6.96323e-09              
        5.47332      1.5916e-08              
        5.47454     7.95798e-09              
        5.47576     9.94748e-09              
        5.47698     5.96849e-09              
        5.47821     7.95798e-09              
        5.47943     9.94748e-09              
        5.48065     7.95798e-09              
        5.48187     5.96849e-09              
        5.48309     6.96323e-09              
        5.48431     7.95798e-09              
        5.48553     2.98424e-09              
        5.48675     4.97374e-09              
        5.48797     7.95798e-09              
        5.48919     3.97899e-09              
        5.49041     8.95273e-09              
        5.49163     4.97374e-09              
        5.49285     8.95273e-09              
        5.49407     7.95798e-09              
        5.49531     5.96849e-09              
        5.49653     2.98424e-09              
        5.49775     7.95798e-09              
        5.49897     6.96323e-09              
        5.50019     5.96849e-09              
        5.50141     7.95798e-09              
        5.50263     6.96323e-09              
        5.50385     7.95798e-09              
        5.50507     8.95273e-09              
        5.50629     6.96323e-09              
        5.50751     8.95273e-09              
        5.50873     4.97374e-09              
        5.50995     6.96323e-09              
        5.51117     4.97374e-09              
        5.51239     5.96849e-09              
        5.51361     9.94748e-09              
        5.51483     7.95798e-09              
        5.51605     2.78529e-08              
        5.51727     5.17269e-08              
        5.51849     5.96849e-09              
        5.51971     7.95798e-09              
        5.52093     1.29317e-08              
        5.52215     6.96323e-09              
        5.52337     5.96849e-09              
        5.52459     9.94748e-09              
        5.52581     5.96849e-09              
        5.52703     5.96849e-09              
        5.52825      1.9895e-09              
        5.52948     6.96323e-09              
        5.53071     7.95798e-09              
        5.53193     1.09422e-08              
        5.53315     5.96849e-09              
        5.53437     5.96849e-09              
        5.53559     4.97374e-09              
        5.53681     7.95798e-09              
        5.53803      1.9895e-09              
        5.53925     4.97374e-09              
        5.54047     3.97899e-09              
        5.54169     6.96323e-09              
        5.54291     9.94748e-09              
        5.54413     2.98424e-09              
        5.54535     5.96849e-09              
        5.54657     6.96323e-09              
        5.54779     6.96323e-09              
        5.54901     9.94748e-09              
        5.55023     4.97374e-09              
        5.55145               0              
        5.55267     4.97374e-09              
        5.55389     2.98424e-09              
        5.55511     5.96849e-09              
        5.55633     7.95798e-09              
        5.55755     8.95273e-09              
        5.55877     8.95273e-09              
        5.55999     5.96849e-09              
        5.56121     9.94748e-09              
        5.56243     2.98424e-09              
        5.56365     7.95798e-09              
        5.56489     8.95273e-09              
        5.56611     3.97899e-09              
        5.56733     9.94748e-09              
        5.56855     5.96849e-09              
        5.56977     5.96849e-09              
        5.57099     9.94748e-09              
        5.57221      1.1937e-08              
        5.57343     6.96323e-09              
        5.57465     3.97899e-09              
        5.57587     7.95798e-09              
        5.57709     3.97899e-09              
        5.57831     2.98424e-09              
        5.57953      1.1937e-08              
        5.58075     6.96323e-09              
        5.58197     4.97374e-09              
        5.58319     1.49212e-08              
        5.58441     2.08897e-08              
        5.58563     6.96323e-09              
        5.58685     9.94748e-09              
        5.58807     9.94748e-09              
        5.58929     5.96849e-09              
        5.59051     4.97374e-09              
        5.59173     7.95798e-09              
        5.59295     9.94748e-09              
        5.59417     5.96849e-09              
        5.59539     7.95798e-09              
        5.59661      1.1937e-08              
        5.59783     4.97374e-09              
        5.59906     5.96849e-09              
        5.60029     5.96849e-09              
        5.60151     5.96849e-09              
        5.60273      1.9895e-09              
        5.60395     4.97374e-09              
        5.60517     9.94748e-09              
        5.60639     2.98424e-09              
        5.60761     4.97374e-09              
        5.60883     9.94748e-09              
        5.61005     1.09422e-08              
        5.61127     4.97374e-09              
        5.61249     5.96849e-09              
        5.61371     7.95798e-09              
        5.61493     2.98424e-09              
        5.61615     5.96849e-09              
        5.61738     2.98424e-09              
         5.6186     1.09422e-08              
        5.61982      1.1937e-08              
        5.62104     1.39265e-08              
        5.62226     9.94748e-09              
        5.62348     6.96323e-09              
         5.6247     2.98424e-09              
        5.62591      1.9895e-09              
        5.62713     4.97374e-09              
        5.62835     4.97374e-09              
        5.62957     9.94748e-09              
        5.63079     2.98424e-09              
        5.63201     6.96323e-09              
        5.63323               0              
        5.63446      1.1937e-08              
        5.63568     8.95273e-09              
         5.6369     2.98424e-09              
        5.63812     7.95798e-09              
        5.63934     6.96323e-09              
        5.64056     4.97374e-09              
        5.64178     4.97374e-09              
          5.643     6.96323e-09              
        5.64422     4.97374e-09              
        5.64544      1.9895e-09              
        5.64666     6.96323e-09              
        5.64788     3.97899e-09              
         5.6491     4.97374e-09              
        5.65032     3.97899e-09              
        5.65156     4.97374e-09              
        5.65278     3.97899e-09              
          5.654     9.94748e-09              
        5.65522     9.94748e-09              
        5.65644     2.98424e-09              
        5.65766     6.96323e-09              
        5.65888     3.97899e-09              
         5.6601     9.94748e-10              
        5.66132     6.96323e-09              
        5.66254      1.1937e-08              
        5.66376     6.96323e-09              
        5.66498     4.97374e-09              
         5.6662     4.97374e-09              
        5.66742     1.09422e-08              
        5.66864     6.96323e-09              
        5.66986     3.97899e-09              
        5.67108     4.97374e-09              
         5.6723     7.95798e-09              
        5.67352     5.96849e-09              
        5.67474      1.1937e-08              
        5.67596     3.97899e-09              
        5.67718     3.97899e-09              
         5.6784      1.1937e-08              
        5.67962     3.97899e-09              
        5.68084     3.97899e-09              
        5.68206     6.96323e-09              
        5.68328     6.96323e-09              
         5.6845     4.97374e-09              
        5.68573      1.9895e-09              
        5.68696     6.96323e-09              
        5.68818     8.95273e-09              
         5.6894      1.1937e-08              
        5.69062     8.95273e-09              
        5.69184     3.97899e-09              
        5.69306     5.96849e-09              
        5.69428     4.97374e-09              
         5.6955      1.1937e-08              
        5.69672     8.95273e-09              
        5.69794     5.96849e-09              
        5.69916     6.96323e-09              
        5.70038     3.97899e-09              
         5.7016     7.95798e-09              
        5.70282     1.29317e-08              
        5.70404     9.94748e-09              
        5.70526     5.96849e-09              
        5.70648     9.94748e-09              
         5.7077     9.94748e-09              
        5.70892     6.96323e-09              
        5.71014     8.95273e-09              
        5.71136     6.96323e-09              
        5.71258     3.97899e-09              
         5.7138     6.96323e-09              
        5.71502      2.5764e-07              
        5.71624     1.09422e-08              
        5.71746     6.96323e-09              
        5.71868     8.95273e-09              
         5.7199     5.96849e-09              
        5.72114     5.96849e-09              
        5.72236     4.97374e-09              
        5.72358     4.97374e-09              
         5.7248     9.94748e-09              
        5.72602     1.09422e-08              
        5.72724     5.96849e-09              
        5.72846     7.95798e-09              
        5.72968     4.97374e-09              
         5.7309      1.1937e-08              
        5.73212     8.95273e-09              
        5.73334     1.39265e-08              
        5.73456     5.96849e-09              
        5.73578      1.9895e-09              
          5.737     5.96849e-09              
        5.73822     2.98424e-09              
        5.73944     8.95273e-09              
        5.74066     6.96323e-09              
        5.74188     3.97899e-09              
         5.7431     9.94748e-09              
        5.74432     3.97899e-09              
        5.74554     4.97374e-09              
        5.74676     6.96323e-09              
        5.74798     6.96323e-09              
         5.7492     8.95273e-09              
        5.75042     6.96323e-09              
        5.75164     2.98424e-09              
        5.75286     8.95273e-09              
        5.75408     6.96323e-09              
        5.75531     2.98424e-09              
        5.75654     6.96323e-09              
        5.75776     5.96849e-09              
        5.75898     4.97374e-09              
         5.7602     2.98424e-09              
        5.76142     3.97899e-09              
        5.76264      1.1937e-08              
        5.76386     4.97374e-09              
        5.76508     7.95798e-09              
         5.7663     7.95798e-09              
        5.76752     6.96323e-09              
        5.76874     2.98424e-09              
        5.76996     5.96849e-09              
        5.77118      1.1937e-08              
         5.7724     5.96849e-09              
        5.77363     7.95798e-09              
        5.77485     6.96323e-09              
        5.77607     3.97899e-09              
        5.77729     6.96323e-09              
        5.77851     6.96323e-09              
        5.77973     1.09422e-08              
        5.78095     2.98424e-09              
        5.78216     8.95273e-09              
        5.78338     3.97899e-09              
         5.7846     5.96849e-09              
        5.78582     9.94748e-09              
        5.78704     6.96323e-09              
        5.78826     6.96323e-09              
        5.78948     4.97374e-09              
        5.79071     8.95273e-09              
        5.79193      1.1937e-08              
        5.79315     7.95798e-09              
        5.79437     1.09422e-08              
        5.79559     8.95273e-09              
        5.79681      1.1937e-08              
        5.79803     8.95273e-09              
        5.79925     1.29317e-08              
        5.80047     5.96849e-09              
        5.80169     2.98424e-09              
        5.80291     5.96849e-09              
        5.80413     9.94748e-10              
        5.80535     7.95798e-09              
        5.80657     5.96849e-09              
        5.80781     4.97374e-09              
        5.80903     3.97899e-09              
        5.81025     6.96323e-09              
        5.81147      1.9895e-09              
        5.81269     1.09422e-08              
        5.81391     1.09422e-08              
        5.81513     9.94748e-10              
        5.81635      1.1937e-08              
        5.81757      1.1937e-08              
        5.81879     6.96323e-09              
        5.82001     7.95798e-09              
        5.82123     3.97899e-09              
        5.82245     2.98424e-09              
        5.82367     4.97374e-09              
        5.82489     6.96323e-09              
        5.82611     4.97374e-09              
        5.82733      1.9895e-09              
        5.82855     7.95798e-09              
        5.82977     3.97899e-09              
        5.83099     1.39265e-08              
        5.83221      1.1937e-08              
        5.83343     5.96849e-09              
        5.83465     2.98424e-09              
        5.83587     6.96323e-09              
        5.83709     9.94748e-10              
        5.83831     8.95273e-09              
        5.83953     4.97374e-09              
        5.84075     6.96323e-09              
        5.84198     7.95798e-09              
        5.84321     7.95798e-09              
        5.84443     6.96323e-09              
        5.84565     4.97374e-09              
        5.84687     5.96849e-09              
        5.84809     9.94748e-09              
        5.84931     3.97899e-09              
        5.85053     7.95798e-09              
        5.85175     5.96849e-09              
        5.85297     6.96323e-09              
        5.85419     7.95798e-09              
        5.85541     6.96323e-09              
        5.85663     3.97899e-09              
        5.85785     6.96323e-09              
        5.85907     8.95273e-09              
        5.86029     4.97374e-09              
        5.86151     7.95798e-09              
        5.86273     3.97899e-09              
        5.86395     8.95273e-09              
        5.86517     5.96849e-09              
        5.86639     7.95798e-09              
        5.86761     1.29317e-08              
        5.86883     3.97899e-09              
        5.87005      1.9895e-09              
        5.87127     6.96323e-09              
        5.87249     6.96323e-09              
        5.87371     1.09422e-08              
        5.87493     3.97899e-09              
        5.87615     7.95798e-09              
        5.87739     8.95273e-09              
        5.87861      1.9895e-09              
        5.87983     3.97899e-09              
        5.88105     3.97899e-09              
        5.88227     7.95798e-09              
        5.88349     7.95798e-09              
        5.88471     4.97374e-09              
        5.88593     2.98424e-09              
        5.88715     4.97374e-09              
        5.88837     5.96849e-09              
        5.88959     4.97374e-09              
        5.89081     7.95798e-09              
        5.89203     3.97899e-09              
        5.89325     5.96849e-09              
        5.89447     4.97374e-09              
        5.89569     7.95798e-09              
        5.89691     8.95273e-09              
        5.89813     8.95273e-09              
        5.89935     7.95798e-09              
        5.90057     7.95798e-09              
        5.90179     7.95798e-09              
        5.90301     5.27216e-08              
        5.90423     8.95273e-09              
        5.90545     9.94748e-09              
        5.90667     7.95798e-09              
        5.90789     9.94748e-10              
        5.90911     5.96849e-09              
        5.91033     8.95273e-09              
        5.91156     1.49212e-08              
        5.91279     9.94748e-09              
        5.91401     7.95798e-09              
        5.91523     2.98424e-09              
        5.91645     4.97374e-09              
        5.91767     9.94748e-09              
        5.91889     4.97374e-09              
        5.92011     5.96849e-09              
        5.92133     8.95273e-09              
        5.92255     4.97374e-09              
        5.92377     5.96849e-09              
        5.92499     7.95798e-09              
        5.92621     5.96849e-09              
        5.92743     3.97899e-09              
        5.92865     5.96849e-09              
        5.92988     6.96323e-09              
         5.9311     7.95798e-09              
        5.93232     2.98424e-09              
        5.93354     6.96323e-09              
        5.93476     1.09422e-08              
        5.93598     3.97899e-09              
         5.9372     3.97899e-09              
        5.93841      1.1937e-08              
        5.93963     5.96849e-09              
        5.94085     7.95798e-09              
        5.94207     2.98424e-09              
        5.94329     4.97374e-09              
        5.94451     4.97374e-09              
        5.94573     8.95273e-09              
        5.94696     3.97899e-09              
        5.94818     2.98424e-09              
         5.9494     6.96323e-09              
        5.95062     6.96323e-09              
        5.95184     5.96849e-09              
        5.95306     5.96849e-09              
        5.95428     8.95273e-09              
         5.9555     2.38739e-08              
        5.95672     5.96849e-09              
        5.95794      1.9895e-09              
        5.95916     4.97374e-09              
        5.96038      1.9895e-09              
         5.9616     5.96849e-09              
        5.96282     5.96849e-09              
        5.96406     6.96323e-09              
        5.96528     4.97374e-09              
         5.9665     2.98424e-09              
        5.96772     5.96849e-09              
        5.96894     5.96849e-09              
        5.97016     6.96323e-09              
        5.97138     5.96849e-09              
         5.9726     3.97899e-09              
        5.97382     9.94748e-09              
        5.97504     6.96323e-09              
        5.97626     5.96849e-09              
        5.97748     1.09422e-08              
         5.9787     5.96849e-09              
        5.97992     9.94748e-09              
        5.98114     7.95798e-09              
        5.98236      1.1937e-08              
        5.98358     9.94748e-09              
         5.9848     5.96849e-09              
        5.98602     3.97899e-09              
        5.98724     6.96323e-09              
        5.98846     4.97374e-09              
        5.98968     4.97374e-09              
         5.9909     4.97374e-09              
        5.99212     3.97899e-09              
        5.99334     7.95798e-09              
        5.99456     2.98424e-09              
        5.99578      1.9895e-09              
          5.997     4.97374e-09              
