       0.999451     5.27216e-08              
        1.00067     3.38214e-08              
        1.00189     4.87426e-08              
        1.00311     4.57584e-08              
        1.00433     4.47636e-08              
        1.00555     3.97899e-08              
        1.00677     6.06796e-08              
        1.00799     4.37689e-08              
        1.00921     5.47111e-08              
        1.01043     4.57584e-08              
        1.01165     5.67006e-08              
        1.01287     4.57584e-08              
        1.01409     3.87952e-08              
        1.01531     4.47636e-08              
        1.01655     4.37689e-08              
        1.01777     5.27216e-08              
        1.01899     4.97374e-08              
        1.02021     4.37689e-08              
        1.02143     4.67531e-08              
        1.02265     3.58109e-08              
        1.02387     4.77479e-08              
        1.02509     4.37689e-08              
        1.02631     5.07321e-08              
        1.02753     3.87952e-08              
        1.02875     3.10361e-07              
        1.02997     4.27742e-08              
        1.03119     3.97899e-08              
        1.03241     4.47636e-08              
        1.03364     4.07847e-08              
        1.03486     5.07321e-08              
        1.03608     4.97374e-08              
         1.0373     4.27742e-08              
        1.03852     4.57584e-08              
        1.03974     3.87952e-08              
        1.04096     4.57584e-08              
        1.04218     3.58109e-08              
         1.0434     4.67531e-08              
        1.04462     4.37689e-08              
        1.04584     5.27216e-08              
        1.04706     3.28267e-08              
        1.04828     5.37164e-08              
         1.0495     3.68057e-08              
        1.05072     4.07847e-08              
        1.05194     4.67531e-08              
        1.05316     4.97374e-08              
        1.05438     4.57584e-08              
         1.0556     4.47636e-08              
        1.05682     3.68057e-08              
        1.05804     3.58109e-08              
        1.05926     4.67531e-08              
        1.06048     4.47636e-08              
         1.0617     3.38214e-08              
        1.06292     5.67006e-08              
        1.06414     4.27742e-08              
        1.06536     4.47636e-08              
        1.06658     3.87952e-08              
        1.06781     4.77479e-08              
        1.06903     4.27742e-08              
        1.07025     3.38214e-08              
        1.07147     4.57584e-08              
        1.07269     2.68582e-08              
        1.07391     2.98424e-08              
        1.07513     4.57584e-08              
        1.07635     4.47636e-08              
        1.07757     4.37689e-08              
        1.07879     4.87426e-08              
        1.08001     3.68057e-08              
        1.08123     4.17794e-08              
        1.08245     4.07847e-08              
        1.08367     4.87426e-08              
         1.0849     5.17269e-08              
        1.08613     2.98424e-08              
        1.08735     3.97899e-08              
        1.08857     4.47636e-08              
        1.08979     4.87426e-08              
        1.09101     4.27742e-08              
        1.09223     3.68057e-08              
        1.09345     4.47636e-08              
        1.09466     4.37689e-08              
        1.09588     3.78004e-08              
         1.0971     3.48162e-08              
        1.09832     3.87952e-08              
        1.09954     4.07847e-08              
        1.10076     3.58109e-08              
        1.10198     4.87426e-08              
        1.10322     4.27742e-08              
        1.10444     3.97899e-08              
        1.10566     4.47636e-08              
        1.10688     3.28267e-08              
         1.1081     4.47636e-08              
        1.10932     3.78004e-08              
        1.11054     3.87952e-08              
        1.11176     4.27742e-08              
        1.11298     4.07847e-08              
         1.1142     3.38214e-08              
        1.11542     3.08372e-08              
        1.11664     3.28267e-08              
        1.11786     3.87952e-08              
        1.11908     3.97899e-08              
        1.12031     2.98424e-08              
        1.12153     3.78004e-08              
        1.12275     3.48162e-08              
        1.12397     4.07847e-08              
        1.12519     4.57584e-08              
        1.12641     3.38214e-08              
        1.12763     3.68057e-08              
        1.12885     4.37689e-08              
        1.13007     3.58109e-08              
        1.13129     7.85851e-08              
        1.13251     4.27742e-08              
        1.13373     5.17269e-08              
        1.13495     3.48162e-08              
        1.13617     3.68057e-08              
        1.13739     2.38739e-08              
        1.13861     3.87952e-08              
        1.13983     4.27742e-08              
        1.14105     3.78004e-08              
        1.14227     3.48162e-08              
        1.14349     3.58109e-08              
        1.14471     3.38214e-08              
        1.14593     3.28267e-08              
        1.14715     4.47636e-08              
        1.14837     3.97899e-08              
        1.14959     3.38214e-08              
        1.15081     3.58109e-08              
        1.15203     3.68057e-08              
        1.15325     2.68582e-08              
        1.15448     4.07847e-08              
         1.1557     4.27742e-08              
        1.15692     3.68057e-08              
        1.15814     3.78004e-08              
        1.15936     4.07847e-08              
        1.16058     2.78529e-08              
         1.1618     5.17269e-08              
        1.16302     4.67531e-08              
        1.16424     3.13346e-07              
        1.16546     3.78004e-08              
        1.16668     3.68057e-08              
         1.1679     3.87952e-08              
        1.16912     3.38214e-08              
        1.17034     7.36113e-08              
        1.17157     3.68057e-08              
         1.1728     3.48162e-08              
        1.17402     3.78004e-08              
        1.17524     3.68057e-08              
        1.17646     3.97899e-08              
        1.17768     2.28792e-08              
         1.1789     3.58109e-08              
        1.18012     3.58109e-08              
        1.18134     4.47636e-08              
        1.18256     3.18319e-08              
        1.18378     4.07847e-08              
          1.185     3.68057e-08              
        1.18622     3.68057e-08              
        1.18744     5.07321e-08              
        1.18866     3.18319e-08              
        1.18989     2.68582e-08              
        1.19111     2.58634e-08              
        1.19233     2.78529e-08              
        1.19355     2.68582e-08              
        1.19477     3.68057e-08              
        1.19599     4.17794e-08              
        1.19721     3.58109e-08              
        1.19843     3.08372e-08              
        1.19965     3.18319e-08              
        1.20087     3.78004e-08              
        1.20209     3.68057e-08              
        1.20331     2.78529e-08              
        1.20453     2.88477e-08              
        1.20575     2.38739e-08              
        1.20697     3.18319e-08              
        1.20819     3.68057e-08              
        1.20941     3.58109e-08              
        1.21063     4.77479e-08              
        1.21185     3.18319e-08              
        1.21307     3.28267e-08              
        1.21429     3.78004e-08              
        1.21551     4.27742e-08              
        1.21673     2.88477e-08              
        1.21795     3.28267e-08              
        1.21917     2.68582e-08              
        1.22039     3.38214e-08              
        1.22161     3.97899e-08              
        1.22283     3.78004e-08              
        1.22406     3.28267e-08              
        1.22528     3.28267e-08              
         1.2265     3.97899e-08              
        1.22772     4.17794e-08              
        1.22894     3.28267e-08              
        1.23016     3.78004e-08              
        1.23138     3.38214e-08              
         1.2326     3.87952e-08              
        1.23382     3.48162e-08              
        1.23504     3.87952e-08              
        1.23626     3.58109e-08              
        1.23748     3.08372e-08              
         1.2387     2.98424e-08              
        1.23992     2.88477e-08              
        1.24115     3.18319e-08              
        1.24238     3.87952e-08              
         1.2436     2.78529e-08              
        1.24482     4.37689e-08              
        1.24604     3.18319e-08              
        1.24726     2.68582e-08              
        1.24848     3.08372e-08              
         1.2497     4.87426e-08              
        1.25091     3.48162e-08              
        1.25213     3.48162e-08              
        1.25335     3.48162e-08              
        1.25457     3.18319e-08              
        1.25579     3.48162e-08              
        1.25701     3.58109e-08              
        1.25823     2.88477e-08              
        1.25947     2.78529e-08              
        1.26069     3.48162e-08              
        1.26191     3.58109e-08              
        1.26313     3.08372e-08              
        1.26435     2.98424e-08              
        1.26557     3.18319e-08              
        1.26679     2.98424e-08              
        1.26801     2.38739e-08              
        1.26923     2.88477e-08              
        1.27045     2.18845e-08              
        1.27167     4.08841e-07              
        1.27289     2.78529e-08              
        1.27411     2.68582e-08              
        1.27533     3.08372e-08              
        1.27656     3.78004e-08              
        1.27778     3.28267e-08              
          1.279     2.68582e-08              
        1.28022     2.38739e-08              
        1.28144     2.88477e-08              
        1.28266     2.48687e-08              
        1.28388     3.28267e-08              
         1.2851     2.78529e-08              
        1.28632     3.78004e-08              
        1.28754     2.08897e-08              
        1.28876     3.18319e-08              
        1.28998     3.78004e-08              
         1.2912     2.08897e-08              
        1.29242     3.18319e-08              
        1.29364     2.48687e-08              
        1.29486     3.68057e-08              
        1.29608     3.48162e-08              
         1.2973     3.08372e-08              
        1.29852     3.48162e-08              
        1.29974     3.87952e-08              
        1.30096     2.98424e-08              
        1.30218     2.88477e-08              
         1.3034     2.78529e-08              
        1.30462     2.78529e-08              
        1.30584     3.38214e-08              
        1.30706     2.48687e-08              
        1.30828     3.18319e-08              
         1.3095     3.58109e-08              
        1.31073     2.68582e-08              
        1.31195     2.78529e-08              
        1.31317     3.78004e-08              
        1.31439     2.88477e-08              
        1.31561     3.18319e-08              
        1.31683     2.98424e-08              
        1.31805     3.38214e-08              
        1.31927     3.68057e-08              
        1.32049     2.88477e-08              
        1.32171     3.38214e-08              
        1.32293     3.78004e-08              
        1.32415     2.58634e-08              
        1.32537     3.38214e-08              
        1.32659     4.07847e-08              
        1.32781     4.47636e-08              
        1.32905     3.08372e-08              
        1.33027     2.58634e-08              
        1.33149     3.28267e-08              
        1.33271     3.48162e-08              
        1.33393     2.58634e-08              
        1.33515     2.78529e-08              
        1.33637     3.58109e-08              
        1.33759     3.87952e-08              
        1.33881     3.08372e-08              
        1.34003     2.98424e-08              
        1.34125     2.58634e-08              
        1.34247     1.79055e-08              
        1.34369     2.98424e-08              
        1.34491     3.48162e-08              
        1.34614     2.08897e-08              
        1.34736     2.78529e-08              
        1.34858     2.28792e-08              
         1.3498     2.18845e-08              
        1.35102     2.68582e-08              
        1.35224     2.18845e-08              
        1.35346     3.28267e-08              
        1.35468     1.79055e-08              
         1.3559     3.28267e-08              
        1.35712     2.38739e-08              
        1.35834     2.78529e-08              
        1.35956     3.78004e-08              
        1.36078     3.28267e-08              
          1.362     3.68057e-08              
        1.36322     2.58634e-08              
        1.36444     3.58109e-08              
        1.36566     3.38214e-08              
        1.36688     4.07847e-08              
         1.3681     3.08372e-08              
        1.36932     3.08372e-08              
        1.37054     2.98424e-08              
        1.37176     3.18319e-08              
        1.37298     3.97899e-08              
         1.3742     2.58634e-08              
        1.37542     2.88477e-08              
        1.37664     3.28267e-08              
        1.37786     2.18845e-08              
        1.37908     4.07847e-08              
        1.38031     2.38739e-08              
        1.38153     3.28267e-08              
        1.38275     3.18319e-08              
        1.38397     2.48687e-08              
        1.38519     2.58634e-08              
        1.38641     2.48687e-08              
        1.38763     2.98424e-08              
        1.38885     2.38739e-08              
        1.39007     3.58109e-08              
        1.39129     3.18319e-08              
        1.39251     3.58109e-08              
        1.39373     3.78004e-08              
        1.39495     2.58634e-08              
        1.39617     2.48687e-08              
         1.3974     3.08372e-08              
        1.39863     2.78529e-08              
        1.39985     2.88477e-08              
        1.40107     3.87952e-08              
        1.40229     2.98424e-08              
        1.40351     3.08372e-08              
        1.40473     3.38214e-08              
        1.40595     3.28267e-08              
        1.40716     3.97899e-08              
        1.40838     3.78004e-08              
         1.4096     2.88477e-08              
        1.41082     1.69107e-08              
        1.41204     2.78529e-08              
        1.41326     3.38214e-08              
        1.41448     2.68582e-08              
        1.41572     3.18319e-08              
        1.41694     2.48687e-08              
        1.41816     3.38214e-08              
        1.41938     2.28792e-08              
         1.4206     2.98424e-08              
        1.42182     2.48687e-08              
        1.42304     3.78004e-08              
        1.42426     2.18845e-08              
        1.42548     2.78529e-08              
         1.4267     2.58634e-08              
        1.42792     2.38739e-08              
        1.42914     2.38739e-08              
        1.43036     3.38214e-08              
        1.43158     2.78529e-08              
        1.43281     3.68057e-08              
        1.43403     2.78529e-08              
        1.43525     3.08372e-08              
        1.43647     2.98424e-08              
        1.43769     2.28792e-08              
        1.43891     2.28792e-08              
        1.44013     3.58109e-08              
        1.44135     2.18845e-08              
        1.44257     2.88477e-08              
        1.44379     2.58634e-08              
        1.44501     1.12406e-07              
        1.44623     2.58634e-08              
        1.44745     2.58634e-08              
        1.44867     2.48687e-08              
        1.44989     2.58634e-08              
        1.45111     3.38214e-08              
        1.45233     2.68582e-08              
        1.45355     2.78529e-08              
        1.45477     2.38739e-08              
        1.45599     3.28267e-08              
        1.45721     3.28267e-08              
        1.45843     2.88477e-08              
        1.45965     2.18845e-08              
        1.46087     2.98424e-08              
        1.46209     2.38739e-08              
        1.46331     2.08897e-08              
        1.46453     2.68582e-08              
        1.46575     2.98424e-08              
        1.46698     2.58634e-08              
         1.4682     2.28792e-08              
        1.46942     2.68582e-08              
        1.47064     2.78529e-08              
        1.47186     2.78529e-08              
        1.47308     2.48687e-08              
         1.4743     3.38214e-08              
        1.47552     2.08897e-08              
        1.47674     3.18319e-08              
        1.47796     3.28267e-08              
        1.47918     2.38739e-08              
         1.4804     2.68582e-08              
        1.48162     2.28792e-08              
        1.48284     2.88477e-08              
        1.48407     2.78529e-08              
         1.4853     2.28792e-08              
        1.48652     2.58634e-08              
        1.48774     3.48162e-08              
        1.48896     2.48687e-08              
        1.49018     3.87952e-08              
         1.4914     2.08897e-08              
        1.49262     2.88477e-08              
        1.49384     2.78529e-08              
        1.49506     2.68582e-08              
        1.49628     2.68582e-08              
         1.4975     2.48687e-08              
        1.49872     2.68582e-08              
        1.49994     2.08897e-08              
        1.50116     3.48162e-08              
        1.50239     2.48687e-08              
        1.50361     2.18845e-08              
        1.50483     2.98424e-08              
        1.50605     3.18319e-08              
        1.50727     2.58634e-08              
        1.50849     3.08372e-08              
        1.50971     3.28267e-08              
        1.51093     2.48687e-08              
        1.51215     3.08372e-08              
        1.51337     3.18319e-08              
        1.51459     3.28267e-08              
        1.51581     3.48162e-08              
        1.51703     2.48687e-08              
        1.51825     2.18845e-08              
        1.51947     2.58634e-08              
        1.52069     2.68582e-08              
        1.52191     2.58634e-08              
        1.52313     2.68582e-08              
        1.52435     2.08897e-08              
        1.52557      1.5916e-08              
        1.52679     2.78529e-08              
        1.52801     2.48687e-08              
        1.52923     2.48687e-08              
        1.53045     2.08897e-08              
        1.53167     2.58634e-08              
        1.53289     1.69107e-08              
        1.53411     2.88477e-08              
        1.53533     2.58634e-08              
        1.53656     2.08897e-08              
        1.53778     2.08897e-08              
          1.539     3.87952e-08              
        1.54022     2.88477e-08              
        1.54144     2.58634e-08              
        1.54266     3.28267e-08              
        1.54388     3.08372e-08              
         1.5451     2.68582e-08              
        1.54632     2.28792e-08              
        1.54754     2.48687e-08              
        1.54876     2.18845e-08              
        1.54998     2.98424e-08              
         1.5512     1.49212e-08              
        1.55242     2.48687e-08              
        1.55365     3.48162e-08              
        1.55488     2.28792e-08              
         1.5561     2.58634e-08              
        1.55732     2.58634e-08              
        1.55854     1.69107e-08              
        1.55976     2.58634e-08              
        1.56098     2.58634e-08              
         1.5622     2.48687e-08              
        1.56341     2.18845e-08              
        1.56463     2.28792e-08              
        1.56585     2.98424e-08              
        1.56707     2.38739e-08              
        1.56829     2.88477e-08              
        1.56951     2.48687e-08              
        1.57073     3.08372e-08              
        1.57197     2.18845e-08              
        1.57319      1.9895e-08              
        1.57441     3.08372e-08              
        1.57563     2.38739e-08              
        1.57685     2.28792e-08              
        1.57807     3.87952e-08              
        1.57929     2.58634e-08              
        1.58051     2.28792e-08              
        1.58173     2.38739e-08              
        1.58295     2.88477e-08              
        1.58417     2.18845e-08              
        1.58539     2.98424e-08              
        1.58661      1.9895e-08              
        1.58783     2.58634e-08              
        1.58906     2.58634e-08              
        1.59028     2.78529e-08              
         1.5915     2.48687e-08              
        1.59272      1.9895e-08              
        1.59394     1.89002e-08              
        1.59516      1.5916e-08              
        1.59638     2.18845e-08              
         1.5976     2.58634e-08              
        1.59882     1.89002e-08              
        1.60004     2.78529e-08              
        1.60126     6.36639e-08              
        1.60248      1.5916e-08              
         1.6037     2.78529e-08              
        1.60492     2.38739e-08              
        1.60614     1.49212e-08              
        1.60736     2.18845e-08              
        1.60858      1.9895e-08              
         1.6098     2.08897e-08              
        1.61102     2.48687e-08              
        1.61224     2.18845e-08              
        1.61346     3.08372e-08              
        1.61468     2.98424e-08              
         1.6159     3.68057e-08              
        1.61712     2.18845e-08              
        1.61834     2.78529e-08              
        1.61956     1.89002e-08              
        1.62078     2.38739e-08              
          1.622      1.9895e-08              
        1.62323     2.78529e-08              
        1.62445     2.48687e-08              
        1.62567      1.9895e-08              
        1.62689     3.38214e-08              
        1.62811     2.98424e-08              
        1.62933     2.58634e-08              
        1.63055     2.48687e-08              
        1.63177     3.18319e-08              
        1.63299     2.38739e-08              
        1.63421     2.08897e-08              
        1.63543     2.58634e-08              
        1.63665     2.88477e-08              
        1.63787     1.79055e-08              
        1.63909     3.28267e-08              
        1.64031     2.88477e-08              
        1.64155     2.38739e-08              
        1.64277     2.78529e-08              
        1.64399      1.9895e-08              
        1.64521     2.68582e-08              
        1.64643     1.89002e-08              
        1.64765     3.68057e-08              
        1.64887     2.48687e-08              
        1.65009      1.9895e-08              
        1.65131     2.58634e-08              
        1.65253     2.48687e-08              
        1.65375     2.08897e-08              
        1.65497     2.48687e-08              
        1.65619     2.18845e-08              
        1.65741     2.38739e-08              
        1.65864     2.88477e-08              
        1.65986     1.79055e-08              
        1.66108     2.28792e-08              
         1.6623     2.18845e-08              
        1.66352     1.79055e-08              
        1.66474     1.79055e-08              
        1.66596     2.28792e-08              
        1.66718     2.88477e-08              
         1.6684     2.98424e-08              
        1.66962     1.79055e-08              
        1.67084     2.28792e-08              
        1.67206     2.38739e-08              
        1.67328     2.18845e-08              
         1.6745     1.79055e-08              
        1.67572     2.28792e-08              
        1.67694      1.9895e-08              
        1.67816     2.48687e-08              
        1.67938     2.28792e-08              
         1.6806     2.18845e-08              
        1.68182     1.69107e-08              
        1.68304     3.68057e-08              
        1.68426      1.9895e-08              
        1.68548     2.68582e-08              
         1.6867     2.08897e-08              
        1.68792      1.9895e-08              
        1.68914     2.98424e-08              
        1.69036     2.48687e-08              
        1.69158     2.38739e-08              
        1.69281     3.68057e-08              
        1.69403     2.58634e-08              
        1.69525     1.49212e-08              
        1.69647      1.5916e-08              
        1.69769     2.08897e-08              
        1.69891      1.9895e-08              
        1.70013     1.29317e-08              
        1.70135     2.78529e-08              
        1.70257      1.9895e-08              
        1.70379     2.38739e-08              
        1.70501      1.9895e-08              
        1.70623      1.5916e-08              
        1.70745      1.9895e-08              
        1.70867     2.38739e-08              
         1.7099     2.88477e-08              
        1.71113     2.28792e-08              
        1.71235     3.78004e-08              
        1.71357     2.18845e-08              
        1.71479     2.08897e-08              
        1.71601      1.5916e-08              
        1.71723     2.68582e-08              
        1.71845     2.08897e-08              
        1.71966     2.88477e-08              
        1.72088     1.49212e-08              
         1.7221     2.78529e-08              
        1.72332     2.58634e-08              
        1.72454     2.78529e-08              
        1.72576     1.69107e-08              
        1.72698     2.38739e-08              
        1.72822     1.89002e-08              
        1.72944     2.08897e-08              
        1.73066      1.5916e-08              
        1.73188     1.69107e-08              
         1.7331     2.78529e-08              
        1.73432     2.48687e-08              
        1.73554     2.28792e-08              
        1.73676     1.79055e-08              
        1.73798     3.18319e-08              
         1.7392     1.89002e-08              
        1.74042     2.38739e-08              
        1.74164     1.79055e-08              
        1.74286     3.38214e-08              
        1.74408     2.08897e-08              
        1.74531      1.5916e-08              
        1.74653     2.58634e-08              
        1.74775     2.08897e-08              
        1.74897     2.58634e-08              
        1.75019     2.18845e-08              
        1.75141     1.79055e-08              
        1.75263     2.08897e-08              
        1.75385      1.9895e-08              
        1.75507     2.38739e-08              
        1.75629     1.79055e-08              
        1.75751     2.28792e-08              
        1.75873     2.78529e-08              
        1.75995     1.69107e-08              
        1.76117     2.18845e-08              
        1.76239      1.5916e-08              
        1.76361     2.38739e-08              
        1.76483     2.08897e-08              
        1.76605     1.89002e-08              
        1.76727     2.18845e-08              
        1.76849     2.08897e-08              
        1.76971      1.9895e-08              
        1.77093     2.58634e-08              
        1.77215     2.38739e-08              
        1.77337     1.79055e-08              
        1.77459     1.79055e-08              
        1.77581     1.89002e-08              
        1.77703     1.69107e-08              
        1.77825     2.18845e-08              
        1.77948     2.38739e-08              
         1.7807     2.38739e-08              
        1.78192     2.28792e-08              
        1.78314     2.68582e-08              
        1.78436     2.48687e-08              
        1.78558     1.89002e-08              
         1.7868     2.18845e-08              
        1.78802     3.58109e-08              
        1.78924     1.39265e-08              
        1.79046     2.18845e-08              
        1.79168     2.38739e-08              
         1.7929     2.58634e-08              
        1.79412     2.88477e-08              
        1.79534      1.9895e-08              
        1.79657     2.18845e-08              
         1.7978     2.38739e-08              
        1.79902     2.68582e-08              
        1.80024     2.18845e-08              
        1.80146     2.18845e-08              
        1.80268     1.49212e-08              
         1.8039     2.88477e-08              
        1.80512     2.88477e-08              
        1.80634     2.58634e-08              
        1.80756     2.68582e-08              
        1.80878     2.48687e-08              
           1.81     2.68582e-08              
        1.81122     1.69107e-08              
        1.81244     2.48687e-08              
        1.81366     2.28792e-08              
        1.81489     2.08897e-08              
        1.81611     1.89002e-08              
        1.81733     1.89002e-08              
        1.81855     2.28792e-08              
        1.81977      1.5916e-08              
        1.82099     2.18845e-08              
        1.82221     2.08897e-08              
        1.82343      1.9895e-08              
        1.82465     2.68582e-08              
        1.82587     1.69107e-08              
        1.82709      1.9895e-08              
        1.82831     3.48162e-08              
        1.82953     1.79055e-08              
        1.83075     2.28792e-08              
        1.83197     2.78529e-08              
        1.83319     1.69107e-08              
        1.83441     1.49212e-08              
        1.83563     2.08897e-08              
        1.83685      1.9895e-08              
        1.83807     1.89002e-08              
        1.83929     2.28792e-08              
        1.84051     2.18845e-08              
        1.84173      1.5916e-08              
        1.84295     2.48687e-08              
        1.84417     1.49212e-08              
        1.84539     1.69107e-08              
        1.84661     3.18319e-08              
        1.84783     1.69107e-08              
        1.84906     2.68582e-08              
        1.85028     2.28792e-08              
         1.8515     1.69107e-08              
        1.85272     2.58634e-08              
        1.85394     3.28267e-08              
        1.85516     2.48687e-08              
        1.85638      1.9895e-08              
         1.8576     2.48687e-08              
        1.85882     1.39265e-08              
        1.86004     2.18845e-08              
        1.86126     1.69107e-08              
        1.86248     2.68582e-08              
         1.8637     2.18845e-08              
        1.86492     2.38739e-08              
        1.86615     2.28792e-08              
        1.86738     2.28792e-08              
         1.8686     2.08897e-08              
        1.86982     1.89002e-08              
        1.87104     2.08897e-08              
        1.87226      1.5916e-08              
        1.87348     3.08372e-08              
         1.8747     2.08897e-08              
        1.87591     1.39265e-08              
        1.87713     2.18845e-08              
        1.87835     1.29317e-08              
        1.87957     1.89002e-08              
        1.88079     2.18845e-08              
        1.88201     2.38739e-08              
        1.88323     1.09422e-08              
        1.88447     1.49212e-08              
        1.88569     2.08897e-08              
        1.88691     2.38739e-08              
        1.88813     2.58634e-08              
        1.88935     2.08897e-08              
        1.89057     2.98424e-08              
        1.89179     2.38739e-08              
        1.89301     1.79055e-08              
        1.89423     1.89002e-08              
        1.89545      1.9895e-08              
        1.89667     2.38739e-08              
        1.89789      1.5916e-08              
        1.89911     2.08897e-08              
        1.90033     1.89002e-08              
        1.90156     2.38739e-08              
        1.90278     2.78529e-08              
          1.904     2.98424e-08              
        1.90522     2.08897e-08              
        1.90644     1.79055e-08              
        1.90766     2.18845e-08              
        1.90888      1.5916e-08              
         1.9101     2.38739e-08              
        1.91132     2.58634e-08              
        1.91254      1.5916e-08              
        1.91376      1.5916e-08              
        1.91498     2.28792e-08              
         1.9162     2.08897e-08              
        1.91742     2.28792e-08              
        1.91864     1.89002e-08              
        1.91986     1.69107e-08              
        1.92108     2.08897e-08              
         1.9223     1.89002e-08              
        1.92352      1.9895e-08              
        1.92474     2.18845e-08              
        1.92596     1.79055e-08              
        1.92718      1.9895e-08              
         1.9284     1.49212e-08              
        1.92962     2.28792e-08              
        1.93084      1.5916e-08              
        1.93206     2.38739e-08              
        1.93328     1.39265e-08              
         1.9345     2.38739e-08              
        1.93573     9.94748e-09              
        1.93695     3.68057e-08              
        1.93817     1.79055e-08              
        1.93939      1.5916e-08              
        1.94061     1.79055e-08              
        1.94183     2.78529e-08              
        1.94305     1.49212e-08              
        1.94427      1.9895e-08              
        1.94549     1.29317e-08              
        1.94671     1.89002e-08              
        1.94793     2.18845e-08              
        1.94915      1.5916e-08              
        1.95037     2.81514e-07              
        1.95159       9.848e-08              
        1.95281     1.49212e-08              
        1.95405     1.29317e-08              
        1.95527     2.28792e-08              
        1.95649     1.39265e-08              
        1.95771     1.89002e-08              
        1.95893     1.80049e-07              
        1.96015      1.1937e-08              
        1.96137     1.09422e-08              
        1.96259     2.18845e-08              
        1.96381     1.89002e-08              
        1.96503     2.68582e-08              
        1.96625      1.9895e-08              
        1.96747     1.89002e-08              
        1.96869     1.39265e-08              
        1.96991      1.5916e-08              
        1.97114     2.28792e-08              
        1.97236     2.08897e-08              
        1.97358     2.18845e-08              
         1.9748     3.48162e-08              
        1.97602      1.9895e-08              
        1.97724     2.28792e-08              
        1.97846     1.69107e-08              
        1.97968     2.18845e-08              
         1.9809     2.38739e-08              
        1.98212     2.78529e-08              
        1.98334     2.68582e-08              
        1.98456     1.89002e-08              
        1.98578     1.79055e-08              
          1.987     1.69107e-08              
        1.98822     2.78529e-08              
        1.98944     2.38739e-08              
        1.99066     1.69107e-08              
        1.99188      1.1937e-08              
         1.9931     1.29317e-08              
        1.99432      1.9895e-08              
        1.99554     2.48687e-08              
        1.99676     2.58634e-08              
        1.99798     1.79055e-08              
