        3.99871     7.95798e-09              
        3.99993     6.96323e-09              
        4.00115     8.95273e-09              
        4.00239     7.95798e-09              
        4.00361     1.79055e-08              
        4.00483     6.96323e-09              
        4.00605     8.95273e-09              
        4.00727     8.95273e-09              
        4.00849     9.94748e-09              
        4.00971     2.98424e-09              
        4.01093     9.94748e-09              
        4.01215     1.29317e-08              
        4.01337     8.95273e-09              
        4.01459     2.98424e-09              
        4.01581     8.95273e-09              
        4.01703     7.95798e-09              
        4.01825     7.95798e-09              
        4.01947     6.96323e-09              
        4.02069     1.09422e-08              
        4.02191     7.95798e-09              
        4.02313     7.95798e-09              
        4.02435     7.95798e-09              
        4.02557     4.97374e-09              
        4.02679     4.97374e-09              
        4.02801     2.08897e-08              
        4.02923     4.97374e-09              
        4.03045     6.96323e-09              
        4.03167     7.95798e-09              
        4.03289     6.96323e-09              
        4.03411     1.09422e-08              
        4.03533     7.95798e-09              
        4.03656     1.29317e-08              
        4.03779     4.97374e-09              
        4.03901     1.09422e-08              
        4.04023     1.39265e-08              
        4.04145     5.96849e-09              
        4.04267     7.95798e-09              
        4.04389      1.1937e-08              
        4.04511     6.96323e-09              
        4.04633     6.96323e-09              
        4.04755     8.95273e-09              
        4.04877     7.95798e-09              
        4.04999     8.95273e-09              
        4.05121     8.95273e-09              
        4.05243      1.9895e-09              
        4.05365     3.18319e-08              
        4.05488     1.09422e-08              
         4.0561     1.29317e-08              
        4.05732     4.97374e-09              
        4.05854     4.97374e-09              
        4.05976     1.29317e-08              
        4.06098     1.49212e-08              
         4.0622     7.95798e-09              
        4.06341      1.1937e-08              
        4.06463     5.96849e-09              
        4.06585     5.96849e-09              
        4.06707     6.96323e-09              
        4.06829     4.97374e-09              
        4.06951     1.09422e-08              
        4.07073     5.96849e-09              
        4.07196      1.5916e-08              
        4.07318     6.96323e-09              
         4.0744      1.1937e-08              
        4.07562     7.95798e-09              
        4.07684     1.29317e-08              
        4.07806     7.95798e-09              
        4.07928     8.95273e-09              
         4.0805     7.95798e-09              
        4.08172     8.95273e-09              
        4.08294     4.07847e-08              
        4.08416     1.09422e-08              
        4.08538     9.94748e-09              
         4.0866     2.98424e-09              
        4.08782     1.09422e-08              
        4.08906     3.97899e-09              
        4.09028     6.96323e-09              
         4.0915     4.97374e-09              
        4.09272     8.95273e-09              
        4.09394     9.94748e-09              
        4.09516     1.49212e-08              
        4.09638     1.29317e-08              
         4.0976     1.39265e-08              
        4.09882     6.96323e-09              
        4.10004     4.97374e-09              
        4.10126     1.09422e-08              
        4.10248     5.96849e-09              
         4.1037     7.95798e-09              
        4.10492     7.95798e-09              
        4.10614     8.95273e-09              
        4.10736      1.9895e-09              
        4.10858     3.97899e-09              
         4.1098     9.94748e-09              
        4.11102     5.96849e-09              
        4.11224     1.09422e-08              
        4.11346     8.95273e-09              
        4.11468     6.96323e-09              
         4.1159     4.97374e-09              
        4.11712     7.95798e-09              
        4.11834     7.95798e-09              
        4.11956     8.95273e-09              
        4.12078     8.95273e-09              
          4.122      1.9895e-09              
        4.12323     3.97899e-09              
        4.12446     5.96849e-09              
        4.12568     9.94748e-09              
         4.1269     4.97374e-09              
        4.12812     1.39265e-08              
        4.12934     6.96323e-09              
        4.13056     7.95798e-09              
        4.13178     1.09422e-08              
          4.133     1.09422e-08              
        4.13422     1.39265e-08              
        4.13544     1.49212e-08              
        4.13666     8.95273e-09              
        4.13788     2.08897e-08              
         4.1391     1.39265e-08              
        4.14032     5.96849e-09              
        4.14154     4.97374e-09              
        4.14276     7.95798e-09              
        4.14398     9.94748e-09              
         4.1452      1.1937e-08              
        4.14642     9.94748e-09              
        4.14764     7.95798e-09              
        4.14886     3.97899e-09              
        4.15008     9.94748e-09              
         4.1513     7.95798e-09              
        4.15252     6.96323e-09              
        4.15374     9.94748e-09              
        4.15496     7.95798e-09              
        4.15618     6.96323e-09              
         4.1574     1.39265e-08              
        4.15864     6.96323e-09              
        4.15986     4.97374e-09              
        4.16108     7.95798e-09              
         4.1623     8.95273e-09              
        4.16352      1.1937e-08              
        4.16474     8.95273e-09              
        4.16596     4.97374e-09              
        4.16718     9.94748e-09              
         4.1684     1.39265e-08              
        4.16962      1.1937e-08              
        4.17084     5.96849e-09              
        4.17206      1.9895e-09              
        4.17328     9.94748e-09              
         4.1745     6.96323e-09              
        4.17572     3.97899e-09              
        4.17694     8.95273e-09              
        4.17816     8.95273e-09              
        4.17938     9.94748e-09              
         4.1806     1.39265e-08              
        4.18182     5.96849e-09              
        4.18304     3.97899e-09              
        4.18426     2.98424e-09              
        4.18548     2.98424e-09              
         4.1867     5.96849e-09              
        4.18792     7.95798e-09              
        4.18914     1.09422e-08              
        4.19036     8.95273e-09              
        4.19158     1.49212e-08              
        4.19281     6.96323e-09              
        4.19404     9.94748e-09              
        4.19526     8.95273e-09              
        4.19648     4.97374e-09              
         4.1977     7.95798e-09              
        4.19892     8.95273e-09              
        4.20014      1.1937e-08              
        4.20136     6.96323e-09              
        4.20258     1.29317e-08              
         4.2038     5.96849e-09              
        4.20502     6.96323e-09              
        4.20624     2.98424e-09              
        4.20746     5.96849e-09              
        4.20868     8.95273e-09              
         4.2099     9.94748e-09              
        4.21113     5.96849e-09              
        4.21235     8.95273e-09              
        4.21357     7.95798e-09              
        4.21479      1.1937e-08              
        4.21601     5.96849e-09              
        4.21723     1.39265e-08              
        4.21845     1.09422e-08              
        4.21966     5.96849e-09              
        4.22088     7.95798e-09              
         4.2221     1.09422e-08              
        4.22332     5.96849e-09              
        4.22454     4.97374e-09              
        4.22576     1.09422e-08              
        4.22698     6.96323e-09              
        4.22821     6.96323e-09              
        4.22943     5.96849e-09              
        4.23065     5.96849e-09              
        4.23187     4.97374e-09              
        4.23309     4.97374e-09              
        4.23431     1.09422e-08              
        4.23553     9.94748e-09              
        4.23675     7.95798e-09              
        4.23797     5.96849e-09              
        4.23919     6.96323e-09              
        4.24041     6.96323e-09              
        4.24163     7.95798e-09              
        4.24285     7.95798e-09              
        4.24407     5.96849e-09              
        4.24531     5.96849e-09              
        4.24653     5.96849e-09              
        4.24775     4.97374e-09              
        4.24897     9.94748e-09              
        4.25019     6.96323e-09              
        4.25141     1.09422e-08              
        4.25263     6.96323e-09              
        4.25385     4.97374e-09              
        4.25507     6.96323e-09              
        4.25629     5.96849e-09              
        4.25751      1.1937e-08              
        4.25873     5.96849e-09              
        4.25995     1.39265e-08              
        4.26117     6.96323e-09              
        4.26239     6.96323e-09              
        4.26361     7.95798e-09              
        4.26483     7.95798e-09              
        4.26605     6.96323e-09              
        4.26727     1.29317e-08              
        4.26849     2.98424e-09              
        4.26971     9.94748e-09              
        4.27093     9.94748e-09              
        4.27215     4.97374e-09              
        4.27337     6.96323e-09              
        4.27459      1.1937e-08              
        4.27581     1.09422e-08              
        4.27703     5.96849e-09              
        4.27825     8.95273e-09              
        4.27948     6.96323e-09              
        4.28071     6.96323e-09              
        4.28193     1.09422e-08              
        4.28315     7.95798e-09              
        4.28437     7.95798e-09              
        4.28559     7.95798e-09              
        4.28681     1.49212e-08              
        4.28803     7.95798e-09              
        4.28925     6.96323e-09              
        4.29047     7.95798e-09              
        4.29169     6.96323e-09              
        4.29291     7.95798e-09              
        4.29413     6.96323e-09              
        4.29535      1.1937e-08              
        4.29657     9.94748e-09              
        4.29779     2.28792e-08              
        4.29901     7.95798e-09              
        4.30023     9.94748e-09              
        4.30145     9.94748e-09              
        4.30267     5.96849e-09              
        4.30389     5.96849e-09              
        4.30511     7.95798e-09              
        4.30633     9.94748e-09              
        4.30755     9.94748e-09              
        4.30877     8.95273e-09              
        4.30999     1.09422e-08              
        4.31121     5.96849e-09              
        4.31243     5.96849e-09              
        4.31365     4.97374e-09              
        4.31489     5.96849e-09              
        4.31611     9.94748e-09              
        4.31733     9.94748e-09              
        4.31855     1.09422e-08              
        4.31977      1.1937e-08              
        4.32099     8.95273e-09              
        4.32221     2.98424e-09              
        4.32343     1.09422e-08              
        4.32465     7.95798e-09              
        4.32587     8.95273e-09              
        4.32709     5.96849e-09              
        4.32831     9.94748e-09              
        4.32953      1.1937e-08              
        4.33075     6.96323e-09              
        4.33197     4.97374e-09              
        4.33319     6.96323e-09              
        4.33441     6.96323e-09              
        4.33563     4.97374e-09              
        4.33685     5.96849e-09              
        4.33807     1.29317e-08              
        4.33929     9.94748e-09              
        4.34051     6.96323e-09              
        4.34173     9.94748e-09              
        4.34295     5.96849e-09              
        4.34417     7.95798e-09              
        4.34539     1.09422e-08              
        4.34661     2.98424e-09              
        4.34783      1.1937e-08              
        4.34906     1.39265e-08              
        4.35029     8.95273e-09              
        4.35151     8.95273e-09              
        4.35273     3.97899e-09              
        4.35395     5.96849e-09              
        4.35517     1.49212e-08              
        4.35639     2.98424e-09              
        4.35761     9.94748e-09              
        4.35883     5.96849e-09              
        4.36005     7.95798e-09              
        4.36127     1.09422e-08              
        4.36249     5.96849e-09              
        4.36371     1.49212e-08              
        4.36493     8.95273e-09              
        4.36615     5.96849e-09              
        4.36738     6.96323e-09              
         4.3686      1.1937e-08              
        4.36982     9.94748e-09              
        4.37104     5.96849e-09              
        4.37226     2.98424e-09              
        4.37348     9.94748e-09              
         4.3747     9.94748e-09              
        4.37591     2.98424e-09              
        4.37713     2.98424e-09              
        4.37835     5.96849e-09              
        4.37957     7.95798e-09              
        4.38079     5.96849e-09              
        4.38201     1.09422e-08              
        4.38323     9.94748e-09              
        4.38446     4.97374e-09              
        4.38568     5.96849e-09              
         4.3869     9.94748e-09              
        4.38812     8.95273e-09              
        4.38934     5.96849e-09              
        4.39056     9.94748e-09              
        4.39178     5.96849e-09              
          4.393     4.97374e-09              
        4.39422     5.96849e-09              
        4.39544     4.97374e-09              
        4.39666     6.96323e-09              
        4.39788     5.96849e-09              
         4.3991     4.97374e-09              
        4.40032     5.96849e-09              
        4.40156     9.94748e-09              
        4.40278     9.94748e-09              
          4.404      1.9895e-09              
        4.40522     2.98424e-09              
        4.40644     1.09422e-08              
        4.40766     8.95273e-09              
        4.40888     9.94748e-09              
         4.4101     7.95798e-09              
        4.41132     6.96323e-09              
        4.41254     8.95273e-09              
        4.41376      1.5916e-08              
        4.41498     1.89002e-08              
         4.4162     5.96849e-09              
        4.41742     6.96323e-09              
        4.41864     7.95798e-09              
        4.41986     5.96849e-09              
        4.42108     4.97374e-09              
         4.4223     5.96849e-09              
        4.42352     7.95798e-09              
        4.42474     9.94748e-09              
        4.42596     7.95798e-09              
        4.42718     1.09422e-08              
         4.4284     9.94748e-09              
        4.42962     7.95798e-09              
        4.43084     9.94748e-09              
        4.43206     9.94748e-09              
        4.43328     3.97899e-09              
         4.4345     7.95798e-09              
        4.43573     6.96323e-09              
        4.43696     2.98424e-09              
        4.43818     6.96323e-09              
         4.4394      1.5916e-08              
        4.44062     5.96849e-08              
        4.44184     6.96323e-09              
        4.44306     7.95798e-09              
        4.44428      1.1937e-08              
         4.4455     7.95798e-09              
        4.44672     5.96849e-09              
        4.44794     1.39265e-08              
        4.44916     6.96323e-09              
        4.45038     6.96323e-09              
         4.4516     4.97374e-09              
        4.45282      1.1937e-08              
        4.45404     6.96323e-09              
        4.45526     6.96323e-09              
        4.45648     1.29317e-08              
         4.4577      1.5916e-08              
        4.45892     9.94748e-09              
        4.46014     4.97374e-09              
        4.46136     8.95273e-09              
        4.46258     4.97374e-09              
         4.4638     5.96849e-09              
        4.46502     7.95798e-09              
        4.46624     8.95273e-09              
        4.46746     3.97899e-09              
        4.46868     6.96323e-09              
         4.4699     2.98424e-09              
        4.47114     1.09422e-08              
        4.47236     5.96849e-09              
        4.47358     7.95798e-09              
         4.4748     5.96849e-09              
        4.47602     9.94748e-09              
        4.47724     6.96323e-09              
        4.47846     7.95798e-09              
        4.47968     6.96323e-09              
         4.4809      1.9895e-09              
        4.48212     7.95798e-09              
        4.48334     9.94748e-09              
        4.48456     7.95798e-09              
        4.48578     7.95798e-09              
          4.487     7.95798e-09              
        4.48822     8.95273e-09              
        4.48944     2.98424e-09              
        4.49066     5.96849e-09              
        4.49188     1.39265e-08              
         4.4931     4.97374e-09              
        4.49432     1.49212e-08              
        4.49554     7.95798e-09              
        4.49676     8.95273e-09              
        4.49798     2.98424e-09              
         4.4992     2.98424e-09              
        4.50042     4.97374e-09              
        4.50164     3.97899e-09              
        4.50286     4.97374e-09              
        4.50408     8.95273e-09              
        4.50531     4.97374e-09              
        4.50654     4.97374e-09              
        4.50776     9.94748e-09              
        4.50898     4.97374e-09              
         4.5102     1.09422e-08              
        4.51142     5.96849e-09              
        4.51264     1.39265e-08              
        4.51386     6.96323e-09              
        4.51508     1.09422e-08              
         4.5163     4.97374e-09              
        4.51752     1.49212e-08              
        4.51874     6.96323e-09              
        4.51996     7.95798e-09              
        4.52118      1.9895e-08              
         4.5224     2.98424e-09              
        4.52363     6.96323e-09              
        4.52485     1.29317e-08              
        4.52607     8.95273e-09              
        4.52729     8.95273e-09              
        4.52851     5.96849e-09              
        4.52973     7.95798e-09              
        4.53095     9.94748e-09              
        4.53216     7.95798e-09              
        4.53338     4.97374e-09              
         4.5346     1.09422e-08              
        4.53582     1.29317e-08              
        4.53704     9.94748e-09              
        4.53826     1.29317e-08              
        4.53948     8.95273e-09              
        4.54071     9.94748e-09              
        4.54193     6.96323e-09              
        4.54315     6.96323e-09              
        4.54437     7.95798e-09              
        4.54559      1.1937e-08              
        4.54681     3.08372e-08              
        4.54803     8.95273e-09              
        4.54925     8.95273e-09              
        4.55047     1.09422e-08              
        4.55169     6.96323e-09              
        4.55291     7.95798e-09              
        4.55413     8.95273e-09              
        4.55535     7.95798e-09              
        4.55657     8.95273e-09              
        4.55781     6.96323e-09              
        4.55903     5.96849e-09              
        4.56025     6.96323e-09              
        4.56147     3.97899e-09              
        4.56269     8.95273e-09              
        4.56391     1.09422e-08              
        4.56513     9.94748e-09              
        4.56635     8.95273e-09              
        4.56757     9.94748e-09              
        4.56879     4.97374e-09              
        4.57001     9.94748e-09              
        4.57123      1.1937e-08              
        4.57245     6.96323e-09              
        4.57367     7.95798e-09              
        4.57489     2.98424e-09              
        4.57611     8.95273e-09              
        4.57733     6.96323e-09              
        4.57855     8.95273e-09              
        4.57977      1.1937e-08              
        4.58099      1.1937e-08              
        4.58221     5.96849e-09              
        4.58343      1.9895e-09              
        4.58465     1.69107e-08              
        4.58587     1.29317e-08              
        4.58709     1.29317e-08              
        4.58831     5.96849e-09              
        4.58953     5.96849e-09              
        4.59075     1.09422e-08              
        4.59198     1.49212e-08              
        4.59321     1.39265e-08              
        4.59443     9.94748e-09              
        4.59565     1.09422e-08              
        4.59687     9.94748e-09              
        4.59809     9.94748e-09              
        4.59931     4.97374e-09              
        4.60053     5.96849e-09              
        4.60175     1.09422e-08              
        4.60297     5.96849e-09              
        4.60419     7.95798e-09              
        4.60541     7.95798e-09              
        4.60663     7.95798e-09              
        4.60785     6.96323e-09              
        4.60907     9.94748e-09              
        4.61029     7.95798e-09              
        4.61151     5.96849e-09              
        4.61273     3.97899e-09              
        4.61395     1.09422e-08              
        4.61517     7.95798e-09              
        4.61639     2.68582e-08              
        4.61761     3.97899e-09              
        4.61883     6.96323e-09              
        4.62005     8.95273e-09              
        4.62127     3.97899e-09              
        4.62249     7.95798e-09              
        4.62371     9.94748e-09              
        4.62493     9.94748e-09              
        4.62615     4.97374e-09              
        4.62739     7.95798e-09              
        4.62861     4.97374e-09              
        4.62983     9.94748e-10              
        4.63105     1.39265e-08              
        4.63227      1.1937e-08              
        4.63349     8.95273e-09              
        4.63471     4.97374e-09              
        4.63593     9.94748e-09              
        4.63715      1.1937e-08              
        4.63837      1.1937e-08              
        4.63959     3.97899e-09              
        4.64081     1.09422e-08              
        4.64203     3.97899e-09              
        4.64325     6.96323e-09              
        4.64447     7.95798e-09              
        4.64569     7.95798e-09              
        4.64691     2.98424e-09              
        4.64813     6.96323e-09              
        4.64935     5.96849e-09              
        4.65057     8.95273e-09              
        4.65179     7.95798e-09              
        4.65301     5.96849e-09              
        4.65423     4.97374e-09              
        4.65545     6.96323e-09              
        4.65667     7.95798e-09              
        4.65789     8.95273e-09              
        4.65911     9.94748e-09              
        4.66033     4.97374e-09              
        4.66156     6.96323e-09              
        4.66279     7.95798e-09              
        4.66401     9.94748e-09              
        4.66523     7.95798e-09              
        4.66645     7.95798e-09              
        4.66767      1.1937e-08              
        4.66889     9.94748e-09              
        4.67011     4.97374e-09              
        4.67133     6.96323e-09              
        4.67255     5.96849e-09              
        4.67377     8.95273e-09              
        4.67499     8.95273e-09              
        4.67621     5.96849e-09              
        4.67743     8.95273e-09              
        4.67865     2.98424e-09              
        4.67988      1.1937e-08              
         4.6811     6.96323e-09              
        4.68232     8.95273e-09              
        4.68354     4.97374e-09              
        4.68476     7.95798e-09              
        4.68598     7.95798e-09              
         4.6872     4.97374e-09              
        4.68841     6.96323e-09              
        4.68963     4.97374e-09              
        4.69085     2.98424e-09              
        4.69207     6.96323e-09              
        4.69329     9.94748e-09              
        4.69451     1.09422e-08              
        4.69573     5.96849e-09              
        4.69696     2.98424e-09              
        4.69818     2.98424e-09              
         4.6994     7.95798e-09              
        4.70062     4.97374e-09              
        4.70184     4.97374e-09              
        4.70306     5.96849e-09              
        4.70428     6.96323e-09              
         4.7055     9.94748e-09              
        4.70672     9.94748e-09              
        4.70794     1.09422e-08              
        4.70916     3.48162e-08              
        4.71038     6.96323e-09              
         4.7116     4.97374e-09              
        4.71282      1.9895e-09              
        4.71406     6.96323e-09              
        4.71528     2.98424e-09              
         4.7165     5.96849e-09              
        4.71772     7.95798e-09              
        4.71894     9.94748e-09              
        4.72016     3.97899e-09              
        4.72138     2.98424e-09              
         4.7226     9.94748e-09              
        4.72382     8.95273e-09              
        4.72504      1.9895e-09              
        4.72626     1.09422e-08              
        4.72748     1.09422e-08              
         4.7287     3.18319e-08              
        4.72992     8.95273e-09              
        4.73114      1.1937e-08              
        4.73236     7.95798e-09              
        4.73358     9.94748e-09              
         4.7348     4.97374e-09              
        4.73602     2.98424e-09              
        4.73724     1.09422e-08              
        4.73846     4.97374e-09              
        4.73968     3.97899e-09              
         4.7409     4.97374e-09              
        4.74212     5.96849e-09              
        4.74334     5.96849e-09              
        4.74456     3.97899e-09              
        4.74578     6.96323e-09              
          4.747     2.98424e-09              
        4.74823     8.95273e-09              
        4.74946     8.95273e-09              
        4.75068     4.97374e-09              
         4.7519     1.09422e-08              
        4.75312     1.09422e-08              
        4.75434     9.94748e-09              
        4.75556      1.1937e-08              
        4.75678     9.94748e-09              
          4.758     1.49212e-08              
        4.75922     5.96849e-09              
        4.76044     1.09422e-08              
        4.76166     7.95798e-09              
        4.76288     6.96323e-09              
         4.7641     4.97374e-09              
        4.76532     4.97374e-09              
        4.76654     7.95798e-09              
        4.76776     6.96323e-09              
        4.76898     3.97899e-09              
         4.7702     8.95273e-09              
        4.77142     7.95798e-09              
        4.77264     5.96849e-09              
        4.77386     1.09422e-08              
        4.77508     3.97899e-09              
         4.7763     5.96849e-09              
        4.77752     6.96323e-09              
        4.77874     9.94748e-09              
        4.77996     7.95798e-09              
        4.78118     5.96849e-09              
         4.7824     4.97374e-09              
        4.78364     7.95798e-09              
        4.78486     1.49212e-08              
        4.78608     1.09422e-08              
         4.7873     6.96323e-09              
        4.78852     9.94748e-09              
        4.78974     1.09422e-08              
        4.79096     1.09422e-08              
        4.79218     2.98424e-09              
         4.7934     6.96323e-09              
        4.79462     7.95798e-09              
        4.79584     4.97374e-09              
        4.79706     6.96323e-09              
        4.79828     6.96323e-09              
         4.7995     5.96849e-09              
        4.80072     9.94748e-09              
        4.80194     2.98424e-09              
        4.80316     2.98424e-09              
        4.80438     9.94748e-10              
         4.8056     1.09422e-08              
        4.80682     9.94748e-09              
        4.80804     5.96849e-09              
        4.80926     5.96849e-09              
        4.81048     7.95798e-09              
         4.8117     9.94748e-09              
        4.81292     5.96849e-09              
        4.81414     6.96323e-09              
        4.81536     7.95798e-09              
        4.81658     5.96849e-09              
        4.81781     1.29317e-08              
        4.81904     6.96323e-09              
        4.82026     6.96323e-09              
        4.82148      1.9895e-09              
         4.8227     1.09422e-08              
        4.82392     8.95273e-09              
        4.82514     7.95798e-09              
        4.82636     6.96323e-09              
        4.82758     6.96323e-09              
         4.8288      1.5916e-08              
        4.83002     6.96323e-09              
        4.83124     8.95273e-09              
        4.83246     7.95798e-09              
        4.83368     4.97374e-09              
         4.8349     9.94748e-09              
        4.83613     7.95798e-09              
        4.83735     6.96323e-09              
        4.83857     3.97899e-09              
        4.83979     1.09422e-08              
        4.84101     5.96849e-09              
        4.84223     1.09422e-08              
        4.84345     9.94748e-09              
        4.84466     3.97899e-09              
        4.84588     8.95273e-09              
         4.8471     1.09422e-08              
        4.84832     6.96323e-09              
        4.84954     3.97899e-09              
        4.85076     5.96849e-09              
        4.85198     4.97374e-09              
        4.85321     6.96323e-09              
        4.85443     7.95798e-09              
        4.85565     5.96849e-09              
        4.85687     6.96323e-09              
        4.85809     4.97374e-09              
        4.85931     5.96849e-09              
        4.86053     6.96323e-09              
        4.86175     3.97899e-09              
        4.86297     3.97899e-09              
        4.86419     6.96323e-09              
        4.86541     7.95798e-09              
        4.86663      1.1937e-08              
        4.86785     7.95798e-09              
        4.86907     1.49212e-08              
        4.87031     9.94748e-10              
        4.87153     3.97899e-09              
        4.87275     2.98424e-09              
        4.87397     9.94748e-09              
        4.87519     5.96849e-09              
        4.87641     1.29317e-08              
        4.87763     5.96849e-09              
        4.87885     7.95798e-09              
        4.88007     4.97374e-09              
        4.88129     7.95798e-09              
        4.88251     7.95798e-09              
        4.88373     6.96323e-09              
        4.88495     8.95273e-09              
        4.88617     5.96849e-09              
        4.88739     5.96849e-09              
        4.88861     5.96849e-09              
        4.88983     3.97899e-09              
        4.89105     6.96323e-09              
        4.89227     7.95798e-09              
        4.89349     4.97374e-09              
        4.89471     4.97374e-09              
        4.89593     4.97374e-09              
        4.89715     7.95798e-09              
        4.89837     3.97899e-09              
        4.89959     3.97899e-09              
        4.90081      1.1937e-08              
        4.90203     3.97899e-09              
        4.90325     6.96323e-09              
        4.90448     6.96323e-09              
        4.90571     9.94748e-09              
        4.90693      1.1937e-08              
        4.90815     9.94748e-09              
        4.90937     3.97899e-09              
        4.91059     4.97374e-09              
        4.91181     3.97899e-09              
        4.91303      1.9895e-09              
        4.91425     7.95798e-09              
        4.91547     5.96849e-09              
        4.91669     3.97899e-09              
        4.91791     1.39265e-08              
        4.91913     7.95798e-09              
        4.92035     2.98424e-09              
        4.92157     1.09422e-08              
        4.92279      1.9895e-09              
        4.92401     1.09422e-08              
        4.92523     9.94748e-09              
        4.92645     6.96323e-09              
        4.92767     2.98424e-09              
        4.92889     1.09422e-08              
        4.93011     5.96849e-09              
        4.93133     8.95273e-09              
        4.93255      1.9895e-09              
        4.93377     5.96849e-09              
        4.93499     5.96849e-09              
        4.93621     3.97899e-09              
        4.93743     5.96849e-09              
        4.93865     9.94748e-09              
        4.93989     5.96849e-09              
        4.94111     8.95273e-09              
        4.94233     4.97374e-09              
        4.94355     5.27216e-08              
        4.94477     2.58634e-08              
        4.94599     6.96323e-09              
        4.94721     5.96849e-09              
        4.94843     4.97374e-09              
        4.94965     4.97374e-09              
        4.95087     1.09422e-08              
        4.95209     5.96849e-09              
        4.95331     7.95798e-09              
        4.95453     4.97374e-09              
        4.95575     4.97374e-09              
        4.95697     1.29317e-08              
        4.95819     4.97374e-09              
        4.95941     3.97899e-09              
        4.96063     7.95798e-09              
        4.96185     9.94748e-09              
        4.96307     8.95273e-09              
        4.96429     7.95798e-09              
        4.96551     4.97374e-09              
        4.96673     8.95273e-09              
        4.96795     5.96849e-09              
        4.96917     8.95273e-09              
        4.97039     2.98424e-09              
        4.97161     6.96323e-09              
        4.97283     5.96849e-09              
        4.97406     8.95273e-09              
        4.97529     7.95798e-09              
        4.97651     7.95798e-09              
        4.97773     7.95798e-09              
        4.97895     8.95273e-09              
        4.98017     1.35286e-07              
        4.98139     5.96849e-09              
        4.98261     4.97374e-09              
        4.98383     5.96849e-09              
        4.98505     6.96323e-09              
        4.98627     3.97899e-09              
        4.98749     5.96849e-09              
        4.98871     4.97374e-09              
        4.98993     5.96849e-09              
        4.99115     1.09422e-08              
        4.99238     8.95273e-09              
         4.9936     4.97374e-09              
        4.99482     1.29317e-08              
        4.99604     6.96323e-09              
        4.99726     5.96849e-09              
