        6.99676     7.95798e-09              
        6.99798     1.29317e-08              
         6.9992     2.98424e-09              
        7.00042     6.96323e-09              
        7.00164     8.95273e-09              
        7.00286      1.9895e-09              
        7.00408     3.97899e-09              
        7.00531     4.97374e-09              
        7.00654     5.96849e-09              
        7.00776     6.96323e-09              
        7.00898     5.96849e-09              
         7.0102     2.98424e-09              
        7.01142     5.96849e-09              
        7.01264     3.97899e-09              
        7.01386      1.9895e-09              
        7.01508     8.95273e-09              
         7.0163      1.9895e-09              
        7.01752     3.97899e-09              
        7.01874     5.96849e-09              
        7.01996     3.97899e-09              
        7.02118     9.94748e-10              
         7.0224     2.98424e-09              
        7.02363     2.98424e-09              
        7.02485     4.97374e-09              
        7.02607     2.98424e-09              
        7.02729     5.96849e-09              
        7.02851     8.95273e-09              
        7.02973     6.96323e-09              
        7.03095     6.96323e-09              
        7.03216     7.95798e-09              
        7.03338     4.97374e-09              
         7.0346     5.96849e-09              
        7.03582      1.9895e-09              
        7.03704     2.98424e-09              
        7.03826     2.98424e-09              
        7.03948      1.9895e-09              
        7.04071     5.96849e-09              
        7.04193     2.98424e-09              
        7.04315     4.97374e-09              
        7.04437     4.97374e-09              
        7.04559     2.98424e-09              
        7.04681     6.96323e-09              
        7.04803     7.95798e-09              
        7.04925     4.97374e-09              
        7.05047     4.97374e-09              
        7.05169      1.9895e-09              
        7.05291     4.97374e-09              
        7.05413     4.97374e-09              
        7.05535     6.96323e-09              
        7.05657     6.96323e-09              
        7.05781     4.97374e-09              
        7.05903     6.96323e-09              
        7.06025     5.96849e-09              
        7.06147     2.98424e-09              
        7.06269     7.95798e-09              
        7.06391               0              
        7.06513     2.98424e-09              
        7.06635     3.97899e-09              
        7.06757     8.95273e-09              
        7.06879     3.97899e-09              
        7.07001     3.97899e-09              
        7.07123      1.9895e-09              
        7.07245     5.96849e-09              
        7.07367     4.97374e-09              
        7.07489     4.97374e-09              
        7.07611      1.9895e-09              
        7.07733     6.96323e-09              
        7.07855     8.95273e-09              
        7.07977     8.95273e-09              
        7.08099     3.97899e-09              
        7.08221     5.96849e-09              
        7.08343     4.97374e-09              
        7.08465     5.96849e-09              
        7.08587     4.97374e-09              
        7.08709     3.97899e-09              
        7.08831     7.95798e-09              
        7.08953     6.96323e-09              
        7.09075     2.98424e-09              
        7.09198     6.96323e-09              
        7.09321     2.98424e-09              
        7.09443     4.97374e-09              
        7.09565     5.96849e-09              
        7.09687     2.98424e-09              
        7.09809     3.97899e-09              
        7.09931     2.98424e-09              
        7.10053     4.97374e-09              
        7.10175     2.98424e-09              
        7.10297     2.98424e-09              
        7.10419     4.97374e-09              
        7.10541     1.09422e-08              
        7.10663      1.9895e-09              
        7.10785     4.97374e-09              
        7.10907     1.39265e-08              
        7.11029     3.97899e-09              
        7.11151     5.96849e-09              
        7.11273     5.96849e-09              
        7.11395     4.97374e-09              
        7.11517     3.97899e-09              
        7.11639     4.97374e-09              
        7.11761     4.97374e-09              
        7.11883     4.97374e-09              
        7.12005     7.95798e-09              
        7.12127     5.96849e-09              
        7.12249     2.98424e-09              
        7.12371     5.96849e-09              
        7.12493     3.97899e-09              
        7.12615     5.96849e-09              
        7.12739     5.96849e-09              
        7.12861      1.9895e-09              
        7.12983     2.98424e-09              
        7.13105     5.96849e-09              
        7.13227     6.96323e-09              
        7.13349     3.97899e-09              
        7.13471     3.97899e-09              
        7.13593     4.97374e-09              
        7.13715     2.98424e-09              
        7.13837     5.96849e-09              
        7.13959     6.96323e-09              
        7.14081     5.96849e-09              
        7.14203     3.97899e-09              
        7.14325      1.9895e-09              
        7.14447     2.98424e-09              
        7.14569     6.96323e-09              
        7.14691      1.9895e-09              
        7.14813     2.98424e-09              
        7.14935     5.96849e-09              
        7.15057     7.95798e-09              
        7.15179     9.94748e-10              
        7.15301     3.97899e-09              
        7.15423      1.9895e-09              
        7.15545     5.96849e-09              
        7.15667     7.95798e-09              
        7.15789      1.9895e-09              
        7.15911     6.96323e-09              
        7.16033     6.96323e-09              
        7.16156     3.97899e-09              
        7.16279     5.96849e-09              
        7.16401     6.96323e-09              
        7.16523     4.97374e-09              
        7.16645     3.97899e-09              
        7.16767     5.96849e-09              
        7.16889     9.94748e-10              
        7.17011      1.1937e-08              
        7.17133     2.98424e-09              
        7.17255     3.97899e-09              
        7.17377     5.96849e-09              
        7.17499     4.97374e-09              
        7.17621     3.97899e-09              
        7.17743     3.97899e-09              
        7.17865     6.96323e-09              
        7.17988     4.97374e-09              
         7.1811     2.98424e-09              
        7.18232     3.97899e-09              
        7.18354      1.9895e-09              
        7.18476     3.97899e-09              
        7.18598     5.96849e-09              
         7.1872     5.96849e-09              
        7.18841     4.97374e-09              
        7.18963     4.97374e-09              
        7.19085     4.97374e-09              
        7.19207     9.94748e-10              
        7.19329     4.97374e-09              
        7.19451     5.96849e-09              
        7.19573     8.95273e-09              
        7.19696     3.97899e-09              
        7.19818     5.96849e-09              
         7.1994     3.97899e-09              
        7.20062     8.95273e-09              
        7.20184     4.97374e-09              
        7.20306     3.97899e-09              
        7.20428     5.96849e-09              
         7.2055     5.96849e-09              
        7.20672     2.98424e-09              
        7.20794     2.98424e-09              
        7.20916     3.97899e-09              
        7.21038     4.97374e-09              
         7.2116     5.96849e-09              
        7.21282     6.96323e-09              
        7.21406     2.98424e-09              
        7.21528     6.96323e-09              
         7.2165     3.97899e-09              
        7.21772      1.9895e-09              
        7.21894     5.96849e-09              
        7.22016     8.95273e-09              
        7.22138     4.97374e-09              
         7.2226     3.97899e-09              
        7.22382      1.9895e-09              
        7.22504     4.97374e-09              
        7.22626     3.97899e-09              
        7.22748     5.96849e-09              
         7.2287     3.97899e-09              
        7.22992     3.97899e-09              
        7.23114     5.96849e-09              
        7.23236     3.97899e-09              
        7.23358     4.97374e-09              
         7.2348     4.97374e-09              
        7.23602     3.97899e-09              
        7.23724     5.96849e-09              
        7.23846     5.96849e-09              
        7.23968     4.97374e-09              
         7.2409     7.95798e-09              
        7.24212     5.96849e-09              
        7.24334     9.94748e-09              
        7.24456     2.98424e-09              
        7.24578     6.96323e-09              
          7.247     4.97374e-09              
        7.24823     4.97374e-09              
        7.24946     5.96849e-09              
        7.25068     3.97899e-09              
         7.2519      1.9895e-09              
        7.25312     2.98424e-09              
        7.25434     7.95798e-09              
        7.25556      1.9895e-09              
        7.25678     1.09422e-08              
          7.258     4.97374e-09              
        7.25922     5.96849e-09              
        7.26044     5.96849e-09              
        7.26166     3.97899e-09              
        7.26288     6.96323e-09              
         7.2641     5.96849e-09              
        7.26532     3.97899e-09              
        7.26654     4.97374e-09              
        7.26776     4.97374e-09              
        7.26898     3.97899e-09              
         7.2702     7.95798e-09              
        7.27142      1.9895e-09              
        7.27264     7.95798e-09              
        7.27386     2.98424e-09              
        7.27508     6.96323e-09              
         7.2763     5.96849e-09              
        7.27752     3.97899e-09              
        7.27874     5.96849e-09              
        7.27996     3.97899e-09              
        7.28118     3.97899e-09              
         7.2824     4.97374e-09              
        7.28364     6.96323e-09              
        7.28486     5.96849e-09              
        7.28608     5.96849e-09              
         7.2873     3.97899e-09              
        7.28852     5.96849e-09              
        7.28974     5.96849e-09              
        7.29096     3.97899e-09              
        7.29218     8.95273e-09              
         7.2934     5.96849e-09              
        7.29462     9.94748e-10              
        7.29584     4.97374e-09              
        7.29706     6.96323e-09              
        7.29828     1.09422e-08              
         7.2995     4.97374e-09              
        7.30072     4.97374e-09              
        7.30194     3.97899e-09              
        7.30316     2.98424e-09              
        7.30438     4.97374e-09              
         7.3056     3.97899e-09              
        7.30682     2.98424e-09              
        7.30804     3.97899e-09              
        7.30926     2.98424e-09              
        7.31048     3.97899e-09              
         7.3117     7.95798e-09              
        7.31292     4.97374e-09              
        7.31414     4.97374e-09              
        7.31536     5.96849e-09              
        7.31658     5.96849e-09              
        7.31781     4.97374e-09              
        7.31904     7.95798e-09              
        7.32026     9.94748e-10              
        7.32148     3.97899e-09              
         7.3227     4.97374e-09              
        7.32392     2.98424e-09              
        7.32514     6.96323e-09              
        7.32636     3.97899e-09              
        7.32758     2.98424e-09              
         7.3288     3.97899e-09              
        7.33002     6.96323e-09              
        7.33124     4.97374e-09              
        7.33246     2.98424e-09              
        7.33368     2.98424e-09              
         7.3349     5.96849e-09              
        7.33613     2.98424e-09              
        7.33735     3.97899e-09              
        7.33857     3.97899e-09              
        7.33979     9.94748e-10              
        7.34101     5.96849e-09              
        7.34223     3.97899e-09              
        7.34345      1.9895e-09              
        7.34466      1.9895e-09              
        7.34588     5.96849e-09              
         7.3471      1.9895e-09              
        7.34832     4.97374e-09              
        7.34954     5.96849e-09              
        7.35076      1.9895e-09              
        7.35198               0              
        7.35321     4.97374e-09              
        7.35443     3.97899e-09              
        7.35565     4.97374e-09              
        7.35687     4.97374e-09              
        7.35809     3.97899e-09              
        7.35931     3.97899e-09              
        7.36053     3.97899e-09              
        7.36175     4.97374e-09              
        7.36297     6.96323e-09              
        7.36419     2.98424e-09              
        7.36541     3.97899e-09              
        7.36663     1.09422e-08              
        7.36785     3.97899e-09              
        7.36907     5.96849e-09              
        7.37031     3.97899e-09              
        7.37153     2.98424e-09              
        7.37275               0              
        7.37397     3.97899e-09              
        7.37519     4.97374e-09              
        7.37641      1.9895e-09              
        7.37763     3.97899e-09              
        7.37885     2.98424e-09              
        7.38007     8.95273e-09              
        7.38129      1.9895e-09              
        7.38251     8.95273e-09              
        7.38373      1.9895e-09              
        7.38495      1.9895e-09              
        7.38617     7.95798e-09              
        7.38739     6.96323e-09              
        7.38861     5.96849e-09              
        7.38983     3.97899e-09              
        7.39105     3.97899e-09              
        7.39227     3.97899e-09              
        7.39349     5.96849e-09              
        7.39471     8.95273e-09              
        7.39593               0              
        7.39715     2.98424e-09              
        7.39837     2.98424e-09              
        7.39959     7.95798e-09              
        7.40081     9.94748e-10              
        7.40203      1.9895e-09              
        7.40325     2.98424e-09              
        7.40448     7.95798e-09              
        7.40571     2.98424e-09              
        7.40693     2.98424e-09              
        7.40815     5.96849e-09              
        7.40937     8.95273e-09              
        7.41059     2.98424e-09              
        7.41181     5.96849e-09              
        7.41303      1.9895e-09              
        7.41425     4.89416e-07              
        7.41547     9.94748e-09              
        7.41669     5.96849e-09              
        7.41791     4.97374e-09              
        7.41913     4.97374e-09              
        7.42035      1.9895e-09              
        7.42157     2.98424e-09              
        7.42279     3.97899e-09              
        7.42401     3.97899e-09              
        7.42523     7.95798e-09              
        7.42645     7.95798e-09              
        7.42767      1.9895e-09              
        7.42889     4.97374e-09              
        7.43011     9.94748e-10              
        7.43133     3.97899e-09              
        7.43255     2.98424e-09              
        7.43377     4.97374e-09              
        7.43499     2.98424e-09              
        7.43621     6.96323e-09              
        7.43743     2.98424e-09              
        7.43865     9.94748e-10              
        7.43989     4.97374e-09              
        7.44111     9.94748e-10              
        7.44233     5.96849e-09              
        7.44355     9.94748e-09              
        7.44477     9.94748e-09              
        7.44599     3.97899e-09              
        7.44721     2.98424e-09              
        7.44843     4.97374e-09              
        7.44965      1.9895e-09              
        7.45087     6.96323e-09              
        7.45209     4.97374e-09              
        7.45331     2.98424e-09              
        7.45453     7.95798e-09              
        7.45575      1.9895e-09              
        7.45697     4.97374e-09              
        7.45819     4.97374e-09              
        7.45941     9.94748e-10              
        7.46063      1.9895e-09              
        7.46185     9.94748e-10              
        7.46307     7.95798e-09              
        7.46429     7.95798e-09              
        7.46551     3.97899e-09              
        7.46673     5.96849e-09              
        7.46795     4.97374e-09              
        7.46917     5.96849e-09              
        7.47039     3.97899e-09              
        7.47161      1.9895e-09              
        7.47283     7.95798e-09              
        7.47406     2.98424e-09              
        7.47529     3.97899e-09              
        7.47651     5.96849e-09              
        7.47773     2.98424e-09              
        7.47895     6.96323e-09              
        7.48017     5.96849e-09              
        7.48139     5.96849e-09              
        7.48261     5.96849e-09              
        7.48383     2.98424e-09              
        7.48505     2.98424e-09              
        7.48627     6.96323e-09              
        7.48749     3.97899e-09              
        7.48871     3.97899e-09              
        7.48993     6.96323e-09              
        7.49115      1.9895e-09              
        7.49238      1.9895e-09              
         7.4936     7.95798e-09              
        7.49482     4.97374e-09              
        7.49604     4.97374e-09              
        7.49726     4.97374e-09              
        7.49848     3.97899e-09              
         7.4997     3.97899e-09              
        7.50091     3.97899e-09              
        7.50213     7.95798e-09              
        7.50335     7.95798e-09              
        7.50457     4.97374e-09              
        7.50579     4.97374e-09              
        7.50701     4.97374e-09              
        7.50823     4.97374e-09              
        7.50946     6.96323e-09              
        7.51068     2.98424e-09              
         7.5119      1.9895e-09              
        7.51312     2.98424e-09              
        7.51434     5.96849e-09              
        7.51556     3.97899e-09              
        7.51678      1.9895e-09              
          7.518     4.97374e-09              
        7.51922     3.97899e-09              
        7.52044     5.96849e-09              
        7.52166     3.97899e-09              
        7.52288     3.97899e-09              
         7.5241      1.9895e-09              
        7.52532     5.96849e-09              
        7.52656     4.97374e-09              
        7.52778     7.95798e-09              
          7.529     3.97899e-09              
        7.53022     5.96849e-09              
        7.53144     3.97899e-09              
        7.53266     5.96849e-09              
        7.53388     5.96849e-09              
         7.5351     4.97374e-09              
        7.53632      1.9895e-09              
        7.53754     4.97374e-09              
        7.53876     2.98424e-09              
        7.53998     6.96323e-09              
         7.5412     3.97899e-09              
        7.54242     6.96323e-09              
        7.54364     4.97374e-09              
        7.54486     2.98424e-09              
        7.54608     7.95798e-09              
         7.5473      1.9895e-09              
        7.54852     4.97374e-09              
        7.54974     3.97899e-09              
        7.55096     6.96323e-09              
        7.55218     4.97374e-09              
         7.5534     3.97899e-09              
        7.55462      1.9895e-09              
        7.55584     7.95798e-09              
        7.55706     9.94748e-10              
        7.55828     8.95273e-09              
         7.5595     5.96849e-09              
        7.56073     6.96323e-09              
        7.56196     5.96849e-09              
        7.56318     2.98424e-09              
         7.5644     4.97374e-09              
        7.56562     4.97374e-09              
        7.56684      1.9895e-09              
        7.56806               0              
        7.56928     2.98424e-09              
         7.5705               0              
        7.57172      1.9895e-09              
        7.57294      1.9895e-09              
        7.57416      1.9895e-09              
        7.57538     5.96849e-09              
         7.5766     5.96849e-09              
        7.57782     2.98424e-09              
        7.57904     4.97374e-09              
        7.58026     6.96323e-09              
        7.58148     3.97899e-09              
         7.5827     4.97374e-09              
        7.58392     3.97899e-09              
        7.58514     3.97899e-09              
        7.58636     3.97899e-09              
        7.58758      1.9895e-09              
         7.5888     4.97374e-09              
        7.59002      1.9895e-09              
        7.59124     4.97374e-09              
        7.59246     4.97374e-09              
        7.59368     2.98424e-09              
         7.5949     2.98424e-09              
        7.59614     2.98424e-09              
        7.59736     3.97899e-09              
        7.59858      1.9895e-09              
         7.5998     4.97374e-09              
        7.60102     2.98424e-09              
        7.60224      1.9895e-09              
        7.60346     4.97374e-09              
        7.60468      1.9895e-09              
         7.6059      1.9895e-09              
        7.60712     8.95273e-09              
        7.60834     4.97374e-09              
        7.60956     3.97899e-09              
        7.61078     6.96323e-09              
          7.612      1.1937e-08              
        7.61322      1.9895e-09              
        7.61444     2.98424e-09              
        7.61566      1.9895e-09              
        7.61688     9.94748e-10              
         7.6181      1.9895e-09              
        7.61932     6.96323e-09              
        7.62054     3.97899e-09              
        7.62176     3.97899e-09              
        7.62298     5.96849e-09              
         7.6242      1.9895e-09              
        7.62542      1.9895e-09              
        7.62664     2.98424e-09              
        7.62786     2.98424e-09              
        7.62908     9.94748e-10              
        7.63031     3.97899e-09              
        7.63154     4.97374e-09              
        7.63276     9.94748e-10              
        7.63398      1.9895e-09              
         7.6352     8.95273e-09              
        7.63642     2.98424e-09              
        7.63764      1.9895e-09              
        7.63886     5.96849e-09              
        7.64008     5.96849e-09              
         7.6413     5.96849e-09              
        7.64252     8.95273e-09              
        7.64374      1.9895e-09              
        7.64496      1.9895e-09              
        7.64618     3.97899e-09              
         7.6474     5.96849e-09              
        7.64863     9.94748e-09              
        7.64985     4.97374e-09              
        7.65107     6.96323e-09              
        7.65229     3.97899e-09              
        7.65351     4.97374e-09              
        7.65473     8.95273e-09              
        7.65595      1.9895e-09              
        7.65716      1.9895e-09              
        7.65838      1.9895e-09              
         7.6596     6.96323e-09              
        7.66082     2.98424e-09              
        7.66204     3.97899e-09              
        7.66326     3.97899e-09              
        7.66448     5.96849e-09              
        7.66571     2.98424e-09              
        7.66693      1.9895e-09              
        7.66815      1.1937e-08              
        7.66937     2.98424e-09              
        7.67059     8.95273e-09              
        7.67181     5.96849e-09              
        7.67303     2.98424e-09              
        7.67425     5.96849e-09              
        7.67547     3.97899e-09              
        7.67669     4.97374e-09              
        7.67791     9.94748e-10              
        7.67913     7.95798e-09              
        7.68035     5.96849e-09              
        7.68157     5.96849e-09              
        7.68281     4.97374e-09              
        7.68403     3.97899e-09              
        7.68525     8.95273e-09              
        7.68647     2.98424e-09              
        7.68769     5.96849e-09              
        7.68891     6.96323e-09              
        7.69013     4.97374e-09              
        7.69135     4.97374e-09              
        7.69257     8.95273e-09              
        7.69379     5.96849e-09              
        7.69501     4.97374e-09              
        7.69623      1.9895e-09              
        7.69745     4.97374e-09              
        7.69867     9.94748e-10              
        7.69989     5.96849e-09              
        7.70111     3.97899e-09              
        7.70233     3.97899e-09              
        7.70355     2.98424e-09              
        7.70477     9.94748e-10              
        7.70599     7.95798e-09              
        7.70721      1.9895e-09              
        7.70843      1.9895e-09              
        7.70965     3.97899e-09              
        7.71087     2.98424e-09              
        7.71209     4.97374e-09              
        7.71331     2.98424e-09              
        7.71453     2.98424e-09              
        7.71575     5.96849e-09              
        7.71698     3.97899e-09              
        7.71821     4.97374e-09              
        7.71943     2.98424e-09              
        7.72065     9.94748e-10              
        7.72187     6.96323e-09              
        7.72309     4.97374e-09              
        7.72431      1.9895e-09              
        7.72553     6.96323e-09              
        7.72675      1.9895e-09              
        7.72797               0              
        7.72919     2.98424e-09              
        7.73041     6.96323e-09              
        7.73163     5.96849e-09              
        7.73285     3.97899e-09              
        7.73407     2.98424e-09              
        7.73529     3.97899e-09              
        7.73651     3.97899e-09              
        7.73773     2.98424e-09              
        7.73895     3.97899e-09              
        7.74017     5.96849e-09              
        7.74139     9.94748e-10              
        7.74261     9.94748e-09              
        7.74383     5.96849e-09              
        7.74505     2.98424e-09              
        7.74627     3.97899e-09              
        7.74749     2.98424e-09              
        7.74871      1.9895e-09              
        7.74993     3.97899e-09              
        7.75115     4.97374e-09              
        7.75239     2.98424e-09              
        7.75361     4.97374e-09              
        7.75483     7.95798e-09              
        7.75605     2.98424e-09              
        7.75727     5.96849e-09              
        7.75849     4.97374e-09              
        7.75971     5.96849e-09              
        7.76093     2.98424e-09              
        7.76215     9.94748e-09              
        7.76337     3.97899e-09              
        7.76459     3.97899e-09              
        7.76581     3.97899e-09              
        7.76703     2.98424e-09              
        7.76825     9.94748e-10              
        7.76947     5.96849e-09              
        7.77069     5.96849e-09              
        7.77191     2.98424e-09              
        7.77313      1.9895e-09              
        7.77435     3.97899e-09              
        7.77557     4.97374e-09              
        7.77679     2.98424e-09              
        7.77801     2.98424e-09              
        7.77923     1.09422e-08              
        7.78045     4.97374e-09              
        7.78167     4.97374e-09              
        7.78289     5.96849e-09              
        7.78411     3.97899e-09              
        7.78533     2.98424e-09              
        7.78656     3.97899e-09              
        7.78779     3.97899e-09              
        7.78901     2.98424e-09              
        7.79023     4.37689e-07              
        7.79145     2.98424e-09              
        7.79267     4.97374e-09              
        7.79389     3.97899e-09              
        7.79511     2.98424e-09              
        7.79633     5.96849e-09              
        7.79755     5.96849e-09              
        7.79877     8.95273e-09              
        7.79999     4.97374e-09              
        7.80121     3.97899e-09              
        7.80243      1.1937e-08              
        7.80365     3.97899e-09              
        7.80488     2.98424e-09              
         7.8061     4.97374e-09              
        7.80732      1.9895e-09              
        7.80854     2.98424e-09              
        7.80976     4.97374e-09              
        7.81098      1.9895e-09              
         7.8122     2.98424e-09              
        7.81341     2.98424e-09              
        7.81463     9.94748e-10              
        7.81585     3.97899e-09              
        7.81707      1.9895e-09              
        7.81829     2.98424e-09              
        7.81951     3.97899e-09              
        7.82073     5.96849e-09              
        7.82196     8.95273e-09              
        7.82318     8.95273e-09              
         7.8244     2.98424e-09              
        7.82562     4.97374e-09              
        7.82684     3.97899e-09              
        7.82806      1.9895e-09              
        7.82928     2.98424e-09              
         7.8305      1.9895e-09              
        7.83172     4.97374e-09              
        7.83294     3.97899e-09              
        7.83416     6.96323e-09              
        7.83538     2.98424e-09              
         7.8366     4.97374e-09              
        7.83782     9.94748e-10              
        7.83906     5.96849e-09              
        7.84028     8.95273e-09              
         7.8415      1.9895e-09              
        7.84272      1.9895e-09              
        7.84394      1.9895e-09              
        7.84516     3.97899e-09              
        7.84638     4.97374e-09              
         7.8476     3.97899e-09              
        7.84882     2.98424e-09              
        7.85004     3.97899e-09              
        7.85126     5.96849e-09              
        7.85248     9.94748e-10              
         7.8537     3.97899e-09              
        7.85492     4.97374e-09              
        7.85614     3.97899e-09              
        7.85736     3.97899e-09              
        7.85858     2.98424e-09              
         7.8598     4.97374e-09              
        7.86102     9.94748e-10              
        7.86224     2.98424e-09              
        7.86346      1.9895e-09              
        7.86468     7.95798e-09              
         7.8659     9.94748e-10              
        7.86712     3.97899e-09              
        7.86834     7.95798e-09              
        7.86956     3.97899e-09              
        7.87078     4.97374e-09              
          7.872      1.9895e-09              
        7.87323     2.98424e-09              
        7.87446     2.98424e-09              
        7.87568     6.96323e-09              
         7.8769     6.96323e-09              
        7.87812     2.98424e-09              
        7.87934     4.97374e-09              
        7.88056     9.94748e-09              
        7.88178     5.96849e-09              
          7.883     6.96323e-09              
        7.88422     2.98424e-09              
        7.88544      1.9895e-09              
        7.88666     4.97374e-09              
        7.88788     7.95798e-09              
         7.8891      1.9895e-09              
        7.89032      1.9895e-09              
        7.89154     4.97374e-09              
        7.89276     6.96323e-09              
        7.89398     4.97374e-09              
         7.8952     9.94748e-10              
        7.89642     4.97374e-09              
        7.89764     4.97374e-09              
        7.89886     4.97374e-09              
        7.90008     9.94748e-10              
         7.9013     4.97374e-09              
        7.90252     4.97374e-09              
        7.90374     2.98424e-09              
        7.90496     2.98424e-09              
        7.90618     6.96323e-09              
         7.9074      1.9895e-09              
        7.90864     9.94748e-10              
        7.90986     4.97374e-09              
        7.91108     9.94748e-10              
         7.9123     2.98424e-09              
        7.91352     3.97899e-09              
        7.91474     2.98424e-09              
        7.91596     3.97899e-09              
        7.91718     6.96323e-09              
         7.9184     5.96849e-09              
        7.91962     2.98424e-09              
        7.92084      1.9895e-09              
        7.92206     4.97374e-09              
        7.92328     9.94748e-10              
         7.9245     5.96849e-09              
        7.92572     4.97374e-09              
        7.92694     3.97899e-09              
        7.92816     9.94748e-10              
        7.92938     3.97899e-09              
         7.9306     5.96849e-09              
        7.93182      1.9895e-09              
        7.93304     2.98424e-09              
        7.93426     3.97899e-09              
        7.93548     5.96849e-09              
         7.9367     9.94748e-10              
        7.93792     3.97899e-09              
        7.93914     9.94748e-10              
        7.94036     2.98424e-09              
        7.94158     2.98424e-09              
        7.94281     6.96323e-09              
        7.94404     5.96849e-09              
        7.94526     9.94748e-10              
        7.94648     2.98424e-09              
         7.9477     5.96849e-09              
        7.94892     4.97374e-09              
        7.95014     3.97899e-09              
        7.95136      1.9895e-09              
        7.95258     5.96849e-09              
         7.9538     7.95798e-09              
        7.95502     2.98424e-09              
        7.95624     3.97899e-09              
        7.95746     5.96849e-09              
        7.95868     4.97374e-09              
         7.9599      1.9895e-09              
        7.96113     5.96849e-09              
        7.96235     5.96849e-09              
        7.96357     7.95798e-09              
        7.96479      1.9895e-09              
        7.96601     9.94748e-10              
        7.96723      1.9895e-09              
        7.96845     2.98424e-09              
        7.96966      1.9895e-09              
        7.97088     4.97374e-09              
         7.9721     6.96323e-09              
        7.97332     2.98424e-09              
        7.97454     3.97899e-09              
        7.97576     5.96849e-09              
        7.97698     5.96849e-09              
        7.97821     9.94748e-10              
        7.97943     6.96323e-09              
        7.98065     9.94748e-10              
        7.98187     5.96849e-09              
        7.98309     2.98424e-09              
        7.98431     2.98424e-09              
        7.98553     5.96849e-09              
        7.98675      1.9895e-09              
        7.98797     5.96849e-09              
        7.98919     9.94748e-10              
        7.99041     4.97374e-09              
        7.99163     2.98424e-09              
        7.99285     4.97374e-09              
        7.99407     3.97899e-09              
        7.99531     2.98424e-09              
