              0     3.78004e-08              
    0.000915526     9.94748e-09              
     0.00213623     5.96849e-09              
     0.00335694     5.96849e-09              
     0.00457764     2.98424e-09              
     0.00579834      1.9895e-09              
     0.00701904     9.94748e-10              
     0.00823974     2.98424e-09              
     0.00946044     2.98424e-09              
      0.0106812     4.97374e-09              
      0.0119019     4.97374e-09              
      0.0131226     3.97899e-09              
      0.0143433     7.95798e-09              
       0.015564     4.97374e-09              
      0.0167846     1.55181e-07              
      0.0180053     3.07377e-07              
      0.0192261     2.82508e-07              
      0.0204468     2.92456e-07              
      0.0216675     2.38739e-07              
      0.0228882     2.64603e-07              
      0.0241089     2.48687e-07              
      0.0253296      2.5764e-07              
      0.0265503     3.26277e-07              
       0.027771     4.04862e-07              
      0.0289917      4.9439e-07              
      0.0302124     6.21717e-07              
      0.0314331     7.98782e-07              
      0.0326538     9.55953e-07              
      0.0338745     1.11611e-06              
      0.0350952     1.36579e-06              
      0.0363159     1.57866e-06              
      0.0375366     1.61348e-06              
      0.0387573     1.81343e-06              
      0.0399781      1.9696e-06              
      0.0411988     2.11881e-06              
      0.0424194     2.16457e-06              
      0.0436402     2.24216e-06              
      0.0448608     2.32473e-06              
      0.0460815     2.36452e-06              
      0.0473023     2.33368e-06              
      0.0485229     2.53661e-06              
      0.0497437     2.57739e-06              
      0.0509644     2.50975e-06              
       0.052185     2.48687e-06              
      0.0534058     2.63608e-06              
      0.0546265     2.55451e-06              
      0.0558471     2.56446e-06              
      0.0570679     2.58833e-06              
      0.0582886     2.58634e-06              
      0.0595093     2.53263e-06              
        0.06073     2.58933e-06              
      0.0619507     2.45703e-06              
      0.0631714     2.57341e-06              
      0.0643921     2.44608e-06              
      0.0656128     2.41326e-06              
      0.0668335     2.50378e-06              
      0.0680542     2.47991e-06              
      0.0692749     2.31279e-06              
      0.0704956     2.35059e-06              
      0.0717163     2.36054e-06              
       0.072937     2.26604e-06              
      0.0741577     2.32274e-06              
      0.0753784     2.26703e-06              
      0.0765991     2.20933e-06              
      0.0778198     2.23221e-06              
      0.0790406     2.20436e-06              
      0.0802613     2.12578e-06              
      0.0814819     2.13473e-06              
      0.0827027      2.1407e-06              
      0.0839234     2.16756e-06              
       0.085144     2.08599e-06              
      0.0863647     2.05714e-06              
      0.0875855     2.08499e-06              
      0.0888062     2.08698e-06              
      0.0900268     2.09394e-06              
      0.0912476     2.00442e-06              
      0.0924683      1.9507e-06              
      0.0936889     1.97358e-06              
      0.0949096     2.00044e-06              
      0.0961304     1.93379e-06              
       0.097351     1.94274e-06              
      0.0985718     1.94274e-06              
      0.0997927     1.92782e-06              
       0.101013     1.88704e-06              
       0.102234     1.85719e-06              
       0.103455     1.93777e-06              
       0.104675     1.75971e-06              
       0.105896     1.82735e-06              
       0.107117     1.78458e-06              
       0.108338     1.76767e-06              
       0.109558     1.76866e-06              
       0.110779     1.76468e-06              
          0.112     1.75374e-06              
        0.11322     1.65924e-06              
       0.114441     1.71992e-06              
       0.115662     1.72788e-06              
       0.116883     1.67317e-06              
       0.118103     1.58463e-06              
       0.119324     1.54186e-06              
       0.120544     1.53887e-06              
       0.121765     1.57369e-06              
       0.122986     1.51699e-06              
       0.124206      1.4782e-06              
       0.125427     1.48715e-06              
       0.126648      1.4971e-06              
       0.127868     1.41752e-06              
        0.12909     1.47322e-06              
        0.13031     1.46825e-06              
       0.131531     1.36877e-06              
       0.132752     1.40856e-06              
       0.133972     1.36778e-06              
       0.135193     1.38568e-06              
       0.136414     1.33595e-06              
       0.137634     1.38071e-06              
       0.138855     1.30312e-06              
       0.140076     1.33694e-06              
       0.141296     1.29815e-06              
       0.142517     1.18872e-06              
       0.143738      1.2693e-06              
       0.144958     1.23747e-06              
       0.146179     1.23946e-06              
         0.1474     1.20166e-06              
        0.14862     1.14595e-06              
       0.149841     1.18673e-06              
       0.151062     1.16286e-06              
       0.152283     1.24642e-06              
       0.153504     1.14694e-06              
       0.154724       1.137e-06              
       0.155945     1.10119e-06              
       0.157166     1.11909e-06              
       0.158386      1.0793e-06              
       0.159607     1.08925e-06              
       0.160828     1.03553e-06              
       0.162048     1.10218e-06              
       0.163269     1.03255e-06              
        0.16449     1.03852e-06              
        0.16571      1.0614e-06              
       0.166931     1.06537e-06              
       0.168152     1.06637e-06              
       0.169372     9.83806e-07              
       0.170593      1.0604e-06              
       0.171814     9.79827e-07              
       0.173034     9.89774e-07              
       0.174256     1.01862e-06              
       0.175476     9.44016e-07              
       0.176697     9.62916e-07              
       0.177918      8.8632e-07              
       0.179138     9.77837e-07              
       0.180359     9.18152e-07              
        0.18158      8.8632e-07              
         0.1828     8.42551e-07              
       0.184021     8.68415e-07              
       0.185242     8.66425e-07              
       0.186462     8.61452e-07              
       0.187683     8.43546e-07              
       0.188904     8.78362e-07              
       0.190124     8.38572e-07              
       0.191345     8.31609e-07              
       0.192566     7.81872e-07              
       0.193786     8.05746e-07              
       0.195007     8.21662e-07              
       0.196228     7.41087e-07              
       0.197449     8.04751e-07              
       0.198669     7.78887e-07              
        0.19989     7.65956e-07              
       0.201111     7.60982e-07              
       0.202331     7.63966e-07              
       0.203552      7.1025e-07              
       0.204773     7.39098e-07              
       0.205993     7.55014e-07              
       0.207215     7.01297e-07              
       0.208435     7.30145e-07              
       0.209656     7.12239e-07              
       0.210877     7.46061e-07              
       0.212097     6.58523e-07              
       0.213318     7.15224e-07              
       0.214539      6.9135e-07              
       0.215759     6.69465e-07              
        0.21698     6.57528e-07              
       0.218201     6.52555e-07              
       0.219421     6.45591e-07              
       0.220642     6.18733e-07              
       0.221863     6.28681e-07              
       0.223083     5.94859e-07              
       0.224304     6.44597e-07              
       0.225525     6.50565e-07              
       0.226745     5.96849e-07              
       0.227966     6.00828e-07              
       0.229187      6.0978e-07              
       0.230408     6.23707e-07              
       0.231629     5.77948e-07              
       0.232849     5.74964e-07              
        0.23407     5.95854e-07              
       0.235291      5.5109e-07              
       0.236511     6.43602e-07              
       0.237732     5.28211e-07              
       0.238953     5.62032e-07              
       0.240173     5.70985e-07              
       0.241394     5.73969e-07              
       0.242615     6.15749e-07              
       0.243835     5.79938e-07              
       0.245056     5.49101e-07              
       0.246277     5.46117e-07              
       0.247497     5.48106e-07              
       0.248718     5.22243e-07              
       0.249939     5.21248e-07              
       0.251159     5.14285e-07              
       0.252381     5.87896e-07              
       0.253601     5.19258e-07              
       0.254822     4.80463e-07              
       0.256043     5.16274e-07              
       0.257263     4.67531e-07              
       0.258484     5.20253e-07              
       0.259705       4.546e-07              
       0.260925     4.23763e-07              
       0.262146     4.81458e-07              
       0.263367     5.02348e-07              
       0.264587     4.46642e-07              
       0.265808     4.38684e-07              
       0.267029     4.67531e-07              
        0.26825     4.84442e-07              
        0.26947     4.83447e-07              
       0.270691     4.68526e-07              
       0.271911     4.36694e-07              
       0.273133     4.41668e-07              
       0.274353     4.30726e-07              
       0.275574     4.89416e-07              
       0.276794      4.3371e-07              
       0.278015     4.31721e-07              
       0.279236     4.44652e-07              
       0.280456     3.90936e-07              
       0.281677     4.04862e-07              
       0.282898     3.94915e-07              
       0.284118     4.80463e-07              
       0.285339     3.89941e-07              
        0.28656     3.81983e-07              
       0.287781     4.06852e-07              
       0.289002     3.85962e-07              
       0.290222     4.07847e-07              
       0.291443      3.7303e-07              
       0.292663     3.99889e-07              
       0.293884      3.7303e-07              
       0.295105     3.88946e-07              
       0.296326      3.9392e-07              
       0.297546     3.78999e-07              
       0.298767     3.85962e-07              
       0.299988     3.97899e-07              
       0.301208     3.37219e-07              
       0.302429     3.52141e-07              
        0.30365     3.47167e-07              
        0.30487     3.68057e-07              
       0.306091     3.34235e-07              
       0.307312     3.47167e-07              
       0.308533      3.5612e-07              
       0.309754     3.49156e-07              
       0.310974     3.50151e-07              
       0.312195     3.83973e-07              
       0.313416     3.38214e-07              
       0.314636     3.49156e-07              
       0.315857     3.09367e-07              
       0.317078      3.1633e-07              
       0.318299     3.37219e-07              
       0.319519     3.21304e-07              
        0.32074     3.29261e-07              
        0.32196     3.27272e-07              
       0.323181     3.00414e-07              
       0.324402      3.1633e-07              
       0.325623     3.26277e-07              
       0.326843     2.99419e-07              
       0.328064      2.9743e-07              
       0.329284     3.11356e-07              
       0.330506      2.7654e-07              
       0.331726     2.67587e-07              
       0.332947     3.00414e-07              
       0.334168     3.26277e-07              
       0.335388     3.03398e-07              
       0.336609     3.11356e-07              
        0.33783     2.65598e-07              
        0.33905     3.02403e-07              
       0.340271     2.88477e-07              
       0.341492     2.66592e-07              
       0.342712     3.00414e-07              
       0.343933     2.85493e-07              
       0.345154     2.68582e-07              
       0.346375     2.72561e-07              
       0.347595      2.9743e-07              
       0.348816     2.65598e-07              
       0.350036      3.1633e-07              
       0.351257     3.07377e-07              
       0.352478     2.82508e-07              
       0.353699     2.85493e-07              
       0.354919     2.77535e-07              
        0.35614     2.68582e-07              
       0.357361     2.56645e-07              
       0.358581      2.7455e-07              
       0.359802     2.68582e-07              
       0.361023     2.30781e-07              
       0.362243     2.64603e-07              
       0.363464     2.73556e-07              
       0.364685     2.63608e-07              
       0.365906     2.58634e-07              
       0.367127     2.62613e-07              
       0.368347     2.52666e-07              
       0.369568     2.53661e-07              
       0.370788      2.3675e-07              
       0.372009     2.77535e-07              
        0.37323     2.69577e-07              
       0.374451     2.32771e-07              
       0.375671     2.33766e-07              
       0.376892     2.64603e-07              
       0.378113     2.47692e-07              
       0.379333      2.1785e-07              
       0.380554     2.28792e-07              
       0.381775     2.30781e-07              
       0.382995     2.07902e-07              
       0.384216     2.03923e-07              
       0.385437     2.62613e-07              
       0.386658     2.23818e-07              
       0.387879     2.30781e-07              
       0.389099     2.13871e-07              
        0.39032     2.31776e-07              
       0.391541     2.37745e-07              
       0.392761     2.21829e-07              
       0.393982      2.1785e-07              
       0.395203     2.42718e-07              
       0.396424     2.41724e-07              
       0.397644      2.3476e-07              
       0.398865      1.9895e-07              
       0.400085     2.19839e-07              
       0.401306     2.04918e-07              
       0.402527     2.59629e-07              
       0.403748     2.13871e-07              
       0.404968     1.89002e-07              
       0.406189      2.3675e-07              
       0.407409     2.24813e-07              
       0.408631     1.97955e-07              
       0.409851     2.16855e-07              
       0.411072     2.30781e-07              
       0.412293     2.22823e-07              
       0.413513     2.12876e-07              
       0.414734     2.03923e-07              
       0.415955     2.40729e-07              
       0.417175     2.03923e-07              
       0.418396     2.23818e-07              
       0.419617     1.93976e-07              
       0.420837     2.22823e-07              
       0.422058     1.88007e-07              
       0.423279     1.84028e-07              
         0.4245      2.3675e-07              
        0.42572     1.85023e-07              
       0.426941     2.00939e-07              
       0.428161      1.9895e-07              
       0.429383     1.58165e-07              
       0.430603      1.9696e-07              
       0.431824     1.94971e-07              
       0.433044      1.7607e-07              
       0.434265     1.74081e-07              
       0.435486     1.82039e-07              
       0.436706     1.90992e-07              
       0.437927     1.85023e-07              
       0.439148     1.91986e-07              
       0.440368     1.63139e-07              
       0.441589     1.83034e-07              
        0.44281      1.7806e-07              
       0.444031     2.02929e-07              
       0.445252     2.12876e-07              
       0.446472     1.52196e-07              
       0.447693     1.71097e-07              
       0.448913     2.20834e-07              
       0.450134     1.91986e-07              
       0.451355     1.67118e-07              
       0.452576     1.51202e-07              
       0.453796     1.86018e-07              
       0.455017     2.02929e-07              
       0.456238      1.7806e-07              
       0.457458     1.72091e-07              
       0.458679     1.62144e-07              
         0.4599     1.71097e-07              
        0.46112     1.70102e-07              
       0.462341      1.7806e-07              
       0.463562     1.60154e-07              
       0.464783     1.60154e-07              
       0.466004     1.79055e-07              
       0.467224     1.77065e-07              
       0.468445     1.75076e-07              
       0.469666     1.58165e-07              
       0.470886     1.52196e-07              
       0.472107     1.68112e-07              
       0.473328     1.95965e-07              
       0.474549     1.80049e-07              
       0.475769     1.61149e-07              
        0.47699     1.94971e-07              
        0.47821     1.75076e-07              
       0.479431     1.64133e-07              
       0.480652     1.87013e-07              
       0.481873     1.65128e-07              
       0.483093     1.74081e-07              
       0.484314     1.53191e-07              
       0.485534     1.62144e-07              
       0.486756     1.52196e-07              
       0.487976      1.5916e-07              
       0.489197     1.86018e-07              
       0.490418     1.34291e-07              
       0.491638     1.45233e-07              
       0.492859     1.52196e-07              
        0.49408     1.46228e-07              
         0.4953     1.65128e-07              
       0.496521     1.53191e-07              
       0.497742     1.58165e-07              
       0.498962     1.48217e-07              
       0.500183     1.74081e-07              
       0.501404     1.69107e-07              
       0.502625     1.68112e-07              
       0.503845     1.39265e-07              
       0.505066      1.3827e-07              
       0.506287     1.41254e-07              
       0.507507     1.45233e-07              
       0.508728     1.49212e-07              
       0.509949     1.44238e-07              
        0.51117     6.92842e-06              
        0.51239      1.1937e-07              
       0.513611     1.20364e-07              
       0.514831     1.28322e-07              
       0.516052     1.32301e-07              
       0.517273     2.29787e-07              
       0.518493      1.3628e-07              
       0.519715     1.34291e-07              
       0.520935     1.12406e-07              
       0.522156     1.13401e-07              
       0.523376     1.14396e-07              
       0.524597     1.29317e-07              
       0.525818     1.07433e-07              
       0.527038     1.22354e-07              
       0.528259     1.25338e-07              
        0.52948     1.09422e-07              
       0.530701      1.5717e-07              
       0.531921     1.30312e-07              
       0.533142     1.06438e-07              
       0.534363     1.08428e-07              
       0.535583     1.31307e-07              
       0.536804     1.09422e-07              
       0.538025     1.40259e-07              
       0.539246     1.21359e-07              
       0.540466     7.95798e-08              
       0.541687     1.35286e-07              
       0.542908     9.54958e-08              
       0.544129     1.21359e-07              
       0.545349     1.05443e-07              
        0.54657     1.11412e-07              
       0.547791     1.08428e-07              
       0.549011     1.29317e-07              
       0.550232     1.03454e-07              
       0.551453     1.21359e-07              
       0.552674      9.4501e-08              
       0.553894     1.15391e-07              
       0.555115     1.16385e-07              
       0.556336     1.05443e-07              
       0.557556     1.13401e-07              
       0.558777     1.13401e-07              
       0.559997     1.01464e-07              
       0.561218     1.27328e-07              
       0.562439     1.70102e-07              
       0.563659     1.04449e-07              
       0.564881     9.15168e-08              
       0.566101     1.11412e-07              
       0.567322     1.37275e-07              
       0.568542     9.74853e-08              
       0.569763      9.4501e-08              
       0.570984     1.18375e-07              
       0.572205     1.22354e-07              
       0.573425     8.95273e-08              
       0.574646     1.46228e-07              
       0.575867     1.13401e-07              
       0.577087     1.06438e-07              
       0.578308     1.12406e-07              
       0.579529     1.06438e-07              
        0.58075     1.09422e-07              
        0.58197     9.35063e-08              
       0.583191     1.05443e-07              
       0.584412     1.11412e-07              
       0.585633     8.65431e-08              
       0.586853     9.94748e-08              
       0.588074     9.35063e-08              
       0.589295     8.75378e-08              
       0.590515     1.03454e-07              
       0.591736     1.09422e-07              
       0.592956     1.15391e-07              
       0.594177      1.0047e-07              
       0.595398     1.06438e-07              
       0.596618     1.15391e-07              
        0.59784      1.1738e-07              
        0.59906     9.74853e-08              
       0.600281      1.0047e-07              
       0.601501      1.0047e-07              
       0.602722     9.15168e-08              
       0.603943     1.01464e-07              
       0.605163     1.10417e-07              
       0.606384     9.54958e-08              
       0.607605     1.16385e-07              
       0.608826     1.14396e-07              
       0.610046     7.36113e-08              
       0.611267      9.4501e-08              
       0.612488     9.94748e-08              
       0.613708     7.56008e-08              
       0.614929     9.54958e-08              
        0.61615     9.15168e-08              
       0.617371     1.03454e-07              
       0.618591     9.74853e-08              
       0.619812     7.46061e-08              
       0.621033     9.74853e-08              
       0.622254     9.64905e-08              
       0.623474     9.54958e-08              
       0.624695     8.65431e-08              
       0.625916     1.01464e-07              
       0.627136      9.4501e-08              
       0.628357     8.85325e-08              
       0.629578      9.4501e-08              
       0.630799     9.35063e-08              
       0.632019     1.11412e-07              
        0.63324     8.85325e-08              
       0.634461     8.65431e-08              
       0.635681      9.0522e-08              
       0.636902      9.0522e-08              
       0.638122     9.35063e-08              
       0.639343     9.54958e-08              
       0.640564     8.95273e-08              
       0.641784     8.45536e-08              
       0.643006      9.0522e-08              
       0.644226      9.0522e-08              
       0.645447     8.15693e-08              
       0.646667      9.0522e-08              
       0.647888     1.16385e-07              
       0.649109     8.45536e-08              
        0.65033     7.95798e-08              
        0.65155     9.74853e-08              
       0.652771     7.06271e-08              
       0.653992     8.45536e-08              
       0.655212     7.56008e-08              
       0.656433     7.36113e-08              
       0.657654     8.45536e-08              
       0.658875     7.65956e-08              
       0.660095     6.46586e-08              
       0.661316     8.25641e-08              
       0.662537     7.16218e-08              
       0.663757     9.94748e-08              
       0.664978     9.25115e-08              
       0.666199     7.46061e-08              
        0.66742      1.0047e-07              
        0.66864     9.54958e-08              
       0.669861     8.35588e-08              
       0.671081     8.25641e-08              
       0.672302     8.85325e-08              
       0.673523     7.85851e-08              
       0.674743     8.95273e-08              
       0.675965     7.06271e-08              
       0.677185      9.0522e-08              
       0.678406     8.05746e-08              
       0.679626     9.54958e-08              
       0.680847     8.45536e-08              
       0.682068     8.35588e-08              
       0.683288     7.56008e-08              
       0.684509     7.36113e-08              
        0.68573     6.26691e-08              
       0.686951     6.36639e-08              
       0.688171     5.76954e-08              
       0.689392     5.96849e-08              
       0.690613     5.96849e-08              
       0.691833     1.02459e-07              
       0.693054     7.46061e-08              
       0.694275     6.76428e-08              
       0.695496     8.45536e-08              
       0.696716     7.46061e-08              
       0.697937     6.56534e-08              
       0.699158     7.16218e-08              
       0.700379     7.56008e-08              
       0.701599     7.56008e-08              
        0.70282     8.15693e-08              
       0.704041     7.95798e-08              
       0.705261     8.55483e-08              
       0.706482     7.85851e-08              
       0.707703     7.75903e-08              
       0.708924     7.16218e-08              
       0.710144     7.95798e-08              
       0.711365     8.05746e-08              
       0.712586     6.56534e-08              
       0.713806     7.16218e-08              
       0.715027     7.95798e-08              
       0.716247     7.16218e-08              
       0.717468      9.0522e-08              
       0.718689     5.96849e-08              
       0.719909     6.46586e-08              
       0.721131     8.75378e-08              
       0.722351     8.45536e-08              
       0.723572     7.95798e-08              
       0.724792     7.26166e-08              
       0.726013     7.36113e-08              
       0.727234     7.16218e-08              
       0.728455     7.75903e-08              
       0.729675     7.06271e-08              
       0.730896     7.56008e-08              
       0.732117     6.96323e-08              
       0.733337     6.76428e-08              
       0.734558     8.05746e-08              
       0.735779     7.26166e-08              
          0.737     7.06271e-08              
        0.73822     6.56534e-08              
       0.739441     7.65956e-08              
       0.740662     6.76428e-08              
       0.741883     7.95798e-08              
       0.743103     6.56534e-08              
       0.744324     6.76428e-08              
       0.745545     6.76428e-08              
       0.746765     7.26166e-08              
       0.747986     7.56008e-08              
       0.749206     6.96323e-08              
       0.750427     7.46061e-08              
       0.751648     5.17269e-08              
       0.752868     6.56534e-08              
        0.75409     7.06271e-08              
        0.75531     2.68582e-07              
       0.756531     6.36639e-08              
       0.757751     7.16218e-08              
       0.758972     6.86376e-08              
       0.760193     7.06271e-08              
       0.761413     6.16744e-08              
       0.762634     6.96323e-08              
       0.763855     7.36113e-08              
       0.765076     6.36639e-08              
       0.766296     7.26166e-08              
       0.767517     6.26691e-08              
       0.768738     5.96849e-08              
       0.769958     6.46586e-08              
       0.771179     6.66481e-08              
         0.7724     6.06796e-08              
       0.773621     5.76954e-08              
       0.774841     4.97374e-08              
       0.776062     6.76428e-08              
       0.777283     5.76954e-08              
       0.778504     8.75378e-08              
       0.779724     7.85851e-08              
       0.780945     6.16744e-08              
       0.782166     6.36639e-08              
       0.783386     8.75378e-08              
       0.784607     6.36639e-08              
       0.785828     1.32301e-07              
       0.787049     7.06271e-08              
       0.788269     1.63139e-07              
        0.78949     5.86901e-08              
       0.790711     6.76428e-08              
       0.791931     6.56534e-08              
       0.793152     5.47111e-08              
       0.794372     7.36113e-08              
       0.795593     5.57059e-08              
       0.796814     6.96323e-08              
       0.798034     6.26691e-08              
       0.799256     7.16218e-08              
       0.800476     5.96849e-08              
       0.801697     6.56534e-08              
       0.802917     6.46586e-08              
       0.804138     7.16218e-08              
       0.805359     5.47111e-08              
        0.80658     6.46586e-08              
         0.8078     6.96323e-08              
       0.809021     6.36639e-08              
       0.810242     7.26166e-08              
       0.811462     6.86376e-08              
       0.812683     6.16744e-08              
       0.813904     5.17269e-08              
       0.815125     4.67531e-08              
       0.816345     5.17269e-08              
       0.817566     7.16218e-08              
       0.818787     4.87426e-08              
       0.820007     5.96849e-08              
       0.821228     6.76428e-08              
       0.822449     5.57059e-08              
        0.82367     6.76428e-08              
        0.82489     4.97374e-08              
       0.826111     6.46586e-08              
       0.827331     5.86901e-08              
       0.828552     7.06271e-08              
       0.829773     4.57584e-08              
       0.830993     5.86901e-08              
       0.832215     5.27216e-08              
       0.833435     4.67531e-08              
       0.834656     6.16744e-08              
       0.835876     6.16744e-08              
       0.837097     4.77479e-08              
       0.838318     6.46586e-08              
       0.839538     4.27742e-08              
       0.840759     6.66481e-08              
        0.84198     6.26691e-08              
       0.843201     6.06796e-08              
       0.844421     6.96323e-08              
       0.845642     6.76428e-08              
       0.846863     6.66481e-08              
       0.848083     6.36639e-08              
       0.849304     5.47111e-08              
       0.850525     5.86901e-08              
       0.851746     5.86901e-08              
       0.852966     5.47111e-08              
       0.854187     5.86901e-08              
       0.855408     4.77479e-08              
       0.856629     5.07321e-08              
       0.857849     5.96849e-08              
        0.85907     5.67006e-08              
       0.860291     5.17269e-08              
       0.861511     8.65431e-08              
       0.862732     5.27216e-08              
       0.863953     6.06796e-08              
       0.865174     6.46586e-08              
       0.866394     5.86901e-08              
       0.867615     4.77479e-08              
       0.868836     5.67006e-08              
       0.870056     5.27216e-08              
       0.871277     4.37689e-08              
       0.872497     5.47111e-08              
       0.873718     5.76954e-08              
       0.874939     5.47111e-08              
       0.876159     5.96849e-08              
       0.877381     4.87426e-08              
       0.878601     5.67006e-08              
       0.879822     6.16744e-08              
       0.881042     5.76954e-08              
       0.882263     5.07321e-08              
       0.883484     6.86376e-08              
       0.884705     7.16218e-08              
       0.885925     5.37164e-08              
       0.887146     6.16744e-08              
       0.888367     6.26691e-08              
       0.889587     5.67006e-08              
       0.890808     4.77479e-08              
       0.892029     4.57584e-08              
        0.89325     7.06271e-08              
        0.89447     5.07321e-08              
       0.895691     5.96849e-08              
       0.896912     5.27216e-08              
       0.898133     4.97374e-08              
       0.899353     5.37164e-08              
       0.900574     4.77479e-08              
       0.901795     5.17269e-08              
       0.903015     4.07847e-08              
       0.904236     4.37689e-08              
       0.905456     5.86901e-08              
       0.906677     5.37164e-08              
       0.907898     4.67531e-08              
       0.909118     4.57584e-08              
        0.91034     5.17269e-08              
        0.91156     5.27216e-08              
       0.912781     5.57059e-08              
       0.914001     5.76954e-08              
       0.915222     7.75903e-08              
       0.916443     4.27742e-08              
       0.917663     4.97374e-08              
       0.918884     5.86901e-08              
       0.920105     5.37164e-08              
       0.921326     4.37689e-08              
       0.922546     6.46586e-08              
       0.923767     4.47636e-08              
       0.924988     5.57059e-08              
       0.926208     5.96849e-08              
       0.927429     5.27216e-08              
        0.92865     6.56534e-08              
       0.929871     4.97374e-08              
       0.931091     4.67531e-08              
       0.932312     4.47636e-08              
       0.933533     5.37164e-08              
       0.934754     3.68057e-08              
       0.935974     5.67006e-08              
       0.937195     4.97374e-08              
       0.938416     5.67006e-08              
       0.939636     5.96849e-08              
       0.940857     4.27742e-08              
       0.942078     3.58109e-08              
       0.943299     5.07321e-08              
       0.944519     4.77479e-08              
        0.94574     6.76428e-08              
       0.946961     5.17269e-08              
       0.948181     5.96849e-08              
       0.949402     4.37689e-08              
       0.950622     4.17794e-08              
       0.951843     4.87426e-08              
       0.953064     5.37164e-08              
       0.954284     5.17269e-08              
       0.955506     4.57584e-08              
       0.956726     4.57584e-08              
       0.957947     5.86901e-08              
       0.959167     5.27216e-08              
       0.960388     5.86901e-08              
       0.961609     5.17269e-08              
        0.96283     6.06796e-08              
        0.96405     5.27216e-08              
       0.965271     3.78004e-08              
       0.966492     3.48162e-08              
       0.967712     6.26691e-08              
       0.968933     3.68057e-08              
       0.970154     4.87426e-08              
       0.971375     5.17269e-08              
       0.972595     3.78004e-08              
       0.973816     5.07321e-08              
       0.975037     4.67531e-08              
       0.976257     4.37689e-08              
       0.977478     4.77479e-08              
       0.978699     4.47636e-08              
        0.97992     5.07321e-08              
        0.98114     4.77479e-08              
       0.982361     3.97899e-08              
       0.983581     5.76954e-08              
       0.984802     4.17794e-08              
       0.986023     4.47636e-08              
       0.987243     4.97374e-08              
       0.988465     4.17794e-08              
       0.989685     4.97374e-08              
       0.990906     5.37164e-08              
       0.992126     5.67006e-08              
       0.993347     4.67531e-08              
       0.994568     4.97374e-08              
       0.995788     3.48162e-08              
       0.997009     3.38214e-08              
        0.99823     3.78004e-08              
