        5.99823      1.9895e-09              
        5.99946     5.96849e-09              
        6.00068     3.97899e-09              
         6.0019     4.97374e-09              
        6.00312     6.96323e-09              
        6.00434     3.97899e-09              
        6.00556     1.09422e-08              
        6.00678     5.96849e-09              
          6.008     3.97899e-09              
        6.00922     6.96323e-09              
        6.01044     2.98424e-09              
        6.01166     6.96323e-09              
        6.01288     6.96323e-09              
         6.0141     9.94748e-09              
        6.01532     4.97374e-09              
        6.01654     6.96323e-09              
        6.01776     7.95798e-09              
        6.01898     5.96849e-09              
         6.0202     4.97374e-09              
        6.02142     2.98424e-09              
        6.02264      1.9895e-09              
        6.02386     4.97374e-09              
        6.02508     8.95273e-09              
         6.0263     4.97374e-09              
        6.02752      1.9895e-09              
        6.02874     4.97374e-09              
        6.02996     8.95273e-09              
        6.03118     7.95798e-09              
         6.0324     5.96849e-09              
        6.03364     9.94748e-10              
        6.03486     3.97899e-09              
        6.03608     5.96849e-09              
         6.0373     1.89002e-08              
        6.03852     5.96849e-09              
        6.03974     2.98424e-09              
        6.04096     1.09422e-08              
        6.04218     5.96849e-09              
         6.0434     3.97899e-09              
        6.04462     4.97374e-09              
        6.04584     4.97374e-09              
        6.04706     3.97899e-09              
        6.04828     1.29317e-08              
         6.0495     4.97374e-09              
        6.05072     2.98424e-09              
        6.05194     5.96849e-09              
        6.05316     2.98424e-09              
        6.05438     2.98424e-09              
         6.0556     7.95798e-09              
        6.05682     8.95273e-09              
        6.05804     3.97899e-09              
        6.05926     6.96323e-09              
        6.06048     6.96323e-09              
         6.0617     4.97374e-09              
        6.06292      1.9895e-09              
        6.06414     3.97899e-09              
        6.06536               0              
        6.06658     3.97899e-09              
        6.06781     3.97899e-09              
        6.06904     9.94748e-09              
        6.07026     4.97374e-09              
        6.07148     3.97899e-09              
         6.0727     2.98424e-09              
        6.07392     5.96849e-09              
        6.07514     6.96323e-09              
        6.07636     2.98424e-09              
        6.07758     5.96849e-09              
         6.0788     5.96849e-09              
        6.08002     1.49212e-08              
        6.08124     6.96323e-09              
        6.08246     3.97899e-09              
        6.08368     3.97899e-09              
         6.0849     5.96849e-09              
        6.08613     4.27742e-08              
        6.08735     9.94748e-09              
        6.08857     5.96849e-09              
        6.08979     7.95798e-09              
        6.09101     4.97374e-09              
        6.09223     4.97374e-09              
        6.09345     5.96849e-09              
        6.09466     6.96323e-09              
        6.09588      1.9895e-09              
         6.0971     3.97899e-09              
        6.09832     3.97899e-09              
        6.09954     8.95273e-09              
        6.10076     7.95798e-09              
        6.10198     2.98424e-09              
        6.10321     7.95798e-09              
        6.10443     5.96849e-09              
        6.10565     6.96323e-09              
        6.10687     2.98424e-09              
        6.10809     7.95798e-09              
        6.10931     7.95798e-09              
        6.11053     9.50979e-07              
        6.11175      1.9895e-09              
        6.11297     7.95798e-09              
        6.11419     4.97374e-09              
        6.11541     6.96323e-09              
        6.11663     1.39265e-08              
        6.11785     5.96849e-09              
        6.11907     2.98424e-09              
        6.12031     3.97899e-09              
        6.12153     5.96849e-09              
        6.12275      1.1937e-08              
        6.12397     7.95798e-09              
        6.12519     5.96849e-09              
        6.12641     5.96849e-09              
        6.12763     8.95273e-09              
        6.12885     2.98424e-09              
        6.13007     1.09422e-08              
        6.13129     4.97374e-09              
        6.13251     3.97899e-09              
        6.13373     8.95273e-09              
        6.13495     4.97374e-09              
        6.13617     5.96849e-09              
        6.13739     3.97899e-09              
        6.13861     6.96323e-09              
        6.13983     5.96849e-09              
        6.14105     5.96849e-09              
        6.14227     3.97899e-09              
        6.14349     5.96849e-09              
        6.14471     4.97374e-09              
        6.14593     8.95273e-09              
        6.14715     7.95798e-09              
        6.14837     5.96849e-09              
        6.14959     9.94748e-09              
        6.15081     8.95273e-09              
        6.15203     3.97899e-09              
        6.15325     9.94748e-09              
        6.15448     2.98424e-09              
        6.15571     8.95273e-09              
        6.15693     7.95798e-09              
        6.15815     3.97899e-09              
        6.15937     3.97899e-09              
        6.16059     6.96323e-09              
        6.16181     5.96849e-09              
        6.16303     4.97374e-09              
        6.16425     9.94748e-09              
        6.16547     6.96323e-09              
        6.16669     4.97374e-09              
        6.16791               0              
        6.16913      1.9895e-09              
        6.17035     8.95273e-09              
        6.17157     7.95798e-09              
        6.17279     5.96849e-09              
        6.17401     6.96323e-09              
        6.17523     7.95798e-09              
        6.17645     3.97899e-09              
        6.17767     6.96323e-09              
        6.17889     3.97899e-09              
        6.18011     7.95798e-09              
        6.18133     3.97899e-09              
        6.18255      1.9895e-09              
        6.18377     1.89002e-08              
        6.18499     7.95798e-09              
        6.18621     3.97899e-09              
        6.18743     4.97374e-09              
        6.18865     5.96849e-09              
        6.18989     5.96849e-09              
        6.19111     5.96849e-09              
        6.19233      1.9895e-09              
        6.19355     6.96323e-09              
        6.19477     8.95273e-09              
        6.19599     7.95798e-09              
        6.19721     5.96849e-09              
        6.19843     2.98424e-09              
        6.19965     7.95798e-09              
        6.20087     5.96849e-09              
        6.20209     8.95273e-09              
        6.20331     5.96849e-09              
        6.20453     8.95273e-09              
        6.20575     9.94748e-09              
        6.20697     1.29317e-08              
        6.20819     5.96849e-09              
        6.20941      1.9895e-09              
        6.21063     5.96849e-09              
        6.21185     8.95273e-09              
        6.21307     5.96849e-09              
        6.21429     5.96849e-09              
        6.21551     6.96323e-09              
        6.21673     4.97374e-09              
        6.21795     2.98424e-09              
        6.21917     2.98424e-09              
        6.22039     2.98424e-09              
        6.22161     4.97374e-09              
        6.22283     5.96849e-09              
        6.22406     7.95798e-09              
        6.22529     4.97374e-09              
        6.22651     4.97374e-09              
        6.22773     5.96849e-09              
        6.22895     2.98424e-09              
        6.23017     3.97899e-09              
        6.23139     7.95798e-09              
        6.23261     9.94748e-09              
        6.23383     3.97899e-09              
        6.23505     6.96323e-09              
        6.23627     5.96849e-09              
        6.23749     1.09422e-08              
        6.23871     3.97899e-09              
        6.23993     6.96323e-09              
        6.24115     5.96849e-09              
        6.24238     5.96849e-09              
         6.2436     9.94748e-10              
        6.24482     4.97374e-09              
        6.24604     1.09422e-08              
        6.24726     4.97374e-09              
        6.24848     4.97374e-09              
         6.2497     9.94748e-09              
        6.25091     2.98424e-09              
        6.25213     3.68057e-08              
        6.25335     4.97374e-09              
        6.25457     2.98424e-09              
        6.25579     6.96323e-09              
        6.25701     2.98424e-09              
        6.25823     7.95798e-09              
        6.25946     4.97374e-09              
        6.26068     5.96849e-09              
         6.2619     3.97899e-09              
        6.26312     5.96849e-09              
        6.26434     4.97374e-09              
        6.26556     2.98424e-09              
        6.26678      1.5916e-08              
          6.268     6.96323e-09              
        6.26922     2.98424e-09              
        6.27044     2.98424e-09              
        6.27166      1.1937e-08              
        6.27288     8.95273e-09              
         6.2741     7.95798e-09              
        6.27532     1.09422e-08              
        6.27656     6.96323e-09              
        6.27778     7.95798e-09              
          6.279     6.96323e-09              
        6.28022     4.97374e-09              
        6.28144     2.98424e-09              
        6.28266     4.97374e-09              
        6.28388     5.96849e-09              
         6.2851     8.95273e-09              
        6.28632     6.96323e-09              
        6.28754      1.1937e-08              
        6.28876     3.97899e-09              
        6.28998     2.98424e-09              
         6.2912     5.96849e-09              
        6.29242     5.96849e-09              
        6.29364     7.95798e-09              
        6.29486     2.98424e-09              
        6.29608     7.95798e-09              
         6.2973      1.9895e-09              
        6.29852     2.98424e-09              
        6.29974     5.96849e-09              
        6.30096     2.98424e-09              
        6.30218      1.9895e-09              
         6.3034     5.96849e-09              
        6.30462     3.97899e-09              
        6.30584     6.96323e-09              
        6.30706     5.96849e-09              
        6.30828     4.97374e-09              
         6.3095     2.98424e-09              
        6.31073     3.97899e-09              
        6.31196     4.97374e-09              
        6.31318      1.9895e-09              
         6.3144     4.97374e-09              
        6.31562     7.95798e-09              
        6.31684     5.96849e-09              
        6.31806     3.97899e-09              
        6.31928     8.95273e-09              
         6.3205               0              
        6.32172     5.96849e-09              
        6.32294     3.97899e-09              
        6.32416     2.98424e-09              
        6.32538     4.97374e-09              
         6.3266     3.97899e-09              
        6.32782     6.96323e-09              
        6.32904     4.97374e-09              
        6.33026     4.97374e-09              
        6.33148     5.96849e-09              
         6.3327     6.96323e-09              
        6.33392     4.97374e-09              
        6.33514     6.96323e-09              
        6.33636     8.95273e-09              
        6.33758     4.97374e-09              
         6.3388     8.95273e-09              
        6.34002     5.96849e-09              
        6.34124     3.97899e-09              
        6.34246     6.96323e-09              
        6.34368     1.29317e-08              
         6.3449     8.95273e-09              
        6.34614     7.95798e-09              
        6.34736     7.95798e-09              
        6.34858     7.95798e-09              
         6.3498     8.95273e-09              
        6.35102     7.95798e-09              
        6.35224      1.9895e-09              
        6.35346     9.94748e-09              
        6.35468     6.96323e-09              
         6.3559     3.97899e-09              
        6.35712     5.96849e-09              
        6.35834     1.09422e-08              
        6.35956     7.95798e-09              
        6.36078     4.97374e-09              
          6.362     5.96849e-09              
        6.36322     4.97374e-09              
        6.36444     5.96849e-09              
        6.36566     5.96849e-09              
        6.36688     4.97374e-09              
         6.3681     7.95798e-09              
        6.36932     3.97899e-09              
        6.37054     4.97374e-09              
        6.37176     4.97374e-09              
        6.37298     4.97374e-09              
         6.3742     4.97374e-09              
        6.37542     2.98424e-09              
        6.37664     6.96323e-09              
        6.37786     1.09422e-08              
        6.37908     7.95798e-09              
        6.38031     3.97899e-09              
        6.38154     5.96849e-09              
        6.38276     5.96849e-09              
        6.38398     9.94748e-10              
         6.3852     9.94748e-09              
        6.38642     9.94748e-09              
        6.38764     4.97374e-09              
        6.38886     3.97899e-09              
        6.39008     5.96849e-09              
         6.3913     3.97899e-09              
        6.39252     6.96323e-09              
        6.39374     3.97899e-09              
        6.39496     3.97899e-09              
        6.39618     6.96323e-09              
         6.3974     5.96849e-09              
        6.39863     6.96323e-09              
        6.39985     3.97899e-09              
        6.40107     4.97374e-09              
        6.40229     8.95273e-09              
        6.40351     5.96849e-09              
        6.40473               0              
        6.40595     7.95798e-09              
        6.40716     2.98424e-09              
        6.40838     9.94748e-09              
         6.4096     6.96323e-09              
        6.41082     8.95273e-09              
        6.41204     3.97899e-09              
        6.41326     7.95798e-09              
        6.41448     6.96323e-09              
        6.41571     6.96323e-09              
        6.41693     5.96849e-09              
        6.41815     7.95798e-09              
        6.41937     4.97374e-09              
        6.42059     3.97899e-09              
        6.42181     1.39265e-08              
        6.42303     1.29317e-08              
        6.42425     5.96849e-09              
        6.42547      1.9895e-09              
        6.42669     4.97374e-09              
        6.42791     4.97374e-09              
        6.42913     1.29317e-08              
        6.43035     3.97899e-09              
        6.43157     3.97899e-09              
        6.43281     6.96323e-09              
        6.43403     5.96849e-09              
        6.43525     2.98424e-09              
        6.43647     3.97899e-09              
        6.43769     6.96323e-09              
        6.43891     6.96323e-09              
        6.44013     3.97899e-09              
        6.44135     6.96323e-09              
        6.44257     5.96849e-09              
        6.44379     8.95273e-09              
        6.44501     5.96849e-09              
        6.44623     8.95273e-09              
        6.44745     6.96323e-09              
        6.44867      1.9895e-09              
        6.44989     5.96849e-09              
        6.45111     7.95798e-09              
        6.45233     5.96849e-09              
        6.45355     7.95798e-09              
        6.45477     4.97374e-09              
        6.45599     4.97374e-09              
        6.45721     3.97899e-09              
        6.45843     4.97374e-09              
        6.45965     9.94748e-10              
        6.46087     4.97374e-09              
        6.46209     7.95798e-09              
        6.46331     9.94748e-09              
        6.46453     5.96849e-09              
        6.46575     9.94748e-09              
        6.46698     7.95798e-09              
        6.46821     7.95798e-09              
        6.46943     2.98424e-09              
        6.47065     3.97899e-09              
        6.47187     6.96323e-09              
        6.47309     6.96323e-09              
        6.47431     8.95273e-09              
        6.47553     5.96849e-09              
        6.47675     2.98424e-09              
        6.47797     3.97899e-09              
        6.47919     6.96323e-09              
        6.48041     3.97899e-09              
        6.48163     4.97374e-09              
        6.48285     6.96323e-09              
        6.48407     6.96323e-09              
        6.48529     4.97374e-09              
        6.48651     4.97374e-09              
        6.48773     5.96849e-09              
        6.48895     9.94748e-09              
        6.49017     4.97374e-09              
        6.49139     5.96849e-09              
        6.49261      1.9895e-09              
        6.49383     2.98424e-09              
        6.49505     4.97374e-09              
        6.49627     3.97899e-09              
        6.49749     5.96849e-09              
        6.49871     2.98424e-09              
        6.49993     3.97899e-09              
        6.50115     3.97899e-09              
        6.50239     5.96849e-09              
        6.50361     7.95798e-09              
        6.50483     1.69107e-08              
        6.50605     9.94748e-09              
        6.50727     5.96849e-09              
        6.50849     6.96323e-09              
        6.50971     6.96323e-09              
        6.51093      1.9895e-09              
        6.51215     5.96849e-09              
        6.51337     3.97899e-09              
        6.51459      1.9895e-09              
        6.51581     2.98424e-09              
        6.51703     8.95273e-09              
        6.51825     5.96849e-09              
        6.51947     5.96849e-09              
        6.52069     3.97899e-09              
        6.52191     5.96849e-09              
        6.52313     9.94748e-10              
        6.52435     1.09422e-08              
        6.52557     7.95798e-09              
        6.52679     3.97899e-09              
        6.52801     9.94748e-10              
        6.52923     3.97899e-09              
        6.53045      1.9895e-09              
        6.53167     6.96323e-09              
        6.53289      1.9895e-09              
        6.53411     3.97899e-09              
        6.53533     7.95798e-09              
        6.53656     2.98424e-09              
        6.53779     5.96849e-09              
        6.53901     3.97899e-09              
        6.54023     4.97374e-09              
        6.54145     8.95273e-09              
        6.54267     9.94748e-09              
        6.54389     1.79055e-08              
        6.54511     7.95798e-09              
        6.54633     6.96323e-09              
        6.54755     4.97374e-09              
        6.54877     3.97899e-09              
        6.54999     6.96323e-09              
        6.55121     3.97899e-09              
        6.55243     2.98424e-09              
        6.55365     8.95273e-09              
        6.55488     5.96849e-09              
         6.5561     9.94748e-09              
        6.55732     6.96323e-09              
        6.55854     6.96323e-09              
        6.55976     7.95798e-09              
        6.56098     3.97899e-09              
         6.5622     6.96323e-09              
        6.56341      1.1937e-08              
        6.56463     6.96323e-09              
        6.56585     4.97374e-09              
        6.56707     4.97374e-09              
        6.56829     5.96849e-09              
        6.56951     2.98424e-09              
        6.57073     7.95798e-09              
        6.57196     5.96849e-09              
        6.57318     7.95798e-09              
         6.5744     5.96849e-09              
        6.57562     6.96323e-09              
        6.57684     6.96323e-09              
        6.57806     4.97374e-09              
        6.57928     4.97374e-09              
         6.5805     6.96323e-09              
        6.58172     6.96323e-09              
        6.58294     6.96323e-09              
        6.58416     7.95798e-09              
        6.58538     1.09422e-08              
         6.5866     4.97374e-09              
        6.58782     4.97374e-09              
        6.58906     2.98424e-09              
        6.59028     5.96849e-09              
         6.5915     6.96323e-09              
        6.59272     6.96323e-09              
        6.59394     7.95798e-09              
        6.59516     6.96323e-09              
        6.59638     8.95273e-09              
         6.5976      1.9895e-09              
        6.59882      1.9895e-09              
        6.60004     4.97374e-09              
        6.60126     6.96323e-09              
        6.60248     8.95273e-09              
         6.6037      1.9895e-09              
        6.60492     2.98424e-09              
        6.60614      1.9895e-09              
        6.60736     4.97374e-09              
        6.60858     2.98424e-09              
         6.6098     4.97374e-09              
        6.61102     3.97899e-09              
        6.61224     4.97374e-09              
        6.61346     6.96323e-09              
        6.61468     3.97899e-09              
         6.6159     6.96323e-09              
        6.61712     3.97899e-09              
        6.61834      1.9895e-09              
        6.61956     3.66067e-07              
        6.62078     6.96323e-09              
          6.622     4.97374e-09              
        6.62323     5.96849e-09              
        6.62446     3.97899e-09              
        6.62568      1.9895e-09              
         6.6269     6.96323e-09              
        6.62812     2.43713e-07              
        6.62934     7.95798e-09              
        6.63056     9.94748e-09              
        6.63178     3.97899e-09              
          6.633     4.97374e-09              
        6.63422     7.95798e-09              
        6.63544      1.1937e-08              
        6.63666     7.95798e-09              
        6.63788      1.9895e-09              
         6.6391     8.95273e-09              
        6.64032     2.98424e-09              
        6.64154     2.58634e-08              
        6.64276     9.94748e-10              
        6.64398     5.96849e-09              
         6.6452     3.97899e-09              
        6.64642     3.97899e-09              
        6.64764     3.97899e-09              
        6.64886     4.97374e-09              
        6.65008     6.96323e-09              
         6.6513     6.96323e-09              
        6.65252     4.97374e-09              
        6.65374     4.97374e-09              
        6.65496     7.95798e-09              
        6.65618     3.97899e-09              
         6.6574     5.96849e-09              
        6.65864     2.98424e-09              
        6.65986     3.97899e-09              
        6.66108     4.97374e-09              
         6.6623     4.97374e-09              
        6.66352     3.97899e-09              
        6.66474      1.9895e-09              
        6.66596     3.97899e-09              
        6.66626     1.32633e-09              
        6.66718     6.96323e-09              
         6.6684     2.98424e-09              
        6.66962      1.9895e-09              
        6.67084     6.96323e-09              
        6.67206     3.97899e-09              
        6.67328     9.94748e-10              
         6.6745     4.97374e-09              
        6.67572     8.95273e-09              
        6.67694     2.98424e-09              
        6.67816     4.97374e-09              
        6.67938     3.97899e-09              
         6.6806     4.97374e-09              
        6.68182     9.94748e-10              
        6.68304     5.96849e-09              
        6.68426     3.97899e-09              
        6.68548     6.96323e-09              
         6.6867      1.9895e-09              
        6.68792     4.97374e-09              
        6.68914     3.97899e-09              
        6.69036     4.97374e-09              
        6.69158     1.09422e-08              
        6.69281     2.98424e-09              
        6.69404     5.96849e-09              
        6.69526     3.97899e-09              
        6.69648     5.96849e-09              
         6.6977     4.97374e-09              
        6.69892      1.9895e-09              
        6.70014     6.96323e-09              
        6.70136     9.94748e-10              
        6.70258     5.96849e-09              
         6.7038     2.98424e-09              
        6.70502     3.97899e-09              
        6.70624     5.96849e-09              
        6.70746     1.09422e-08              
        6.70868     3.97899e-09              
         6.7099     2.98424e-09              
        6.71113     2.98424e-09              
        6.71235     4.97374e-09              
        6.71357     4.97374e-09              
        6.71479     6.96323e-09              
        6.71601     6.96323e-09              
        6.71723     6.96323e-09              
        6.71845     3.97899e-09              
        6.71966     1.09422e-08              
        6.72088     8.95273e-09              
         6.7221     6.96323e-09              
        6.72332     5.96849e-09              
        6.72454     6.96323e-09              
        6.72576     3.97899e-09              
        6.72698     4.97374e-09              
        6.72821     6.96323e-09              
        6.72943     5.96849e-09              
        6.73065     5.96849e-09              
        6.73187     5.96849e-09              
        6.73309      1.9895e-09              
        6.73431     5.96849e-09              
        6.73553     6.96323e-09              
        6.73675     3.97899e-09              
        6.73797     5.96849e-09              
        6.73919     5.96849e-09              
        6.74041     3.97899e-09              
        6.74163     5.96849e-09              
        6.74285     3.97899e-09              
        6.74407     2.98424e-09              
        6.74531     2.98424e-09              
        6.74653     4.97374e-09              
        6.74775     7.95798e-09              
        6.74897     4.97374e-09              
        6.75019     7.95798e-09              
        6.75141     3.97899e-09              
        6.75263     3.97899e-09              
        6.75385     2.98424e-09              
        6.75507     4.97374e-09              
        6.75629     2.98424e-09              
        6.75751     2.98424e-09              
        6.75873     8.95273e-09              
        6.75995     4.97374e-09              
        6.76117     3.97899e-09              
        6.76239     8.95273e-09              
        6.76361     9.94748e-09              
        6.76483     9.94748e-10              
        6.76605     2.98424e-09              
        6.76727     3.97899e-09              
        6.76849     2.98424e-09              
        6.76971     8.95273e-09              
        6.77093     6.96323e-09              
        6.77215     2.98424e-09              
        6.77337               0              
        6.77459     4.97374e-09              
        6.77581     6.96323e-09              
        6.77703     4.97374e-09              
        6.77825     3.97899e-09              
        6.77948     4.97374e-09              
        6.78071      1.9895e-09              
        6.78193      1.9895e-09              
        6.78315     7.95798e-09              
        6.78437     5.96849e-09              
        6.78559     7.95798e-09              
        6.78681     3.97899e-09              
        6.78803      1.9895e-09              
        6.78925     7.95798e-09              
        6.79047     2.98424e-09              
        6.79169     3.97899e-09              
        6.79291     3.97899e-09              
        6.79413     2.98424e-09              
        6.79535      1.9895e-09              
        6.79657     4.97374e-09              
        6.79779     3.97899e-09              
        6.79901     5.96849e-09              
        6.80023      1.9895e-09              
        6.80145     3.97899e-09              
        6.80267     4.97374e-09              
        6.80389     3.97899e-09              
        6.80511     6.96323e-09              
        6.80633     6.96323e-09              
        6.80755     2.98424e-09              
        6.80877     5.96849e-09              
        6.80999     6.96323e-09              
        6.81121     6.96323e-09              
        6.81243     6.96323e-09              
        6.81365     6.96323e-09              
        6.81489     5.96849e-09              
        6.81611     3.97899e-09              
        6.81733     3.97899e-09              
        6.81855     4.97374e-09              
        6.81977     5.96849e-09              
        6.82099     2.98424e-09              
        6.82221     6.96323e-09              
        6.82343     3.97899e-09              
        6.82465     2.98424e-09              
        6.82587     5.96849e-09              
        6.82709      1.9895e-09              
        6.82831     4.97374e-09              
        6.82953      1.9895e-09              
        6.83075     7.95798e-09              
        6.83197     2.98424e-09              
        6.83319     6.96323e-09              
        6.83441     3.97899e-09              
        6.83563     8.95273e-09              
        6.83685     5.96849e-09              
        6.83807     6.96323e-09              
        6.83929     9.94748e-09              
        6.84051     2.98424e-09              
        6.84173     4.97374e-09              
        6.84295     2.98424e-09              
        6.84417     4.97374e-09              
        6.84539     7.95798e-09              
        6.84661     7.95798e-09              
        6.84783     4.97374e-09              
        6.84906     2.98424e-09              
        6.85029     4.97374e-09              
        6.85151     3.97899e-09              
        6.85273     6.96323e-09              
        6.85395     9.94748e-10              
        6.85517     7.95798e-09              
        6.85639      1.1937e-08              
        6.85761      1.9895e-09              
        6.85883     6.96323e-09              
        6.86005     4.97374e-09              
        6.86127     4.97374e-09              
        6.86249     4.97374e-09              
        6.86371     1.29317e-08              
        6.86493     4.97374e-09              
        6.86615     9.94748e-10              
        6.86738     9.94748e-09              
         6.8686               0              
        6.86982     3.97899e-09              
        6.87104     8.95273e-09              
        6.87226     4.97374e-09              
        6.87348     3.97899e-09              
         6.8747     5.96849e-09              
        6.87591     3.97899e-09              
        6.87713     3.97899e-09              
        6.87835     3.97899e-09              
        6.87957     9.94748e-10              
        6.88079     4.97374e-09              
        6.88201     2.98424e-09              
        6.88323     8.95273e-09              
        6.88446     5.96849e-09              
        6.88568     1.09422e-08              
         6.8869     5.96849e-09              
        6.88812     2.98424e-09              
        6.88934     3.97899e-09              
        6.89056     6.96323e-09              
        6.89178     4.97374e-09              
          6.893      1.9895e-09              
        6.89422     4.97374e-09              
        6.89544     4.97374e-09              
        6.89666      1.9895e-09              
        6.89788               0              
         6.8991     5.96849e-09              
        6.90032     2.98424e-09              
        6.90156     6.96323e-09              
        6.90278     3.97899e-09              
          6.904     4.97374e-09              
        6.90522     4.97374e-09              
        6.90644     2.98424e-09              
        6.90766     4.97374e-09              
        6.90888     5.96849e-09              
         6.9101     3.97899e-09              
        6.91132     4.97374e-09              
        6.91254     5.96849e-09              
        6.91376     9.94748e-10              
        6.91498      1.1937e-08              
         6.9162      1.9895e-09              
        6.91742     3.97899e-09              
        6.91864     6.96323e-09              
        6.91986     7.95798e-09              
        6.92108     4.97374e-09              
         6.9223     2.98424e-09              
        6.92352     7.95798e-09              
        6.92474     7.95798e-09              
        6.92596     3.97899e-09              
        6.92718     2.98424e-09              
         6.9284     3.97899e-09              
        6.92962     3.97899e-09              
        6.93084     6.96323e-09              
        6.93206     3.97899e-09              
        6.93328     8.95273e-09              
         6.9345     9.94748e-10              
        6.93573     7.95798e-09              
        6.93696     2.98424e-09              
        6.93818     4.97374e-09              
         6.9394     3.97899e-09              
        6.94062     5.96849e-09              
        6.94184     5.96849e-09              
        6.94306     5.96849e-09              
        6.94428     4.97374e-09              
         6.9455     3.97899e-09              
        6.94672     7.95798e-09              
        6.94794     4.97374e-09              
        6.94916     3.97899e-09              
        6.95038     2.98424e-09              
         6.9516     1.29317e-08              
        6.95282     1.29317e-08              
        6.95404     5.96849e-09              
        6.95526     7.95798e-09              
        6.95648     9.94748e-09              
         6.9577     6.96323e-09              
        6.95892     4.97374e-09              
        6.96014     3.97899e-09              
        6.96136     6.96323e-09              
        6.96258     2.98424e-09              
         6.9638     9.94748e-09              
        6.96502     5.96849e-09              
        6.96624     8.95273e-09              
        6.96746     5.96849e-09              
        6.96868     4.97374e-09              
         6.9699      1.9895e-09              
        6.97114     3.97899e-09              
        6.97236     6.96323e-09              
        6.97358     4.97374e-09              
         6.9748     7.95798e-09              
        6.97602     9.94748e-10              
        6.97724     9.94748e-08              
        6.97846     2.98424e-09              
        6.97968     5.96849e-09              
         6.9809     9.94748e-10              
        6.98212     2.98424e-09              
        6.98334     8.95273e-09              
        6.98456     5.96849e-09              
        6.98578     3.97899e-09              
          6.987     5.96849e-09              
        6.98822     6.96323e-09              
        6.98944     4.97374e-09              
        6.99066     3.97899e-09              
        6.99188     3.97899e-09              
         6.9931     2.98424e-09              
        6.99432      1.9895e-09              
        6.99554     5.96849e-09              
