        7.99653     4.97374e-09              
        7.99775     4.97374e-09              
        7.99897     2.98424e-09              
        8.00019     4.97374e-09              
         8.0014     2.98424e-09              
        8.00262     2.98424e-09              
        8.00384     4.97374e-09              
        8.00506     5.96849e-09              
        8.00628     6.96323e-09              
         8.0075     9.94748e-10              
        8.00872     3.97899e-09              
        8.00994     2.98424e-09              
        8.01116     4.97374e-09              
        8.01239      1.9895e-09              
        8.01362     2.98424e-09              
        8.01484      1.9895e-09              
        8.01606     6.96323e-09              
        8.01728     9.94748e-10              
         8.0185     6.96323e-09              
        8.01972     5.96849e-09              
        8.02094     7.95798e-09              
        8.02216     2.98424e-09              
        8.02338     3.97899e-09              
         8.0246     3.97899e-09              
        8.02582     3.97899e-09              
        8.02704     6.96323e-09              
        8.02826     3.97899e-09              
        8.02948      1.9895e-09              
        8.03071     3.97899e-09              
        8.03193     3.97899e-09              
        8.03315     3.97899e-09              
        8.03437      1.9895e-09              
        8.03559     8.95273e-09              
        8.03681      1.9895e-09              
        8.03803     2.98424e-09              
        8.03925     5.96849e-09              
        8.04047     3.97899e-09              
        8.04169     6.96323e-09              
        8.04291     9.94748e-10              
        8.04413     2.98424e-09              
        8.04535     5.96849e-09              
        8.04657     4.97374e-09              
         8.0478     2.98424e-09              
        8.04902     5.96849e-09              
        8.05024      1.9895e-09              
        8.05146     9.94748e-10              
        8.05268     4.97374e-09              
         8.0539     6.96323e-09              
        8.05512     4.97374e-09              
        8.05634     3.97899e-09              
        8.05756      1.9895e-09              
        8.05878     2.98424e-09              
           8.06     9.94748e-10              
        8.06122     3.97899e-09              
        8.06244      1.9895e-09              
        8.06366     5.96849e-09              
        8.06489     4.97374e-09              
        8.06611     4.97374e-09              
        8.06733     3.97899e-09              
        8.06855     4.97374e-09              
        8.06977      1.9895e-09              
        8.07099     7.95798e-09              
        8.07221     3.97899e-09              
        8.07343     6.96323e-09              
        8.07465     3.97899e-09              
        8.07587     5.96849e-09              
        8.07709     5.96849e-09              
        8.07831     2.98424e-09              
        8.07953     3.97899e-09              
        8.08075     6.96323e-09              
        8.08197     2.98424e-09              
        8.08319     9.94748e-10              
        8.08441      1.9895e-09              
        8.08563      1.9895e-09              
        8.08685     2.98424e-09              
        8.08807     5.96849e-09              
        8.08929     4.97374e-09              
        8.09051     9.94748e-10              
        8.09173     3.97899e-09              
        8.09295      1.9895e-09              
        8.09417      1.9895e-09              
        8.09539     2.98424e-09              
        8.09661     2.98424e-09              
        8.09783     4.97374e-09              
        8.09906     7.95798e-09              
        8.10028     5.96849e-09              
         8.1015      1.9895e-09              
        8.10272      1.9895e-09              
        8.10394     3.97899e-09              
        8.10516     2.98424e-09              
        8.10638     4.97374e-09              
         8.1076     4.97374e-09              
        8.10882     3.97899e-09              
        8.11004     3.97899e-09              
        8.11126      1.9895e-09              
        8.11248     2.98424e-09              
         8.1137      1.9895e-09              
        8.11492     5.96849e-09              
        8.11615     6.96323e-09              
        8.11737     5.96849e-09              
        8.11859      1.9895e-09              
        8.11981     7.95798e-09              
        8.12103     2.98424e-09              
        8.12225     2.98424e-09              
        8.12347     5.96849e-09              
        8.12469     6.96323e-09              
        8.12591     3.97899e-09              
        8.12713     2.98424e-09              
        8.12835     6.96323e-09              
        8.12957      1.9895e-09              
        8.13079      1.9895e-09              
        8.13201      1.9895e-09              
        8.13323     2.98424e-09              
        8.13446     6.96323e-09              
        8.13568      1.9895e-09              
         8.1369      1.9895e-09              
        8.13812     4.97374e-09              
        8.13934     3.97899e-09              
        8.14056      1.9895e-09              
        8.14178      1.9895e-09              
          8.143     2.98424e-09              
        8.14422     8.95273e-09              
        8.14544     7.95798e-09              
        8.14666     3.97899e-09              
        8.14788     2.98424e-09              
         8.1491     3.97899e-09              
        8.15032     2.98424e-09              
        8.15155     5.96849e-09              
        8.15277     2.98424e-09              
        8.15399     6.96323e-09              
        8.15521     6.96323e-09              
        8.15643      1.9895e-09              
        8.15765     2.98424e-09              
        8.15887     2.98424e-09              
        8.16009     2.98424e-09              
        8.16131     7.95798e-09              
        8.16253     2.98424e-09              
        8.16375     4.97374e-09              
        8.16497     5.96849e-09              
        8.16619     9.94748e-10              
        8.16741     2.98424e-09              
        8.16864     3.97899e-09              
        8.16987     5.96849e-09              
        8.17109     4.97374e-09              
        8.17231     6.96323e-09              
        8.17353     2.98424e-09              
        8.17475     9.94748e-10              
        8.17597     9.94748e-10              
        8.17719     2.98424e-09              
        8.17841      1.9895e-09              
        8.17963     4.97374e-09              
        8.18085     5.96849e-09              
        8.18207      1.9895e-09              
        8.18329     2.98424e-09              
        8.18451      1.9895e-09              
        8.18573      1.9895e-09              
        8.18696     4.97374e-09              
        8.18818     3.97899e-09              
         8.1894     2.98424e-09              
        8.19062     3.97899e-09              
        8.19184      1.9895e-09              
        8.19306     9.94748e-10              
        8.19428      1.9895e-09              
         8.1955     3.97899e-09              
        8.19672     4.97374e-09              
        8.19794     2.98424e-09              
        8.19916      1.9895e-09              
        8.20038     5.96849e-09              
         8.2016     9.94748e-10              
        8.20282               0              
        8.20405     5.96849e-09              
        8.20527      1.9895e-09              
        8.20649     3.97899e-09              
        8.20771     4.97374e-09              
        8.20893     3.97899e-09              
        8.21015     3.97899e-09              
        8.21137     9.94748e-09              
        8.21259     8.95273e-09              
        8.21381     2.98424e-09              
        8.21503     3.97899e-09              
        8.21625     2.98424e-09              
        8.21747      1.9895e-09              
        8.21869     7.95798e-09              
        8.21991     9.94748e-10              
        8.22114      1.9895e-09              
        8.22236      1.9895e-09              
        8.22358     4.97374e-09              
         8.2248     5.96849e-09              
        8.22602     4.97374e-09              
        8.22724     9.94748e-10              
        8.22846      1.9895e-09              
        8.22968     4.97374e-09              
         8.2309     4.97374e-09              
        8.23212     9.94748e-10              
        8.23334     2.98424e-09              
        8.23456     4.97374e-09              
        8.23578     5.96849e-09              
          8.237     9.94748e-10              
        8.23822     6.96323e-09              
        8.23944     5.96849e-09              
        8.24066      1.9895e-09              
        8.24188     5.96849e-09              
         8.2431      1.9895e-09              
        8.24432     5.96849e-09              
        8.24554     4.97374e-09              
        8.24676     7.95798e-09              
        8.24798     5.96849e-09              
         8.2492      1.9895e-09              
        8.25042     2.98424e-09              
        8.25164     3.97899e-09              
        8.25286     4.97374e-09              
        8.25408     9.94748e-10              
        8.25531     9.94748e-10              
        8.25653     4.97374e-09              
        8.25775     4.97374e-09              
        8.25897     7.95798e-09              
        8.26019      1.9895e-09              
        8.26141     4.97374e-09              
        8.26263     2.98424e-09              
        8.26385     9.94748e-10              
        8.26507      1.9895e-09              
        8.26629      1.9895e-09              
        8.26751     2.98424e-09              
        8.26873     5.96849e-09              
        8.26995     2.98424e-09              
        8.27117      1.9895e-09              
         8.2724     3.97899e-09              
        8.27362     7.95798e-09              
        8.27484     4.97374e-09              
        8.27606      1.9895e-09              
        8.27728     2.98424e-09              
         8.2785      1.9895e-09              
        8.27972     6.96323e-09              
        8.28094     3.97899e-09              
        8.28216     3.97899e-09              
        8.28338     2.98424e-09              
         8.2846     2.98424e-09              
        8.28582     2.98424e-09              
        8.28704     2.98424e-09              
        8.28826     3.97899e-09              
        8.28948     9.94748e-10              
        8.29071     2.98424e-09              
        8.29193     3.97899e-09              
        8.29315     2.98424e-09              
        8.29437     2.98424e-09              
        8.29559     9.94748e-10              
        8.29681     3.97899e-09              
        8.29803      1.9895e-09              
        8.29925      1.9895e-09              
        8.30047     4.97374e-09              
        8.30169     6.96323e-09              
        8.30291     2.98424e-09              
        8.30413     4.97374e-09              
        8.30535     7.95798e-09              
        8.30657     2.98424e-09              
         8.3078      1.9895e-09              
        8.30902     3.97899e-09              
        8.31024     4.97374e-09              
        8.31146     2.98424e-09              
        8.31268      1.9895e-09              
         8.3139     4.97374e-09              
        8.31512     3.97899e-09              
        8.31634      1.9895e-09              
        8.31756      1.9895e-09              
        8.31878      1.9895e-09              
           8.32     2.98424e-09              
        8.32122     4.97374e-09              
        8.32244     5.96849e-09              
        8.32366     3.97899e-09              
        8.32489     2.98424e-09              
        8.32612     3.97899e-09              
        8.32734      1.9895e-09              
        8.32856     2.98424e-09              
        8.32978     3.97899e-09              
          8.331     4.97374e-09              
        8.33222     4.97374e-09              
        8.33344     2.98424e-09              
        8.33466     3.97899e-09              
        8.33588     2.98424e-09              
         8.3371      1.9895e-09              
        8.33832     4.97374e-09              
        8.33954      1.9895e-09              
        8.34076     3.97899e-09              
        8.34198     8.95273e-09              
        8.34321      1.9895e-09              
        8.34443      1.9895e-09              
        8.34565     9.94748e-10              
        8.34687     4.97374e-09              
        8.34809      1.9895e-09              
        8.34931     3.97899e-09              
        8.35053     5.96849e-09              
        8.35175     6.96323e-09              
        8.35297     3.97899e-09              
        8.35419      1.9895e-09              
        8.35541     2.98424e-09              
        8.35663     5.96849e-09              
        8.35785     3.97899e-09              
        8.35907     3.97899e-09              
         8.3603      1.9895e-09              
        8.36152     2.98424e-09              
        8.36274     8.95273e-09              
        8.36396     2.98424e-09              
        8.36518     9.94748e-10              
         8.3664      1.9895e-09              
        8.36762     5.96849e-09              
        8.36884     2.98424e-09              
        8.37006     9.94748e-10              
        8.37128      1.9895e-09              
         8.3725     9.94748e-10              
        8.37372     2.98424e-09              
        8.37494     5.96849e-09              
        8.37616     3.97899e-09              
        8.37739     6.96323e-09              
        8.37861     7.95798e-09              
        8.37983      1.9895e-09              
        8.38105     4.97374e-09              
        8.38227      1.9895e-09              
        8.38349     3.97899e-09              
        8.38471     4.97374e-09              
        8.38593     2.98424e-09              
        8.38715     2.98424e-09              
        8.38837     9.94748e-10              
        8.38959     4.97374e-09              
        8.39081      1.9895e-09              
        8.39203     4.97374e-09              
        8.39325     2.98424e-09              
        8.39447     2.98424e-09              
        8.39569     4.97374e-09              
        8.39691     2.98424e-09              
        8.39813     9.94748e-10              
        8.39935     2.98424e-09              
        8.40057               0              
        8.40179     9.94748e-10              
        8.40301     2.98424e-09              
        8.40423     2.98424e-09              
        8.40545     4.97374e-09              
        8.40667               0              
        8.40789     3.97899e-09              
        8.40911     7.95798e-09              
        8.41033     6.96323e-09              
        8.41156      1.9895e-09              
        8.41278     5.96849e-09              
          8.414     2.98424e-09              
        8.41522     4.97374e-09              
        8.41644     2.98424e-09              
        8.41766     9.94748e-10              
        8.41888     3.97899e-09              
         8.4201     5.96849e-09              
        8.42132     2.98424e-09              
        8.42254     4.97374e-09              
        8.42376               0              
        8.42498     9.94748e-09              
         8.4262     4.97374e-09              
        8.42742      1.9895e-09              
        8.42865     6.96323e-09              
        8.42987     2.98424e-09              
        8.43109     9.94748e-10              
        8.43231      1.9895e-09              
        8.43353     2.98424e-09              
        8.43475     3.97899e-09              
        8.43597     4.97374e-09              
        8.43719     6.96323e-09              
        8.43841     3.97899e-09              
        8.43963      1.9895e-09              
        8.44085     9.94748e-10              
        8.44207     2.98424e-09              
        8.44329     3.97899e-09              
        8.44451     3.97899e-09              
        8.44573     2.98424e-09              
        8.44696     3.97899e-09              
        8.44818     3.97899e-09              
         8.4494      1.9895e-09              
        8.45062     4.97374e-09              
        8.45184     2.98424e-09              
        8.45306     9.94748e-10              
        8.45428     4.97374e-09              
         8.4555      1.9895e-09              
        8.45672      1.9895e-09              
        8.45794     2.98424e-09              
        8.45916     4.97374e-09              
        8.46038     9.94748e-10              
         8.4616      1.9895e-09              
        8.46282      1.9895e-09              
        8.46405     2.98424e-09              
        8.46527               0              
        8.46649     2.98424e-09              
        8.46771     2.98424e-09              
        8.46893      1.9895e-09              
        8.47015     4.97374e-09              
        8.47137     5.96849e-09              
        8.47259     3.97899e-09              
        8.47381     3.97899e-09              
        8.47503     4.97374e-09              
        8.47625     3.97899e-09              
        8.47747     7.95798e-09              
        8.47869     3.97899e-09              
        8.47991     3.97899e-09              
        8.48114      1.9895e-09              
        8.48237     4.97374e-09              
        8.48359     2.98424e-09              
        8.48481     2.98424e-09              
        8.48603     4.97374e-09              
        8.48725      1.9895e-09              
        8.48847     5.96849e-09              
        8.48969     3.97899e-09              
        8.49091     2.98424e-09              
        8.49213     9.94748e-10              
        8.49335     2.98424e-09              
        8.49457     2.98424e-09              
        8.49579      1.9895e-09              
        8.49701     3.97899e-09              
        8.49823     2.98424e-09              
        8.49946     2.98424e-09              
        8.50068     3.97899e-09              
         8.5019     3.97899e-09              
        8.50312     3.97899e-09              
        8.50434     3.97899e-09              
        8.50556     3.97899e-09              
        8.50678     9.94748e-10              
          8.508     2.98424e-09              
        8.50922     3.97899e-09              
        8.51044     2.98424e-09              
        8.51166     9.94748e-10              
        8.51288     2.98424e-09              
         8.5141      1.9895e-09              
        8.51532      1.9895e-09              
        8.51655      1.9895e-09              
        8.51777     4.97374e-09              
        8.51899     9.94748e-10              
        8.52021     4.97374e-09              
        8.52143               0              
        8.52265     7.95798e-09              
        8.52387     8.95273e-09              
        8.52509               0              
        8.52631     3.97899e-09              
        8.52753     2.98424e-09              
        8.52875     4.97374e-09              
        8.52997     6.96323e-09              
        8.53119     8.95273e-09              
        8.53241      1.9895e-09              
        8.53364      1.9895e-09              
        8.53486     4.97374e-09              
        8.53608     9.94748e-10              
         8.5373     2.98424e-09              
        8.53852     2.98424e-09              
        8.53974      1.9895e-09              
        8.54096      1.9895e-09              
        8.54218     3.97899e-09              
         8.5434     2.98424e-09              
        8.54462     5.96849e-09              
        8.54584     6.96323e-09              
        8.54706     3.97899e-09              
        8.54828     9.94748e-10              
         8.5495     5.96849e-09              
        8.55072      1.9895e-09              
        8.55194     2.98424e-09              
        8.55316     3.97899e-09              
        8.55438      1.9895e-09              
         8.5556     4.97374e-09              
        8.55682      1.9895e-09              
        8.55804      1.9895e-09              
        8.55926     2.98424e-09              
        8.56048     2.98424e-09              
         8.5617      1.9895e-09              
        8.56292      1.9895e-09              
        8.56414     3.97899e-09              
        8.56536     9.94748e-10              
        8.56658     9.94748e-10              
        8.56781     2.98424e-09              
        8.56903     4.97374e-09              
        8.57025      1.9895e-09              
        8.57147      1.9895e-09              
        8.57269     4.97374e-09              
        8.57391     3.97899e-09              
        8.57513     2.98424e-09              
        8.57635     2.98424e-09              
        8.57757     5.96849e-09              
        8.57879     1.46228e-07              
        8.58001     9.94748e-10              
        8.58123     3.97899e-09              
        8.58245     2.98424e-09              
        8.58367     3.97899e-09              
         8.5849     3.97899e-09              
        8.58612     2.98424e-09              
        8.58734     5.96849e-09              
        8.58856      1.9895e-09              
        8.58978      1.9895e-09              
          8.591     4.97374e-09              
        8.59222               0              
        8.59344     4.97374e-09              
        8.59466     3.97899e-09              
        8.59588     2.98424e-09              
         8.5971     9.94748e-10              
        8.59832     5.96849e-09              
        8.59954     4.97374e-09              
        8.60076      1.9895e-09              
        8.60198     6.96323e-09              
        8.60321      1.9895e-09              
        8.60443     2.98424e-09              
        8.60565               0              
        8.60687     4.97374e-09              
        8.60809     9.94748e-10              
        8.60931     9.94748e-10              
        8.61053     4.97374e-09              
        8.61175     3.97899e-09              
        8.61297     5.96849e-09              
        8.61419     5.96849e-09              
        8.61541     6.96323e-09              
        8.61663     2.98424e-09              
        8.61785     3.97899e-09              
        8.61907     5.96849e-09              
         8.6203     9.94748e-10              
        8.62152      1.9895e-09              
        8.62274     2.98424e-09              
        8.62396     6.96323e-09              
        8.62518      1.9895e-09              
         8.6264     2.98424e-09              
        8.62762     6.96323e-09              
        8.62884      1.9895e-09              
        8.63006     4.97374e-09              
        8.63128     5.96849e-09              
         8.6325     4.97374e-09              
        8.63372     2.98424e-09              
        8.63494     9.94748e-10              
        8.63616     2.98424e-09              
        8.63739     9.94748e-10              
        8.63862     2.98424e-09              
        8.63984     9.94748e-09              
        8.64106     5.96849e-09              
        8.64228     3.97899e-09              
         8.6435     9.94748e-10              
        8.64472      1.9895e-09              
        8.64594     2.98424e-09              
        8.64716     9.94748e-10              
        8.64838     9.94748e-10              
         8.6496               0              
        8.65082     4.97374e-09              
        8.65204      1.9895e-09              
        8.65326     3.97899e-09              
        8.65448      1.9895e-09              
        8.65571     3.97899e-09              
        8.65693     4.97374e-09              
        8.65815     9.94748e-10              
        8.65937     9.94748e-10              
        8.66059      1.9895e-09              
        8.66181     7.95798e-09              
        8.66303     9.94748e-10              
        8.66425     9.94748e-10              
        8.66547      1.9895e-09              
        8.66669     3.97899e-09              
        8.66791     9.94748e-10              
        8.66913     2.98424e-09              
        8.67035     4.97374e-09              
        8.67157     4.97374e-09              
         8.6728     5.96849e-09              
        8.67402     2.98424e-09              
        8.67524     2.98424e-09              
        8.67646               0              
        8.67768      1.9895e-09              
         8.6789     4.97374e-09              
        8.68012     3.97899e-09              
        8.68134     4.97374e-09              
        8.68256     2.98424e-09              
        8.68378     4.97374e-09              
          8.685      1.9895e-09              
        8.68622               0              
        8.68744     2.98424e-09              
        8.68866     3.97899e-09              
        8.68989      1.9895e-09              
        8.69111     2.98424e-09              
        8.69233     3.97899e-09              
        8.69355     2.98424e-09              
        8.69477     3.97899e-09              
        8.69599     4.97374e-09              
        8.69721     2.98424e-09              
        8.69843     3.97899e-09              
        8.69965     2.98424e-09              
        8.70087     3.97899e-09              
        8.70209     2.98424e-09              
        8.70331     5.96849e-09              
        8.70453     3.97899e-09              
        8.70575     3.97899e-09              
        8.70697     3.97899e-09              
        8.70819     2.98424e-09              
        8.70941      1.9895e-09              
        8.71063     2.98424e-09              
        8.71185     4.97374e-09              
        8.71307     4.97374e-09              
        8.71429     2.98424e-09              
        8.71551     9.94748e-10              
        8.71673      1.9895e-09              
        8.71795     9.94748e-10              
        8.71917      1.9895e-09              
        8.72039     4.97374e-09              
        8.72161     9.94748e-10              
        8.72283               0              
        8.72406     5.96849e-09              
        8.72528     2.98424e-09              
         8.7265      1.9895e-09              
        8.72772     4.97374e-09              
        8.72894               0              
        8.73016     3.97899e-09              
        8.73138               0              
         8.7326      1.9895e-09              
        8.73382     9.94748e-10              
        8.73504     4.97374e-09              
        8.73626      1.9895e-09              
        8.73748      1.9895e-09              
         8.7387     3.97899e-09              
        8.73992     2.98424e-09              
        8.74115     6.96323e-09              
        8.74237     7.95798e-09              
        8.74359     3.97899e-09              
        8.74481      1.9895e-09              
        8.74603      1.9895e-09              
        8.74725               0              
        8.74847               0              
        8.74969     9.94748e-10              
        8.75091      1.9895e-09              
        8.75213     2.98424e-09              
        8.75335     7.95798e-09              
        8.75457     9.94748e-10              
        8.75579     2.98424e-09              
        8.75701     3.97899e-09              
        8.75823     2.98424e-09              
        8.75946     2.98424e-09              
        8.76068     4.97374e-09              
         8.7619     3.97899e-09              
        8.76312     9.94748e-10              
        8.76434     5.96849e-09              
        8.76556     9.94748e-10              
        8.76678     2.98424e-09              
          8.768      1.9895e-09              
        8.76922     9.94748e-10              
        8.77044               0              
        8.77166     4.97374e-09              
        8.77288     4.97374e-09              
         8.7741     5.96849e-09              
        8.77532     3.97899e-09              
        8.77655     3.97899e-09              
        8.77777      1.9895e-09              
        8.77899     2.98424e-09              
        8.78021     2.98424e-09              
        8.78143     3.97899e-09              
        8.78265     4.97374e-09              
        8.78387     9.94748e-10              
        8.78509     2.98424e-09              
        8.78631     2.98424e-09              
        8.78753     3.97899e-09              
        8.78875     2.98424e-09              
        8.78997     3.97899e-09              
        8.79119     2.98424e-09              
        8.79241     2.98424e-09              
        8.79364     3.97899e-09              
        8.79487     3.97899e-09              
        8.79609     9.94748e-10              
        8.79731     2.98424e-09              
        8.79853     2.98424e-09              
        8.79975     2.98424e-09              
        8.80097     3.97899e-09              
        8.80219     2.98424e-09              
        8.80341     5.96849e-09              
        8.80463     6.96323e-09              
        8.80585     3.97899e-09              
        8.80707     5.96849e-09              
        8.80829     2.98424e-09              
        8.80951     3.97899e-09              
        8.81073               0              
        8.81196     2.98424e-09              
        8.81318     2.98424e-09              
         8.8144     2.98424e-09              
        8.81562     5.96849e-09              
        8.81684      1.9895e-09              
        8.81806               0              
        8.81928     3.97899e-09              
         8.8205      1.9895e-09              
        8.82172     7.95798e-09              
        8.82294     6.96323e-09              
        8.82416     5.96849e-09              
        8.82538     2.98424e-09              
         8.8266     6.96323e-09              
        8.82782     9.94748e-10              
        8.82905      1.9895e-09              
        8.83027     4.97374e-09              
        8.83149     3.97899e-09              
        8.83271     2.98424e-09              
        8.83393      1.9895e-09              
        8.83515      1.9895e-09              
        8.83637     4.97374e-09              
        8.83759     4.97374e-09              
        8.83881     9.94748e-10              
        8.84003     2.98424e-09              
        8.84125      1.9895e-09              
        8.84247     9.94748e-10              
        8.84369      1.9895e-09              
        8.84491      1.9895e-09              
        8.84614     4.97374e-09              
        8.84736     3.97899e-09              
        8.84858     9.94748e-10              
         8.8498     3.97899e-09              
        8.85102     3.97899e-09              
        8.85224     3.97899e-09              
        8.85346     2.98424e-09              
        8.85468     4.97374e-09              
         8.8559     2.98424e-09              
        8.85712     3.97899e-09              
        8.85834     5.96849e-09              
        8.85956     5.96849e-09              
        8.86078               0              
          8.862     9.94748e-10              
        8.86322     3.97899e-09              
        8.86444               0              
        8.86566     2.98424e-09              
        8.86688               0              
         8.8681      1.9895e-09              
        8.86932     4.97374e-09              
        8.87054      1.9895e-09              
        8.87176               0              
        8.87298      1.9895e-09              
         8.8742      1.9895e-09              
        8.87542     2.98424e-09              
        8.87664     4.97374e-09              
        8.87786     2.98424e-09              
        8.87908      1.9895e-09              
        8.88031               0              
        8.88153      1.9895e-09              
        8.88275     9.94748e-10              
        8.88397      1.9895e-09              
        8.88519     2.98424e-09              
        8.88641     9.94748e-10              
        8.88763     4.97374e-09              
        8.88885     9.94748e-10              
        8.89007     4.97374e-09              
        8.89129     4.97374e-09              
        8.89251     2.98424e-09              
        8.89373     6.96323e-09              
        8.89495     3.97899e-09              
        8.89617     2.98424e-09              
         8.8974     4.97374e-09              
        8.89862     2.98424e-09              
        8.89984     2.98424e-09              
        8.90106     9.94748e-10              
        8.90228      1.9895e-09              
         8.9035     2.98424e-09              
        8.90472     3.97899e-09              
        8.90594     2.98424e-09              
        8.90716     2.98424e-09              
        8.90838               0              
         8.9096     2.98424e-09              
        8.91082               0              
        8.91204     2.98424e-09              
        8.91326      1.9895e-09              
        8.91448     5.96849e-09              
        8.91571      1.9895e-09              
        8.91693     3.97899e-09              
        8.91815     2.98424e-09              
        8.91937     4.97374e-09              
        8.92059      1.9895e-09              
        8.92181     8.95273e-09              
        8.92303     6.96323e-09              
        8.92425     9.94748e-10              
        8.92547      1.9895e-09              
        8.92669      1.9895e-09              
        8.92791     4.97374e-09              
        8.92913     3.97899e-09              
        8.93035     9.94748e-10              
        8.93157     3.97899e-09              
         8.9328     9.94748e-10              
        8.93402     9.94748e-10              
        8.93524     2.98424e-09              
        8.93646     3.97899e-09              
        8.93768               0              
         8.9389     2.98424e-09              
        8.94012     3.97899e-09              
        8.94134               0              
        8.94256     9.94748e-10              
        8.94378      1.9895e-09              
          8.945     5.96849e-09              
        8.94622     3.97899e-09              
        8.94744     3.97899e-09              
        8.94866     9.94748e-10              
        8.94989      1.9895e-09              
        8.95112     2.98424e-09              
        8.95234      1.9895e-09              
        8.95356     2.98424e-09              
        8.95478     9.94748e-10              
          8.956     2.98424e-09              
        8.95722               0              
        8.95844     2.98424e-09              
        8.95966     2.98424e-09              
        8.96088     9.94748e-10              
         8.9621     3.97899e-09              
        8.96332     2.98424e-09              
        8.96454      1.9895e-09              
        8.96576     2.98424e-09              
        8.96698     3.97899e-09              
        8.96821     3.97899e-09              
        8.96943      1.9895e-09              
        8.97065      1.9895e-09              
        8.97187               0              
        8.97309               0              
        8.97431     3.97899e-09              
        8.97553     3.97899e-09              
        8.97675     2.98424e-09              
        8.97797     6.96323e-09              
        8.97919      1.9895e-09              
        8.98041     5.96849e-09              
        8.98163     9.94748e-09              
        8.98285     2.98424e-09              
        8.98407      1.9895e-09              
         8.9853      1.9895e-09              
        8.98652     2.98424e-09              
        8.98774     9.94748e-10              
        8.98896     9.94748e-10              
        8.99018      1.9895e-09              
         8.9914      1.9895e-09              
        8.99262     2.98424e-09              
        8.99384      1.9895e-09              
        8.99506      1.9895e-09              
