        8.99628     3.97899e-09              
         8.9975      1.9895e-09              
        8.99872     9.94748e-10              
        8.99994     6.96323e-09              
        9.00116     2.98424e-09              
        9.00239     9.94748e-10              
        9.00361      1.9895e-09              
        9.00483     3.97899e-09              
        9.00605     3.97899e-09              
        9.00727     2.98424e-09              
        9.00849               0              
        9.00971     9.94748e-10              
        9.01093      1.9895e-09              
        9.01215     2.98424e-09              
        9.01337      1.9895e-09              
        9.01459     9.94748e-10              
        9.01581     2.98424e-09              
        9.01703     9.94748e-10              
        9.01825     9.94748e-10              
        9.01947     2.98424e-09              
        9.02069     9.94748e-10              
        9.02191     9.94748e-10              
        9.02313     9.94748e-10              
        9.02435               0              
        9.02557     3.97899e-09              
        9.02679     5.96849e-09              
        9.02801     9.94748e-10              
        9.02923      1.9895e-09              
        9.03045      1.9895e-09              
        9.03167     9.94748e-10              
        9.03289      1.9895e-09              
        9.03411     2.98424e-09              
        9.03533      1.9895e-09              
        9.03656     9.94748e-10              
        9.03778     9.94748e-10              
          9.039               0              
        9.04022     2.98424e-09              
        9.04144      1.9895e-09              
        9.04266     3.97899e-09              
        9.04388     9.94748e-10              
         9.0451      1.9895e-09              
        9.04632     9.94748e-10              
        9.04754      1.9895e-09              
        9.04876     2.98424e-09              
        9.04998      1.9895e-09              
         9.0512     6.96323e-09              
        9.05242     3.97899e-09              
        9.05365     6.96323e-09              
        9.05487     9.94748e-10              
        9.05609     2.98424e-09              
        9.05731     3.97899e-09              
        9.05853     2.98424e-09              
        9.05975     9.94748e-10              
        9.06097     5.96849e-09              
        9.06219      1.9895e-09              
        9.06341      1.9895e-09              
        9.06463     5.96849e-09              
        9.06585      1.9895e-09              
        9.06707     2.98424e-09              
        9.06829     3.97899e-09              
        9.06951     9.94748e-10              
        9.07073     4.97374e-09              
        9.07196     2.98424e-09              
        9.07318     9.94748e-10              
         9.0744     3.97899e-09              
        9.07562     2.98424e-09              
        9.07684     2.98424e-09              
        9.07806     9.94748e-10              
        9.07928     2.98424e-09              
         9.0805      1.9895e-09              
        9.08172               0              
        9.08294     5.96849e-09              
        9.08416     9.94748e-10              
        9.08538     3.97899e-09              
         9.0866     4.97374e-09              
        9.08782     8.95273e-09              
        9.08905     4.97374e-09              
        9.09027     4.97374e-09              
        9.09149     2.98424e-09              
        9.09271     2.98424e-09              
        9.09393     4.97374e-09              
        9.09515      1.9895e-09              
        9.09637      1.9895e-09              
        9.09759     3.97899e-09              
        9.09881     9.94748e-10              
        9.10003      1.9895e-09              
        9.10125      1.9895e-09              
        9.10247     4.97374e-09              
        9.10369      1.9895e-09              
        9.10491     2.98424e-09              
        9.10614     2.98424e-09              
        9.10737      1.9895e-09              
        9.10859     2.98424e-09              
        9.10981     9.94748e-10              
        9.11103     9.94748e-10              
        9.11225     2.98424e-09              
        9.11347      1.9895e-09              
        9.11469     7.95798e-09              
        9.11591      1.9895e-09              
        9.11713     9.94748e-10              
        9.11835     4.97374e-09              
        9.11957     9.94748e-10              
        9.12079     9.94748e-10              
        9.12201               0              
        9.12323     5.96849e-09              
        9.12446     9.94748e-10              
        9.12568               0              
         9.1269      1.9895e-09              
        9.12812     2.98424e-09              
        9.12934     3.97899e-09              
        9.13056      1.9895e-09              
        9.13178     2.98424e-09              
          9.133     9.94748e-10              
        9.13422     5.96849e-09              
        9.13544      1.9895e-09              
        9.13666     3.97899e-09              
        9.13788      1.9895e-09              
         9.1391     2.98424e-09              
        9.14032     2.98424e-09              
        9.14155     2.98424e-09              
        9.14277     3.97899e-09              
        9.14399     4.97374e-09              
        9.14521     2.98424e-09              
        9.14643     4.97374e-09              
        9.14765      1.9895e-09              
        9.14887     9.94748e-10              
        9.15009      1.9895e-09              
        9.15131     2.98424e-09              
        9.15253     2.98424e-09              
        9.15375      1.9895e-09              
        9.15497     9.94748e-10              
        9.15619      1.9895e-09              
        9.15741     6.96323e-09              
        9.15864     9.94748e-10              
        9.15986               0              
        9.16108      1.9895e-09              
         9.1623      1.9895e-09              
        9.16352     3.97899e-09              
        9.16474     9.94748e-10              
        9.16596     4.97374e-09              
        9.16718     2.98424e-09              
         9.1684     4.97374e-09              
        9.16962     2.98424e-09              
        9.17084     3.97899e-09              
        9.17206     6.96323e-09              
        9.17328     2.98424e-09              
         9.1745     9.94748e-10              
        9.17572     9.94748e-10              
        9.17694      1.9895e-09              
        9.17816     9.94748e-10              
        9.17938     5.96849e-09              
         9.1806     2.98424e-09              
        9.18182     3.97899e-09              
        9.18304     5.96849e-09              
        9.18426     9.94748e-10              
        9.18548      1.9895e-09              
         9.1867               0              
        9.18792      1.9895e-09              
        9.18914      1.9895e-09              
        9.19036     3.97899e-09              
        9.19158     9.94748e-10              
        9.19281      1.9895e-09              
        9.19403     2.98424e-09              
        9.19525     2.98424e-09              
        9.19647     9.94748e-10              
        9.19769     3.97899e-09              
        9.19891     2.98424e-09              
        9.20013     9.94748e-10              
        9.20135     3.97899e-09              
        9.20257     3.97899e-09              
        9.20379     2.98424e-09              
        9.20501     2.98424e-09              
        9.20623     6.96323e-09              
        9.20745     9.94748e-10              
        9.20867     3.97899e-09              
         9.2099     2.98424e-09              
        9.21112     5.96849e-09              
        9.21234     9.94748e-10              
        9.21356     9.94748e-10              
        9.21478      1.9895e-09              
          9.216      1.9895e-09              
        9.21722     3.97899e-09              
        9.21844     2.98424e-09              
        9.21966               0              
        9.22088      1.9895e-09              
         9.2221     9.94748e-10              
        9.22332     2.98424e-09              
        9.22454     9.94748e-10              
        9.22576     2.98424e-09              
        9.22698     4.97374e-09              
        9.22821               0              
        9.22943      1.9895e-09              
        9.23065      1.9895e-09              
        9.23187      1.9895e-09              
        9.23309     3.97899e-09              
        9.23431      1.9895e-09              
        9.23553      1.9895e-09              
        9.23675     2.98424e-09              
        9.23797      1.9895e-09              
        9.23919     9.94748e-10              
        9.24041      1.9895e-09              
        9.24163     9.94748e-10              
        9.24285     2.98424e-09              
        9.24407     2.98424e-09              
         9.2453      1.9895e-09              
        9.24652     2.98424e-09              
        9.24774               0              
        9.24896     4.97374e-09              
        9.25018     2.98424e-09              
         9.2514     9.94748e-10              
        9.25262     2.98424e-09              
        9.25384     3.97899e-09              
        9.25506      1.9895e-09              
        9.25628     3.97899e-09              
         9.2575     9.94748e-10              
        9.25872     5.96849e-09              
        9.25994     3.97899e-09              
        9.26116     2.98424e-09              
        9.26239      1.9895e-09              
        9.26362     9.94748e-10              
        9.26484               0              
        9.26606               0              
        9.26728     3.97899e-09              
         9.2685     9.94748e-10              
        9.26972     2.98424e-09              
        9.27094     4.97374e-09              
        9.27216      1.9895e-09              
        9.27338     2.98424e-09              
         9.2746     2.98424e-09              
        9.27582     4.97374e-09              
        9.27704     9.94748e-10              
        9.27826     9.94748e-10              
        9.27948      1.9895e-09              
        9.28071     3.97899e-09              
        9.28193     3.97899e-09              
        9.28315               0              
        9.28437     9.94748e-10              
        9.28559     9.94748e-10              
        9.28681     9.94748e-10              
        9.28803      1.9895e-09              
        9.28925     9.94748e-10              
        9.29047               0              
        9.29169      1.9895e-09              
        9.29291      1.9895e-09              
        9.29413     2.98424e-09              
        9.29535     4.97374e-09              
        9.29657               0              
         9.2978     2.98424e-09              
        9.29902     9.94748e-10              
        9.30024     9.94748e-10              
        9.30146     9.94748e-10              
        9.30268     3.97899e-09              
         9.3039     9.94748e-10              
        9.30512     3.97899e-09              
        9.30634      1.9895e-09              
        9.30756      1.9895e-09              
        9.30878      1.9895e-09              
           9.31     4.97374e-09              
        9.31122     3.97899e-09              
        9.31244     9.94748e-10              
        9.31366     5.96849e-09              
        9.31489     9.94748e-10              
        9.31611      1.9895e-09              
        9.31733      1.9895e-09              
        9.31855     3.97899e-09              
        9.31977     3.97899e-09              
        9.32099     2.98424e-09              
        9.32221     2.98424e-09              
        9.32343               0              
        9.32465     3.97899e-09              
        9.32587               0              
        9.32709      1.9895e-09              
        9.32831     9.94748e-10              
        9.32953      1.9895e-09              
        9.33075     3.97899e-09              
        9.33197      1.9895e-09              
        9.33319      1.9895e-09              
        9.33441     2.98424e-09              
        9.33563     9.94748e-10              
        9.33685     3.97899e-09              
        9.33807     9.94748e-10              
        9.33929     3.97899e-09              
        9.34051     3.97899e-09              
        9.34173      1.9895e-09              
        9.34295     4.97374e-09              
        9.34417      1.9895e-09              
        9.34539      1.9895e-09              
        9.34661     4.97374e-09              
        9.34783      1.9895e-09              
        9.34906     2.98424e-09              
        9.35028     3.97899e-09              
         9.3515     3.97899e-09              
        9.35272      1.9895e-09              
        9.35394               0              
        9.35516     9.94748e-10              
        9.35638     9.94748e-10              
         9.3576     2.98424e-09              
        9.35882      1.9895e-09              
        9.36004      1.9895e-09              
        9.36126      1.9895e-09              
        9.36248     9.94748e-10              
         9.3637      1.9895e-09              
        9.36492      1.9895e-09              
        9.36615     4.97374e-09              
        9.36737     9.94748e-10              
        9.36859     4.97374e-09              
        9.36981     9.94748e-10              
        9.37103      1.9895e-09              
        9.37225     2.98424e-09              
        9.37347     2.98424e-09              
        9.37469     2.98424e-09              
        9.37591     2.98424e-09              
        9.37713     3.97899e-09              
        9.37835      1.9895e-09              
        9.37957      1.9895e-09              
        9.38079     9.94748e-10              
        9.38201     9.94748e-10              
        9.38323     9.94748e-10              
        9.38446     5.96849e-09              
        9.38568      1.9895e-09              
         9.3869     2.98424e-09              
        9.38812     9.94748e-10              
        9.38934     2.98424e-09              
        9.39056               0              
        9.39178     9.94748e-10              
          9.393     3.97899e-09              
        9.39422     2.98424e-09              
        9.39544      1.9895e-09              
        9.39666     2.98424e-09              
        9.39788     2.98424e-09              
         9.3991     2.98424e-09              
        9.40032               0              
        9.40155      1.9895e-09              
        9.40277               0              
        9.40399      1.9895e-09              
        9.40521      1.9895e-09              
        9.40643     9.94748e-10              
        9.40765               0              
        9.40887      1.9895e-09              
        9.41009     9.94748e-10              
        9.41131     9.94748e-10              
        9.41253      1.9895e-09              
        9.41375               0              
        9.41497     2.98424e-09              
        9.41619     3.97899e-09              
        9.41741     3.97899e-09              
        9.41864      1.9895e-09              
        9.41987     5.96849e-09              
        9.42109      1.9895e-09              
        9.42231               0              
        9.42353     9.94748e-10              
        9.42475     9.94748e-10              
        9.42597     2.98424e-09              
        9.42719      1.9895e-09              
        9.42841      1.9895e-09              
        9.42963     3.97899e-09              
        9.43085     3.97899e-09              
        9.43207     9.94748e-10              
        9.43329     9.94748e-10              
        9.43451      1.9895e-09              
        9.43573     9.94748e-10              
        9.43696     2.98424e-09              
        9.43818     9.94748e-10              
         9.4394      1.9895e-09              
        9.44062     2.98424e-09              
        9.44184      1.9895e-09              
        9.44306     3.97899e-09              
        9.44428     9.94748e-10              
         9.4455     3.97899e-09              
        9.44672     3.97899e-09              
        9.44794     9.94748e-10              
        9.44916      1.9895e-09              
        9.45038      1.9895e-09              
         9.4516      1.9895e-09              
        9.45282     3.97899e-09              
        9.45405      1.9895e-09              
        9.45527     9.94748e-10              
        9.45649               0              
        9.45771     2.98424e-09              
        9.45893     4.97374e-09              
        9.46015      1.9895e-09              
        9.46137     9.94748e-10              
        9.46259     2.98424e-09              
        9.46381     9.94748e-10              
        9.46503      1.9895e-09              
        9.46625     2.98424e-09              
        9.46747      1.9895e-09              
        9.46869      1.9895e-09              
        9.46991     9.94748e-10              
        9.47114     9.94748e-10              
        9.47236      1.9895e-09              
        9.47358      1.9895e-09              
         9.4748      1.9895e-09              
        9.47602     2.98424e-09              
        9.47724     9.94748e-10              
        9.47846      1.9895e-09              
        9.47968     9.94748e-10              
         9.4809      1.9895e-09              
        9.48212      1.9895e-09              
        9.48334     3.97899e-09              
        9.48456      1.9895e-09              
        9.48578     3.97899e-09              
          9.487      1.9895e-09              
        9.48822               0              
        9.48944     9.94748e-10              
        9.49066      1.9895e-09              
        9.49188     3.97899e-09              
         9.4931               0              
        9.49432      1.9895e-09              
        9.49554     6.96323e-09              
        9.49676     2.98424e-09              
        9.49798     3.97899e-09              
         9.4992     9.94748e-10              
        9.50042     4.97374e-09              
        9.50164      1.9895e-09              
        9.50286     9.94748e-10              
        9.50408     9.94748e-10              
        9.50531     9.94748e-10              
        9.50653     2.98424e-09              
        9.50775     2.98424e-09              
        9.50897     4.97374e-09              
        9.51019     3.97899e-09              
        9.51141     3.97899e-09              
        9.51263      1.9895e-09              
        9.51385     9.94748e-10              
        9.51507     4.97374e-09              
        9.51629      1.9895e-09              
        9.51751     9.94748e-10              
        9.51873     2.98424e-09              
        9.51995      1.9895e-09              
        9.52117      1.9895e-09              
         9.5224     2.98424e-09              
        9.52362     2.98424e-09              
        9.52484     2.98424e-09              
        9.52606      1.9895e-09              
        9.52728      1.9895e-09              
         9.5285     9.94748e-10              
        9.52972      1.9895e-09              
        9.53094     7.95798e-09              
        9.53216     9.94748e-10              
        9.53338     2.98424e-09              
         9.5346      1.9895e-09              
        9.53582     2.98424e-09              
        9.53704     3.97899e-09              
        9.53826     9.94748e-10              
        9.53948     3.97899e-09              
        9.54071     2.98424e-09              
        9.54193      1.9895e-09              
        9.54315     9.94748e-10              
        9.54437     9.94748e-10              
        9.54559     2.98424e-09              
        9.54681     9.94748e-10              
        9.54803     4.97374e-09              
        9.54925     5.96849e-09              
        9.55047     3.97899e-09              
        9.55169      1.9895e-09              
        9.55291     2.98424e-09              
        9.55413               0              
        9.55535               0              
        9.55657      1.9895e-09              
         9.5578     3.97899e-09              
        9.55902     4.97374e-09              
        9.56024      1.9895e-09              
        9.56146               0              
        9.56268      1.9895e-09              
         9.5639     9.94748e-10              
        9.56512     3.97899e-09              
        9.56634     3.97899e-09              
        9.56756      1.9895e-09              
        9.56878     3.97899e-09              
           9.57     2.98424e-09              
        9.57122     4.97374e-09              
        9.57244      1.9895e-09              
        9.57366     3.97899e-09              
        9.57489     2.98424e-09              
        9.57612     4.97374e-09              
        9.57734     9.94748e-10              
        9.57856     9.94748e-10              
        9.57978     3.97899e-09              
          9.581               0              
        9.58222     9.94748e-10              
        9.58344      1.9895e-09              
        9.58466     9.94748e-10              
        9.58588     9.94748e-10              
         9.5871      1.9895e-09              
        9.58832     4.97374e-09              
        9.58954               0              
        9.59076     3.97899e-09              
        9.59198     2.98424e-09              
        9.59321     3.97899e-09              
        9.59443     2.98424e-09              
        9.59565               0              
        9.59687     9.94748e-10              
        9.59809      1.9895e-09              
        9.59931     3.97899e-09              
        9.60053     9.94748e-10              
        9.60175     3.97899e-09              
        9.60297      1.9895e-09              
        9.60419               0              
        9.60541               0              
        9.60663               0              
        9.60785               0              
        9.60907     9.94748e-10              
         9.6103     4.97374e-09              
        9.61152     2.98424e-09              
        9.61274      1.9895e-09              
        9.61396      1.9895e-09              
        9.61518               0              
         9.6164               0              
        9.61762     9.94748e-10              
        9.61884     2.98424e-09              
        9.62006     2.98424e-09              
        9.62128               0              
         9.6225               0              
        9.62372     3.97899e-09              
        9.62494     9.94748e-10              
        9.62616     9.94748e-10              
        9.62739     3.97899e-09              
        9.62861      1.9895e-09              
        9.62983     4.97374e-09              
        9.63105               0              
        9.63227     3.97899e-09              
        9.63349     9.94748e-10              
        9.63471     2.98424e-09              
        9.63593     5.96849e-09              
        9.63715     2.98424e-09              
        9.63837     9.94748e-10              
        9.63959      1.9895e-09              
        9.64081     2.98424e-09              
        9.64203               0              
        9.64325     9.94748e-10              
        9.64447               0              
        9.64569     9.94748e-10              
        9.64691      1.9895e-09              
        9.64813      1.9895e-09              
        9.64935      1.9895e-09              
        9.65057     9.94748e-10              
        9.65179     9.94748e-10              
        9.65301     3.97899e-09              
        9.65423      1.9895e-09              
        9.65545     4.97374e-09              
        9.65667     2.98424e-09              
        9.65789     9.94748e-10              
        9.65911               0              
        9.66033     3.97899e-09              
        9.66156     9.94748e-10              
        9.66278      1.9895e-09              
          9.664     9.94748e-10              
        9.66522      1.9895e-09              
        9.66644     5.96849e-09              
        9.66766      1.9895e-09              
        9.66888     9.94748e-10              
         9.6701               0              
        9.67132      1.9895e-09              
        9.67254     9.94748e-10              
        9.67376     3.97899e-09              
        9.67498     2.98424e-09              
         9.6762     2.98424e-09              
        9.67742     9.94748e-10              
        9.67865     2.98424e-09              
        9.67987      1.9895e-09              
        9.68109     3.97899e-09              
        9.68231     3.97899e-09              
        9.68353               0              
        9.68475      1.9895e-09              
        9.68597      1.9895e-09              
        9.68719               0              
        9.68841     3.97899e-09              
        9.68963      1.9895e-09              
        9.69085               0              
        9.69207     9.94748e-10              
        9.69329     9.94748e-10              
        9.69451               0              
        9.69573     9.94748e-10              
        9.69696               0              
        9.69818     9.94748e-10              
         9.6994     6.96323e-09              
        9.70062     9.94748e-10              
        9.70184     2.98424e-09              
        9.70306     3.97899e-09              
        9.70428     3.97899e-09              
         9.7055     3.97899e-09              
        9.70672     9.94748e-10              
        9.70794     9.94748e-10              
        9.70916      1.9895e-09              
        9.71038      1.9895e-09              
         9.7116               0              
        9.71282     9.94748e-10              
        9.71405     4.97374e-09              
        9.71527     3.97899e-09              
        9.71649               0              
        9.71771     9.94748e-10              
        9.71893     2.98424e-09              
        9.72015               0              
        9.72137      1.9895e-09              
        9.72259     2.98424e-09              
        9.72381     9.94748e-10              
        9.72503      1.9895e-09              
        9.72625     9.94748e-10              
        9.72747     4.97374e-09              
        9.72869     2.98424e-09              
        9.72991      1.9895e-09              
        9.73114               0              
        9.73237     9.94748e-10              
        9.73359      1.9895e-09              
        9.73481     4.97374e-09              
        9.73603     2.98424e-09              
        9.73725     2.98424e-09              
        9.73847     2.98424e-09              
        9.73969     2.98424e-09              
        9.74091     2.98424e-09              
        9.74213      1.9895e-09              
        9.74335               0              
        9.74457      1.9895e-09              
        9.74579      1.9895e-09              
        9.74701      1.9895e-09              
        9.74823     2.98424e-09              
        9.74946     3.97899e-09              
        9.75068     2.98424e-09              
         9.7519      1.9895e-09              
        9.75312     9.94748e-10              
        9.75434     9.94748e-10              
        9.75556     9.94748e-10              
        9.75678               0              
          9.758      1.9895e-09              
        9.75922     2.98424e-09              
        9.76044               0              
        9.76166      1.9895e-09              
        9.76288     9.94748e-10              
         9.7641      1.9895e-09              
        9.76532     9.94748e-10              
        9.76655      1.9895e-09              
        9.76777     2.98424e-09              
        9.76899     9.94748e-10              
        9.77021      1.9895e-09              
        9.77143      1.9895e-09              
        9.77265     2.98424e-09              
        9.77387               0              
        9.77509     9.94748e-10              
        9.77631      1.9895e-09              
        9.77753               0              
        9.77875     9.94748e-10              
        9.77997               0              
        9.78119     4.97374e-09              
        9.78241      1.9895e-09              
        9.78364     5.96849e-09              
        9.78486     9.94748e-10              
        9.78608     2.98424e-09              
         9.7873               0              
        9.78852     9.94748e-10              
        9.78974     2.98424e-09              
        9.79096     9.94748e-10              
        9.79218     9.94748e-10              
         9.7934     2.98424e-09              
        9.79462     9.94748e-10              
        9.79584     9.94748e-10              
        9.79706      1.9895e-09              
        9.79828      1.9895e-09              
         9.7995     9.94748e-10              
        9.80072      1.9895e-09              
        9.80194     5.96849e-09              
        9.80316               0              
        9.80438     9.94748e-10              
         9.8056     9.94748e-10              
        9.80682     2.98424e-09              
        9.80804      1.9895e-09              
        9.80926               0              
        9.81048     2.98424e-09              
         9.8117     5.96849e-09              
        9.81292     9.94748e-10              
        9.81414      1.9895e-09              
        9.81536      1.9895e-09              
        9.81658     2.98424e-09              
        9.81781      1.9895e-09              
        9.81903     9.94748e-10              
        9.82025      1.9895e-09              
        9.82147     3.97899e-09              
        9.82269     9.94748e-10              
        9.82391               0              
        9.82513     9.94748e-10              
        9.82635               0              
        9.82757      1.9895e-09              
        9.82879               0              
        9.83001     2.98424e-09              
        9.83123      1.9895e-09              
        9.83245      1.9895e-09              
        9.83367     9.94748e-10              
         9.8349     9.94748e-10              
        9.83612      1.9895e-09              
        9.83734     4.97374e-09              
        9.83856     2.98424e-09              
        9.83978      1.9895e-09              
          9.841     9.94748e-10              
        9.84222     9.94748e-10              
        9.84344               0              
        9.84466     9.94748e-10              
        9.84588      1.9895e-09              
         9.8471      1.9895e-09              
        9.84832     2.98424e-09              
        9.84954     3.97899e-09              
        9.85076      1.9895e-09              
        9.85198     2.98424e-09              
        9.85321     4.97374e-09              
        9.85443      1.9895e-09              
        9.85565     4.97374e-09              
        9.85687     9.94748e-10              
        9.85809               0              
        9.85931     9.94748e-10              
        9.86053               0              
        9.86175     9.94748e-10              
        9.86297      1.9895e-09              
        9.86419      1.9895e-09              
        9.86541     9.94748e-10              
        9.86663     2.98424e-09              
        9.86785      1.9895e-09              
        9.86907     9.94748e-10              
         9.8703     9.94748e-10              
        9.87152     9.94748e-10              
        9.87274     9.94748e-10              
        9.87396      1.9895e-09              
        9.87518      1.9895e-09              
         9.8764     9.94748e-10              
        9.87762      1.9895e-09              
        9.87884     2.98424e-09              
        9.88006     2.98424e-09              
        9.88128     3.97899e-09              
         9.8825      1.9895e-09              
        9.88372     9.94748e-10              
        9.88494               0              
        9.88616               0              
        9.88739     9.94748e-10              
        9.88862     9.94748e-10              
        9.88984     9.94748e-10              
        9.89106     9.94748e-10              
        9.89228     2.98424e-09              
         9.8935     9.94748e-10              
        9.89472               0              
        9.89594     9.94748e-10              
        9.89716     2.98424e-09              
        9.89838      1.9895e-09              
         9.8996      1.9895e-09              
        9.90082               0              
        9.90204     2.98424e-09              
        9.90326      1.9895e-09              
        9.90448     5.96849e-09              
        9.90571     9.94748e-10              
        9.90693     2.98424e-09              
        9.90815     9.94748e-10              
        9.90937               0              
        9.91059      1.9895e-09              
        9.91181      1.9895e-09              
        9.91303     3.97899e-09              
        9.91425      1.9895e-09              
        9.91547     9.94748e-10              
        9.91669               0              
        9.91791      1.9895e-09              
        9.91913      1.9895e-09              
        9.92035     2.98424e-09              
        9.92157               0              
         9.9228     2.98424e-09              
        9.92402               0              
        9.92524               0              
        9.92646     9.94748e-10              
        9.92768     9.94748e-10              
         9.9289               0              
        9.93012     9.94748e-10              
        9.93134               0              
        9.93256     9.94748e-10              
        9.93378     9.94748e-10              
          9.935     9.94748e-10              
        9.93622     2.98424e-09              
        9.93744     2.98424e-09              
        9.93866     9.94748e-10              
        9.93989     2.98424e-09              
        9.94111      1.9895e-09              
        9.94233     9.94748e-10              
        9.94355     3.97899e-09              
        9.94477               0              
        9.94599      1.9895e-09              
        9.94721     3.97899e-09              
        9.94843      1.9895e-09              
        9.94965     9.94748e-10              
        9.95087     2.98424e-09              
        9.95209     9.94748e-10              
        9.95331     9.94748e-10              
        9.95453      1.9895e-09              
        9.95575      1.9895e-09              
        9.95697               0              
        9.95819     9.94748e-10              
        9.95941               0              
        9.96063      1.9895e-09              
        9.96185     4.97374e-09              
        9.96307     2.98424e-09              
        9.96429     9.94748e-10              
        9.96551     9.94748e-10              
        9.96673     9.94748e-10              
        9.96795      1.9895e-09              
        9.96917               0              
        9.97039      1.9895e-09              
        9.97161     9.94748e-10              
        9.97283     2.98424e-09              
        9.97406     2.98424e-09              
        9.97528     9.94748e-10              
         9.9765     3.97899e-09              
        9.97772     5.96849e-09              
        9.97894     9.94748e-10              
        9.98016      1.9895e-09              
        9.98138      1.9895e-09              
         9.9826     9.94748e-10              
        9.98382               0              
        9.98504     9.94748e-10              
        9.98626               0              
        9.98748      1.9895e-09              
         9.9887     3.97899e-09              
        9.98992      1.9895e-09              
        9.99115      1.9895e-09              
        9.99237     2.98424e-09              
        9.99359     9.94748e-10              
        9.99481               0              
