        2.99897     8.95273e-09              
        3.00019     1.69107e-08              
        3.00141     3.28267e-08              
        3.00263     1.29317e-08              
        3.00385     3.97899e-09              
        3.00507     8.95273e-09              
        3.00629     1.09422e-08              
        3.00751     1.29317e-08              
        3.00873     1.09422e-08              
        3.00995      1.1937e-08              
        3.01117     8.95273e-09              
        3.01239     6.96323e-09              
        3.01362     9.94748e-09              
        3.01484      1.1937e-08              
        3.01606     4.17794e-08              
        3.01728      1.5916e-08              
         3.0185     1.29317e-08              
        3.01972      1.9895e-08              
        3.02094     2.08897e-08              
        3.02216     9.94748e-09              
        3.02338     5.96849e-09              
         3.0246     1.69107e-08              
        3.02582     1.69107e-08              
        3.02704     7.95798e-09              
        3.02826     1.79055e-08              
        3.02948     1.39265e-08              
        3.03071     1.39265e-08              
        3.03193      1.1937e-08              
        3.03315     8.95273e-09              
        3.03437     6.96323e-09              
        3.03559     8.95273e-09              
        3.03681     1.39265e-08              
        3.03803     4.97374e-09              
        3.03925     9.94748e-09              
        3.04047     1.69107e-08              
        3.04169     9.94748e-09              
        3.04291      1.1937e-08              
        3.04413      1.1937e-08              
        3.04535     1.49212e-08              
        3.04657     1.39265e-08              
        3.04779     1.09422e-08              
        3.04901      1.5916e-08              
        3.05023     9.11189e-07              
        3.05145     1.29317e-08              
        3.05267     1.29317e-08              
        3.05389     6.96323e-09              
        3.05511     1.09422e-08              
        3.05633     9.94748e-09              
        3.05755      1.1937e-08              
        3.05877      1.1937e-08              
        3.05999      1.1937e-08              
        3.06121     1.21359e-07              
        3.06243     7.95798e-09              
        3.06365      1.1937e-08              
        3.06488     5.96849e-09              
         3.0661     5.96849e-09              
        3.06732      1.1937e-08              
        3.06854     6.96323e-09              
        3.06976     7.95798e-09              
        3.07098     2.98424e-09              
         3.0722      1.1937e-08              
        3.07342     7.95798e-09              
        3.07464     7.95798e-09              
        3.07586     1.09422e-08              
        3.07708     9.94748e-09              
         3.0783     7.95798e-09              
        3.07952     1.09422e-08              
        3.08074     1.09422e-08              
        3.08197     7.95798e-09              
        3.08319      1.1937e-08              
        3.08441     9.94748e-09              
        3.08563     7.95798e-09              
        3.08685     8.95273e-09              
        3.08807     7.95798e-09              
        3.08929     7.95798e-09              
        3.09051     1.39265e-08              
        3.09173     8.95273e-09              
        3.09295     1.09422e-08              
        3.09417      1.1937e-08              
        3.09539     1.39265e-08              
        3.09661     7.95798e-09              
        3.09783     7.95798e-09              
        3.09906     9.94748e-09              
        3.10028     1.49212e-08              
         3.1015     1.29317e-08              
        3.10272      1.5916e-08              
        3.10394     1.29317e-08              
        3.10516     2.38739e-08              
        3.10638     1.29317e-08              
         3.1076     1.29317e-08              
        3.10882     7.95798e-09              
        3.11004     8.95273e-09              
        3.11126      1.1937e-08              
        3.11248     8.95273e-09              
         3.1137     1.09422e-08              
        3.11492     9.94748e-09              
        3.11615     3.68057e-08              
        3.11738      1.5916e-08              
         3.1186     6.96323e-09              
        3.11982     7.95798e-09              
        3.12104     7.95798e-09              
        3.12226     8.95273e-09              
        3.12348     8.95273e-09              
         3.1247      1.1937e-08              
        3.12591      1.1937e-08              
        3.12713     6.96323e-09              
        3.12835     7.95798e-09              
        3.12957     5.96849e-09              
        3.13079     9.94748e-09              
        3.13201     1.29317e-08              
        3.13323     9.94748e-09              
        3.13447     1.39265e-08              
        3.13569     4.87426e-08              
        3.13691     1.09422e-08              
        3.13813     9.94748e-09              
        3.13935     7.95798e-09              
        3.14057     6.96323e-09              
        3.14179     6.96323e-09              
        3.14301     1.09422e-08              
        3.14423     5.96849e-09              
        3.14545     1.49212e-08              
        3.14667     4.97374e-09              
        3.14789     1.29317e-08              
        3.14911     7.95798e-09              
        3.15033      1.1937e-08              
        3.15156     1.39265e-08              
        3.15278     1.49212e-08              
          3.154     7.95798e-09              
        3.15522     6.96323e-09              
        3.15644     9.94748e-09              
        3.15766     7.95798e-09              
        3.15888     5.96849e-09              
         3.1601     7.95798e-09              
        3.16132     5.96849e-09              
        3.16254     9.94748e-09              
        3.16376      1.1937e-08              
        3.16498     7.95798e-09              
         3.1662     8.95273e-09              
        3.16742     8.95273e-09              
        3.16864      1.1937e-08              
        3.16987     1.09422e-08              
        3.17109      1.1937e-08              
        3.17231     6.96323e-09              
        3.17353      1.1937e-08              
        3.17475     1.49212e-08              
        3.17597     8.95273e-09              
        3.17719     1.09422e-08              
        3.17841     1.39265e-08              
        3.17963     5.96849e-09              
        3.18085     1.09422e-08              
        3.18207     1.09422e-08              
        3.18329     5.96849e-09              
        3.18451      1.1937e-08              
        3.18573     9.94748e-09              
        3.18696      1.1937e-08              
        3.18818     9.94748e-09              
         3.1894     7.95798e-09              
        3.19062     1.09422e-08              
        3.19184     8.95273e-09              
        3.19306     6.96323e-09              
        3.19428      1.1937e-08              
         3.1955     3.97899e-09              
        3.19672     9.94748e-09              
        3.19794     8.95273e-09              
        3.19916      1.1937e-08              
        3.20038     7.95798e-09              
         3.2016      1.1937e-08              
        3.20282      1.1937e-08              
        3.20404     8.95273e-09              
        3.20526      1.1937e-08              
        3.20648      1.1937e-08              
         3.2077     1.09422e-08              
        3.20892     8.95273e-09              
        3.21014      1.1937e-08              
        3.21136     1.09422e-08              
        3.21258     6.96323e-09              
         3.2138     7.95798e-09              
        3.21502     5.96849e-09              
        3.21624     1.69107e-08              
        3.21746     7.95798e-09              
        3.21868     1.09422e-08              
         3.2199     2.08897e-08              
        3.22113     5.96849e-09              
        3.22235     1.09422e-08              
        3.22357     9.94748e-09              
        3.22479      1.1937e-08              
        3.22601     1.09422e-08              
        3.22723      1.1937e-08              
        3.22845     1.39265e-08              
        3.22967     6.96323e-09              
        3.23089     1.09422e-08              
        3.23211     1.89002e-08              
        3.23333     8.95273e-09              
        3.23455     9.94748e-09              
        3.23577      1.1937e-08              
        3.23699     1.29317e-08              
        3.23822     5.96849e-09              
        3.23944     9.94748e-09              
        3.24066     8.95273e-09              
        3.24188     8.95273e-09              
         3.2431     5.96849e-09              
        3.24432     8.95273e-09              
        3.24554     1.09422e-08              
        3.24676     9.94748e-09              
        3.24798     6.96323e-09              
         3.2492     1.39265e-08              
        3.25042     9.94748e-09              
        3.25164     6.96323e-09              
        3.25286     1.09422e-08              
        3.25408      1.5916e-08              
        3.25531     6.96323e-09              
        3.25653     9.94748e-09              
        3.25775      1.1937e-08              
        3.25897     6.96323e-09              
        3.26019     9.94748e-09              
        3.26141     8.95273e-09              
        3.26263     9.94748e-09              
        3.26385     7.95798e-09              
        3.26507      1.1937e-08              
        3.26629     1.09422e-08              
        3.26751     1.39265e-08              
        3.26873     1.29317e-08              
        3.26995      1.1937e-08              
        3.27117      1.1937e-08              
         3.2724     1.09422e-08              
        3.27363     1.09422e-08              
        3.27485     1.49212e-08              
        3.27607     6.96323e-09              
        3.27729     9.94748e-09              
        3.27851     3.97899e-09              
        3.27973     7.95798e-09              
        3.28095     3.97899e-09              
        3.28216     6.96323e-09              
        3.28338     1.39265e-08              
         3.2846      1.1937e-08              
        3.28582     6.96323e-09              
        3.28704     1.09422e-08              
        3.28826     1.49212e-08              
        3.28948     9.94748e-09              
        3.29072      1.1937e-08              
        3.29194     4.97374e-09              
        3.29316      1.1937e-08              
        3.29438     1.29317e-08              
         3.2956      1.5916e-08              
        3.29682     8.95273e-09              
        3.29804     7.95798e-09              
        3.29926     1.09422e-08              
        3.30048     9.94748e-09              
         3.3017     7.95798e-09              
        3.30292     8.95273e-09              
        3.30414      1.1937e-08              
        3.30536     5.96849e-09              
        3.30658     9.94748e-09              
        3.30781     9.94748e-09              
        3.30903     5.96849e-09              
        3.31025      1.5916e-08              
        3.31147     8.95273e-09              
        3.31269     1.09422e-08              
        3.31391     1.39265e-08              
        3.31513     6.96323e-09              
        3.31635     1.69107e-08              
        3.31757     1.69107e-08              
        3.31879     1.39265e-08              
        3.32001     7.95798e-09              
        3.32123     5.96849e-09              
        3.32245      1.1937e-08              
        3.32367     1.39265e-08              
        3.32489     8.95273e-09              
        3.32612     3.97899e-09              
        3.32734     7.95798e-09              
        3.32856     6.96323e-09              
        3.32978     3.97899e-09              
          3.331     9.94748e-09              
        3.33222     4.47636e-08              
        3.33344     6.96323e-09              
        3.33466     9.94748e-09              
        3.33588     6.96323e-09              
         3.3371      1.5916e-08              
        3.33832     9.94748e-09              
        3.33954     1.49212e-08              
        3.34076     7.95798e-09              
        3.34198     1.49212e-08              
        3.34321     6.96323e-09              
        3.34443     7.95798e-09              
        3.34565      1.1937e-08              
        3.34687     8.95273e-09              
        3.34809     4.97374e-09              
        3.34931     1.29317e-08              
        3.35053     1.29317e-08              
        3.35175     1.69107e-08              
        3.35297      1.1937e-08              
        3.35419     8.95273e-09              
        3.35541     7.95798e-09              
        3.35663     1.29317e-08              
        3.35785     7.95798e-09              
        3.35907     4.97374e-09              
        3.36029     7.95798e-09              
        3.36151     9.94748e-09              
        3.36273     1.09422e-08              
        3.36395     1.29317e-08              
        3.36517     7.95798e-09              
        3.36639     8.95273e-09              
        3.36761     1.39265e-08              
        3.36883     1.49212e-08              
        3.37005     9.94748e-09              
        3.37127     8.95273e-09              
        3.37249     1.09422e-08              
        3.37371     6.96323e-09              
        3.37493     3.58109e-08              
        3.37615     8.95273e-09              
        3.37738     1.29317e-08              
         3.3786     9.94748e-09              
        3.37982     5.96849e-09              
        3.38104     9.94748e-09              
        3.38226     9.94748e-09              
        3.38348     6.96323e-09              
         3.3847     7.95798e-09              
        3.38592      1.1937e-08              
        3.38714     9.94748e-09              
        3.38836     1.09422e-08              
        3.38958     7.95798e-09              
         3.3908     5.96849e-09              
        3.39202     4.97374e-09              
        3.39324     1.09422e-08              
        3.39447     1.49212e-08              
        3.39569      1.1937e-08              
        3.39691     1.29317e-08              
        3.39813     8.95273e-09              
        3.39935     8.95273e-09              
        3.40057     7.95798e-09              
        3.40179     1.29317e-08              
        3.40301     1.49212e-08              
        3.40423     1.39265e-08              
        3.40545     9.94748e-09              
        3.40667     6.96323e-09              
        3.40789     5.96849e-09              
        3.40911     7.95798e-09              
        3.41033     4.97374e-09              
        3.41156     1.09422e-08              
        3.41278     7.95798e-09              
          3.414     3.97899e-09              
        3.41522     5.96849e-09              
        3.41644     7.95798e-09              
        3.41766     6.96323e-09              
        3.41888     9.94748e-09              
         3.4201     7.95798e-09              
        3.42132     6.96323e-09              
        3.42254     4.97374e-09              
        3.42376     1.09422e-08              
        3.42498      1.1937e-08              
         3.4262     5.96849e-09              
        3.42742     5.96849e-09              
        3.42865     2.48687e-08              
        3.42988      1.1937e-08              
         3.4311     1.29317e-08              
        3.43232     5.96849e-09              
        3.43354     1.09422e-08              
        3.43476     6.96323e-09              
        3.43598     4.97374e-09              
         3.4372     6.96323e-09              
        3.43841     6.96323e-09              
        3.43963     5.96849e-09              
        3.44085     1.49212e-08              
        3.44207     9.94748e-09              
        3.44329      1.1937e-08              
        3.44451     3.97899e-09              
        3.44573     1.49212e-08              
        3.44697     1.39265e-08              
        3.44819     7.95798e-09              
        3.44941     8.95273e-09              
        3.45063     6.96323e-09              
        3.45185     8.95273e-09              
        3.45307     4.97374e-09              
        3.45429      1.1937e-08              
        3.45551     8.95273e-09              
        3.45673     1.09422e-08              
        3.45795     1.79055e-08              
        3.45917     7.95798e-09              
        3.46039      1.1937e-08              
        3.46161     1.09422e-08              
        3.46283      1.1937e-08              
        3.46406     1.09422e-08              
        3.46528     1.09422e-08              
         3.4665      1.5916e-08              
        3.46772     9.94748e-09              
        3.46894     1.89002e-08              
        3.47016     7.95798e-09              
        3.47138     1.09422e-08              
         3.4726     3.97899e-09              
        3.47382     7.95798e-09              
        3.47504     8.95273e-09              
        3.47626      1.1937e-08              
        3.47748     1.79055e-08              
         3.4787     9.94748e-09              
        3.47992     7.95798e-09              
        3.48114     2.98424e-09              
        3.48237     1.09422e-08              
        3.48359     9.94748e-09              
        3.48481     7.95798e-09              
        3.48603     9.94748e-09              
        3.48725     4.97374e-09              
        3.48847     5.96849e-09              
        3.48969      1.1937e-08              
        3.49091     6.96323e-09              
        3.49213     1.09422e-08              
        3.49335     9.94748e-09              
        3.49457     7.95798e-09              
        3.49579     7.95798e-09              
        3.49701     1.39265e-08              
        3.49823     8.95273e-09              
        3.49946      1.1937e-08              
        3.50068     1.79055e-08              
         3.5019     7.95798e-09              
        3.50312     9.94748e-09              
        3.50434     6.96323e-09              
        3.50556     1.79055e-08              
        3.50678     4.97374e-09              
          3.508     1.29317e-08              
        3.50922     4.97374e-09              
        3.51044     1.29317e-08              
        3.51166     6.96323e-09              
        3.51288     5.96849e-09              
         3.5141      1.1937e-08              
        3.51532     8.95273e-09              
        3.51654     5.96849e-09              
        3.51776     5.96849e-09              
        3.51898     1.49212e-08              
         3.5202     5.96849e-09              
        3.52142     4.97374e-09              
        3.52264     1.29317e-08              
        3.52386     5.96849e-09              
        3.52508     8.95273e-09              
         3.5263     1.39265e-08              
        3.52752      1.9895e-09              
        3.52874      1.1937e-08              
        3.52996      1.1937e-08              
        3.53118     5.96849e-09              
         3.5324     7.95798e-09              
        3.53363     9.94748e-09              
        3.53485     8.95273e-09              
        3.53607     1.09422e-08              
        3.53729     1.09422e-08              
        3.53851     7.95798e-09              
        3.53973     1.09422e-08              
        3.54095     7.95798e-09              
        3.54217     1.09422e-08              
        3.54339     6.96323e-09              
        3.54461     8.95273e-09              
        3.54583     8.95273e-09              
        3.54705     1.49212e-08              
        3.54827     8.95273e-09              
        3.54949     1.49212e-08              
        3.55072     6.96323e-09              
        3.55194     1.39265e-08              
        3.55316     1.09422e-08              
        3.55438     6.96323e-09              
         3.5556     8.95273e-09              
        3.55682     1.09422e-08              
        3.55804     1.69107e-08              
        3.55926     9.94748e-09              
        3.56048     7.95798e-09              
         3.5617     2.78529e-08              
        3.56292     1.69107e-08              
        3.56414     6.96323e-09              
        3.56536     1.29317e-08              
        3.56658      1.1937e-08              
        3.56781     1.49212e-08              
        3.56903     1.09422e-08              
        3.57025      1.1937e-08              
        3.57147     6.96323e-09              
        3.57269     8.95273e-09              
        3.57391     9.94748e-09              
        3.57513     8.95273e-09              
        3.57635      1.1937e-08              
        3.57757     6.96323e-09              
        3.57879     1.49212e-08              
        3.58001     8.95273e-09              
        3.58123      1.5916e-08              
        3.58245     1.29317e-08              
        3.58367     1.09422e-08              
         3.5849     5.96849e-09              
        3.58613     4.97374e-09              
        3.58735     1.09422e-08              
        3.58857     2.18845e-08              
        3.58979     1.49212e-08              
        3.59101     1.29317e-08              
        3.59223     8.95273e-09              
        3.59345     9.94748e-09              
        3.59466     1.39265e-08              
        3.59588     1.09422e-08              
         3.5971     1.09422e-08              
        3.59832     1.39265e-08              
        3.59954     1.79055e-08              
        3.60076     8.95273e-09              
        3.60198     6.96323e-09              
        3.60322     1.79055e-08              
        3.60444     1.09422e-08              
        3.60566     4.97374e-09              
        3.60688     7.95798e-09              
         3.6081     6.96323e-09              
        3.60932     1.49212e-08              
        3.61054     2.08897e-08              
        3.61176     1.29317e-08              
        3.61298     4.97374e-09              
         3.6142     6.96323e-09              
        3.61542     9.94748e-09              
        3.61664     4.97374e-09              
        3.61786     1.09422e-08              
        3.61908     8.95273e-09              
        3.62031     8.95273e-09              
        3.62153      1.1937e-08              
        3.62275     9.94748e-09              
        3.62397     6.96323e-09              
        3.62519     1.09422e-08              
        3.62641     8.95273e-09              
        3.62763     7.95798e-09              
        3.62885     1.09422e-08              
        3.63007     8.95273e-09              
        3.63129     7.95798e-09              
        3.63251     7.95798e-09              
        3.63373     1.39265e-08              
        3.63495      1.5916e-08              
        3.63617     1.29317e-08              
        3.63739     1.09422e-08              
        3.63862      1.1937e-08              
        3.63984     1.29317e-08              
        3.64106     8.95273e-09              
        3.64228     7.95798e-09              
         3.6435     4.97374e-09              
        3.64472     6.96323e-09              
        3.64594     7.95798e-09              
        3.64716     8.95273e-09              
        3.64838     6.96323e-09              
         3.6496     4.97374e-09              
        3.65082     1.09422e-08              
        3.65204     5.96849e-09              
        3.65326     8.95273e-09              
        3.65448     5.96849e-09              
        3.65571     8.95273e-09              
        3.65693     4.97374e-09              
        3.65815     7.95798e-09              
        3.65937     9.94748e-09              
        3.66059     6.96323e-09              
        3.66181     1.09422e-08              
        3.66303     9.94748e-09              
        3.66425     7.95798e-09              
        3.66547     3.97899e-09              
        3.66669     1.09422e-08              
        3.66791     8.95273e-09              
        3.66913     1.29317e-08              
        3.67035     2.98424e-09              
        3.67157     1.09422e-08              
        3.67279     5.96849e-09              
        3.67401     1.29317e-08              
        3.67523     1.09422e-08              
        3.67645     8.95273e-09              
        3.67767     1.39265e-08              
        3.67889     1.39265e-08              
        3.68011     6.96323e-09              
        3.68133     5.96849e-09              
        3.68255     3.97899e-09              
        3.68377     8.95273e-09              
        3.68499     5.96849e-09              
        3.68621     6.96323e-09              
        3.68743      1.1937e-08              
        3.68865     5.96849e-09              
        3.68988     1.09422e-08              
         3.6911     4.97374e-09              
        3.69232     8.95273e-09              
        3.69354     4.97374e-09              
        3.69476     6.96323e-09              
        3.69598     6.96323e-09              
         3.6972     1.29317e-08              
        3.69842     8.95273e-09              
        3.69964      1.1937e-08              
        3.70086     1.79055e-08              
        3.70208     6.96323e-09              
         3.7033     6.96323e-09              
        3.70452     6.96323e-09              
        3.70574     6.96323e-09              
        3.70697     5.96849e-09              
        3.70819     1.39265e-08              
        3.70941     8.95273e-09              
        3.71063     6.96323e-09              
        3.71185     6.96323e-09              
        3.71307      1.1937e-08              
        3.71429     6.96323e-09              
        3.71551     9.94748e-09              
        3.71673     9.94748e-09              
        3.71795     8.95273e-09              
        3.71917     7.95798e-09              
        3.72039     5.96849e-09              
        3.72161     6.96323e-09              
        3.72283     1.09422e-08              
        3.72406      1.1937e-08              
        3.72528     1.09422e-08              
         3.7265     7.95798e-09              
        3.72772     3.97899e-09              
        3.72894     7.95798e-09              
        3.73016      1.1937e-08              
        3.73138     1.09422e-08              
         3.7326     4.97374e-09              
        3.73382     6.96323e-09              
        3.73504     1.09422e-08              
        3.73626     1.29317e-08              
        3.73748     6.96323e-09              
         3.7387     7.95798e-09              
        3.73992     7.95798e-09              
        3.74115     4.97374e-09              
        3.74238     3.97899e-09              
         3.7436     9.94748e-09              
        3.74482     1.09422e-08              
        3.74604     1.09422e-08              
        3.74726     7.95798e-09              
        3.74848     7.95798e-09              
         3.7497     1.69107e-08              
        3.75091     5.96849e-09              
        3.75213     1.09422e-08              
        3.75335     8.95273e-09              
        3.75457     1.29317e-08              
        3.75579     8.95273e-09              
        3.75701     8.95273e-09              
        3.75823     4.97374e-09              
        3.75947      1.1937e-08              
        3.76069     7.95798e-09              
        3.76191      1.1937e-08              
        3.76313     9.94748e-09              
        3.76435     9.94748e-09              
        3.76557     1.49212e-08              
        3.76679      1.1937e-08              
        3.76801     1.09422e-08              
        3.76923     8.95273e-09              
        3.77045     1.29317e-08              
        3.77167     8.95273e-09              
        3.77289     6.96323e-09              
        3.77411     1.39265e-08              
        3.77533     6.96323e-09              
        3.77656     3.97899e-09              
        3.77778     6.96323e-09              
          3.779     9.94748e-09              
        3.78022     7.95798e-09              
        3.78144     1.69107e-08              
        3.78266      1.1937e-08              
        3.78388     8.95273e-09              
         3.7851     5.96849e-09              
        3.78632      1.9895e-09              
        3.78754     7.95798e-09              
        3.78876     8.95273e-09              
        3.78998     8.95273e-09              
         3.7912     5.96849e-09              
        3.79242     6.96323e-09              
        3.79364     4.97374e-09              
        3.79487     1.29317e-08              
        3.79609     1.29317e-08              
        3.79731     6.96323e-09              
        3.79853     9.94748e-09              
        3.79975     1.29317e-08              
        3.80097     9.94748e-09              
        3.80219     7.95798e-09              
        3.80341     1.29317e-08              
        3.80463     7.95798e-09              
        3.80585     6.96323e-09              
        3.80707     1.09422e-08              
        3.80829     6.96323e-09              
        3.80951     6.96323e-09              
        3.81073     6.96323e-09              
        3.81196     1.09422e-08              
        3.81318     8.95273e-09              
         3.8144     9.94748e-09              
        3.81562     8.95273e-09              
        3.81684     6.96323e-09              
        3.81806     7.95798e-09              
        3.81928     4.97374e-09              
         3.8205     7.95798e-09              
        3.82172     3.48162e-08              
        3.82294     9.94748e-09              
        3.82416     9.94748e-09              
        3.82538     2.78529e-08              
         3.8266     5.96849e-09              
        3.82782     6.96323e-09              
        3.82904     4.97374e-09              
        3.83026     1.09422e-08              
        3.83148     9.94748e-09              
         3.8327     8.95273e-09              
        3.83392     7.95798e-09              
        3.83514     6.96323e-09              
        3.83636     6.96323e-09              
        3.83758     1.49212e-08              
         3.8388     9.94748e-09              
        3.84002     6.96323e-09              
        3.84124     6.96323e-09              
        3.84246     5.96849e-09              
        3.84368      1.1937e-08              
         3.8449     7.95798e-09              
        3.84613     4.97374e-09              
        3.84735     8.95273e-09              
        3.84857     6.96323e-09              
        3.84979     7.95798e-09              
        3.85101     9.94748e-09              
        3.85223     8.95273e-09              
        3.85345     1.29317e-08              
        3.85467     4.97374e-09              
        3.85589     1.09422e-08              
        3.85711     1.29317e-08              
        3.85833     7.95798e-09              
        3.85955     7.95798e-09              
        3.86077     9.94748e-09              
        3.86199     6.96323e-09              
        3.86322      1.1937e-08              
        3.86444      1.1937e-08              
        3.86566      1.1937e-08              
        3.86688     7.95798e-09              
         3.8681     5.96849e-09              
        3.86932     1.09422e-08              
        3.87054     1.09422e-08              
        3.87176     1.29317e-08              
        3.87298     7.95798e-09              
         3.8742     7.95798e-09              
        3.87542     1.49212e-08              
        3.87664     1.39265e-08              
        3.87786     6.96323e-09              
        3.87908     7.95798e-09              
        3.88031      1.1937e-08              
        3.88153     3.97899e-09              
        3.88275     5.96849e-09              
        3.88397     2.98424e-09              
        3.88519     1.39265e-08              
        3.88641     4.97374e-09              
        3.88763     7.95798e-09              
        3.88885     1.29317e-08              
        3.89007     7.95798e-09              
        3.89129     7.95798e-09              
        3.89251     4.97374e-09              
        3.89373     8.95273e-09              
        3.89495     5.96849e-09              
        3.89617     9.94748e-09              
         3.8974     1.39265e-08              
        3.89863     6.96323e-09              
        3.89985     6.96323e-09              
        3.90107     4.97374e-09              
        3.90229     1.39265e-08              
        3.90351     1.09422e-08              
        3.90473     1.09422e-08              
        3.90595     9.94748e-09              
        3.90716      1.9895e-09              
        3.90838     1.39265e-08              
         3.9096     7.95798e-09              
        3.91082     1.09422e-08              
        3.91204     6.96323e-09              
        3.91326     1.09422e-08              
        3.91448     7.95798e-09              
        3.91572     7.95798e-09              
        3.91694     9.94748e-09              
        3.91816     7.95798e-09              
        3.91938     9.94748e-09              
         3.9206     3.97899e-09              
        3.92182     5.96849e-09              
        3.92304     5.96849e-09              
        3.92426     7.95798e-09              
        3.92548     2.98424e-09              
         3.9267     7.95798e-09              
        3.92792     5.96849e-09              
        3.92914     9.94748e-09              
        3.93036     7.95798e-09              
        3.93158     6.96323e-09              
        3.93281     5.96849e-09              
        3.93403     6.96323e-09              
        3.93525     8.95273e-09              
        3.93647     1.09422e-08              
        3.93769     2.98424e-09              
        3.93891     5.96849e-09              
        3.94013     1.09422e-08              
        3.94135     6.96323e-09              
        3.94257     7.95798e-09              
        3.94379     5.96849e-09              
        3.94501     7.95798e-09              
        3.94623     3.97899e-09              
        3.94745     3.97899e-09              
        3.94867     5.96849e-09              
        3.94989     5.96849e-09              
        3.95112     1.29317e-08              
        3.95234     8.95273e-09              
        3.95356     9.94748e-09              
        3.95478     5.96849e-09              
          3.956     7.95798e-09              
        3.95722     9.94748e-09              
        3.95844     8.95273e-09              
        3.95966     1.09422e-08              
        3.96088     5.96849e-09              
         3.9621      1.5916e-08              
        3.96332     8.95273e-09              
        3.96454     7.95798e-09              
        3.96576     5.96849e-09              
        3.96698     8.95273e-09              
        3.96821     9.94748e-09              
        3.96943     9.94748e-09              
        3.97065     5.96849e-09              
        3.97187     7.95798e-09              
        3.97309     1.29317e-08              
        3.97431     3.97899e-09              
        3.97553      1.5916e-08              
        3.97675     1.29317e-08              
        3.97797     2.98424e-09              
        3.97919     8.95273e-09              
        3.98041     4.07847e-08              
        3.98163     4.97374e-09              
        3.98285     1.39265e-08              
        3.98407     5.96849e-09              
        3.98529     1.29317e-08              
        3.98651     7.95798e-09              
        3.98773     6.96323e-09              
        3.98895     6.96323e-09              
        3.99017     4.97374e-09              
        3.99139     3.97899e-09              
        3.99261     6.96323e-09              
        3.99383     4.97374e-09              
        3.99505     5.96849e-09              
        3.99627     8.95273e-09              
        3.99749     7.95798e-09              
