        1.39495     3.18319e-08              
        1.39617     1.11412e-08              
         1.3974     2.70571e-08              
        1.39863     2.38739e-08              
        1.39985     2.38739e-08              
        1.40107     2.22823e-08              
        1.40229     3.02403e-08              
        1.40351     2.06908e-08              
        1.40473     3.34235e-08              
        1.40595     2.38739e-08              
        1.40716     3.97899e-08              
        1.40838     2.86487e-08              
         1.4096     3.50151e-08              
        1.41082     3.34235e-08              
        1.41204     2.06908e-08              
        1.41326     2.86487e-08              
        1.41448     2.86487e-08              
        1.41572     3.02403e-08              
        1.41694     1.11412e-08              
        1.41816     2.86487e-08              
        1.41938     2.22823e-08              
         1.4206     1.75076e-08              
        1.42182     2.54655e-08              
        1.42304     1.90992e-08              
        1.42426     2.22823e-08              
        1.42548     2.22823e-08              
         1.4267     2.70571e-08              
        1.42792     2.70571e-08              
        1.42914     1.75076e-08              
        1.43036     2.54655e-08              
        1.43158     2.22823e-08              
        1.43281     2.38739e-08              
        1.43403      1.5916e-08              
        1.43525     2.06908e-08              
        1.43647     1.90992e-08              
        1.43769     3.18319e-08              
        1.43891     2.54655e-08              
        1.44013     1.75076e-08              
        1.44135     2.38739e-08              
        1.44257     2.22823e-08              
        1.44379     3.02403e-08              
        1.44501     1.24145e-07              
        1.44623     2.70571e-08              
        1.44745     2.22823e-08              
        1.44867     2.38739e-08              
        1.44989     2.38739e-08              
        1.45111     2.54655e-08              
        1.45233     1.75076e-08              
        1.45355     3.81983e-08              
        1.45477     2.06908e-08              
        1.45599     1.90992e-08              
        1.45721     2.54655e-08              
        1.45843     2.22823e-08              
        1.45965     3.18319e-08              
        1.46087     2.22823e-08              
        1.46209     1.75076e-08              
        1.46331     2.70571e-08              
        1.46453     1.75076e-08              
        1.46575     2.86487e-08              
        1.46698     1.75076e-08              
         1.4682     2.06908e-08              
        1.46942     2.38739e-08              
        1.47064     2.22823e-08              
        1.47186     1.75076e-08              
        1.47308     3.34235e-08              
         1.4743     3.02403e-08              
        1.47552     2.86487e-08              
        1.47674     2.22823e-08              
        1.47796     2.70571e-08              
        1.47918     3.97899e-08              
         1.4804     1.43244e-08              
        1.48162     2.06908e-08              
        1.48284     2.38739e-08              
        1.48407     2.06908e-08              
         1.4853     3.50151e-08              
        1.48652     2.06908e-08              
        1.48774     3.18319e-08              
        1.48896     2.70571e-08              
        1.49018     2.70571e-08              
         1.4914     2.22823e-08              
        1.49262     2.22823e-08              
