        1.49384     2.54655e-08              
        1.49506     3.81983e-08              
        1.49628     3.34235e-08              
         1.4975     1.90992e-08              
        1.49872     1.75076e-08              
        1.49994     3.50151e-08              
        1.50116      1.5916e-08              
        1.50239     2.22823e-08              
        1.50361     2.06908e-08              
        1.50483     4.77479e-08              
        1.50605     1.75076e-08              
        1.50727     2.22823e-08              
        1.50849     2.86487e-08              
        1.50971     2.22823e-08              
        1.51093     2.22823e-08              
        1.51215     2.22823e-08              
        1.51337     3.34235e-08              
        1.51459     2.22823e-08              
        1.51581     2.54655e-08              
        1.51703     1.43244e-08              
        1.51825     2.06908e-08              
        1.51947     2.22823e-08              
        1.52069     2.38739e-08              
        1.52191     3.02403e-08              
        1.52313     2.54655e-08              
        1.52435     1.90992e-08              
        1.52557     1.43244e-08              
        1.52679     2.86487e-08              
        1.52801     3.66067e-08              
        1.52923     1.75076e-08              
        1.53045     2.06908e-08              
        1.53167     1.43244e-08              
        1.53289     3.02403e-08              
        1.53411     3.34235e-08              
        1.53533     1.27328e-08              
        1.53656     2.06908e-08              
        1.53778     2.06908e-08              
          1.539     2.22823e-08              
        1.54022      1.5916e-08              
        1.54144     3.34235e-08              
        1.54266     3.66067e-08              
        1.54388     2.70571e-08              
         1.5451     2.70571e-08              
        1.54632     1.75076e-08              
        1.54754     1.27328e-08              
        1.54876     1.75076e-08              
        1.54998     2.06908e-08              
         1.5512     2.06908e-08              
        1.55242     2.38739e-08              
        1.55365     1.11412e-08              
        1.55488     2.22823e-08              
         1.5561     2.54655e-08              
        1.55732     2.22823e-08              
        1.55854     1.75076e-08              
        1.55976     1.75076e-08              
        1.56098     2.22823e-08              
         1.5622     3.34235e-08              
        1.56341     2.22823e-08              
        1.56463     3.02403e-08              
        1.56585     2.06908e-08              
        1.56707     1.43244e-08              
        1.56829     2.38739e-08              
        1.56951     2.22823e-08              
        1.57073     2.70571e-08              
        1.57197     2.54655e-08              
        1.57319     2.86487e-08              
        1.57441     2.38739e-08              
        1.57563     2.22823e-08              
        1.57685     3.18319e-08              
        1.57807     2.86487e-08              
        1.57929     1.27328e-08              
        1.58051     1.90992e-08              
        1.58173     2.06908e-08              
        1.58295     2.86487e-08              
        1.58417     1.75076e-08              
        1.58539     2.38739e-08              
        1.58661     2.86487e-08              
        1.58783     3.02403e-08              
        1.58906     2.54655e-08              
        1.59028     2.54655e-08              
         1.5915     2.54655e-08              
