        1.19721     3.18319e-08              
        1.19843     3.81983e-08              
        1.19965     3.02403e-08              
        1.20087     3.02403e-08              
        1.20209     3.18319e-08              
        1.20331     5.09311e-08              
        1.20453     4.13815e-08              
        1.20575     2.70571e-08              
        1.20697     4.29731e-08              
        1.20819     2.54655e-08              
        1.20941     3.34235e-08              
        1.21063     3.18319e-08              
        1.21185     3.34235e-08              
        1.21307     3.81983e-08              
        1.21429     3.18319e-08              
        1.21551     2.70571e-08              
        1.21673     3.18319e-08              
        1.21795     3.34235e-08              
        1.21917     2.54655e-08              
        1.22039     2.86487e-08              
        1.22161     3.02403e-08              
        1.22283     3.18319e-08              
        1.22406     2.86487e-08              
        1.22528     2.38739e-08              
         1.2265     1.27328e-08              
        1.22772     2.54655e-08              
        1.22894     4.13815e-08              
        1.23016     3.81983e-08              
        1.23138     3.34235e-08              
         1.2326     2.70571e-08              
        1.23382     2.54655e-08              
        1.23504     2.70571e-08              
        1.23626      1.5916e-08              
        1.23748     3.34235e-08              
         1.2387     2.22823e-08              
        1.23992     3.02403e-08              
        1.24115     2.70571e-08              
        1.24238     2.38739e-08              
         1.2436     2.86487e-08              
        1.24482     2.22823e-08              
        1.24604     3.18319e-08              
        1.24726     2.38739e-08              
        1.24848     2.38739e-08              
         1.2497     3.18319e-08              
        1.25091     3.66067e-08              
        1.25213     3.02403e-08              
        1.25335     3.02403e-08              
        1.25457     2.86487e-08              
        1.25579     3.97899e-08              
        1.25701     3.02403e-08              
        1.25823     3.18319e-08              
        1.25947     2.86487e-08              
        1.26069     2.54655e-08              
        1.26191     2.70571e-08              
        1.26313     3.66067e-08              
        1.26435     2.22823e-08              
        1.26557     3.50151e-08              
        1.26679     3.50151e-08              
        1.26801     2.86487e-08              
        1.26923     2.70571e-08              
        1.27045     3.34235e-08              
        1.27167     2.54655e-08              
        1.27289     2.22823e-08              
        1.27411     3.34235e-08              
        1.27533     2.86487e-08              
        1.27656     2.06908e-08              
        1.27778     2.54655e-08              
          1.279     3.02403e-08              
        1.28022     3.66067e-08              
        1.28144      1.5916e-08              
        1.28266     3.18319e-08              
        1.28388     2.38739e-08              
         1.2851     2.70571e-08              
        1.28632     2.06908e-08              
        1.28754     3.34235e-08              
        1.28876     2.22823e-08              
        1.28998     4.29731e-08              
         1.2912     2.86487e-08              
        1.29242     3.81983e-08              
        1.29364     2.86487e-08              
        1.29486     2.22823e-08              
