        1.88935     1.43244e-08              
        1.89057     2.38739e-08              
        1.89179     6.36639e-09              
        1.89301      1.5916e-08              
        1.89423     2.22823e-08              
        1.89545     1.75076e-08              
        1.89667     1.11412e-08              
        1.89789     1.75076e-08              
        1.89911      1.5916e-08              
        1.90033     1.27328e-08              
        1.90156     1.11412e-08              
        1.90278     2.54655e-08              
          1.904     2.38739e-08              
        1.90522     1.75076e-08              
        1.90644     1.27328e-08              
        1.90766     1.11412e-08              
        1.90888     1.43244e-08              
         1.9101     2.06908e-08              
        1.91132     2.38739e-08              
        1.91254     1.90992e-08              
        1.91376     1.43244e-08              
        1.91498     2.54655e-08              
         1.9162     2.38739e-08              
        1.91742     9.54958e-09              
        1.91864      1.5916e-08              
        1.91986     1.43244e-08              
        1.92108     1.90992e-08              
         1.9223     2.38739e-08              
        1.92352     2.38739e-08              
        1.92474     1.27328e-08              
        1.92596     1.43244e-08              
        1.92718     2.06908e-08              
         1.9284     1.75076e-08              
        1.92962     3.02403e-08              
        1.93084     1.90992e-08              
        1.93206     2.38739e-08              
        1.93328     1.43244e-08              
         1.9345     2.38739e-08              
        1.93573     2.06908e-08              
        1.93695      1.5916e-08              
        1.93817     2.38739e-08              
        1.93939     1.75076e-08              
        1.94061     2.06908e-08              
        1.94183     1.43244e-08              
        1.94305     1.43244e-08              
        1.94427     1.43244e-08              
        1.94549      1.5916e-08              
        1.94671     1.27328e-08              
        1.94793     2.54655e-08              
        1.94915     1.43244e-08              
        1.95037     1.43244e-08              
        1.95159     2.06908e-08              
        1.95281      1.5916e-08              
        1.95405     2.38739e-08              
        1.95527     1.11412e-08              
        1.95649     9.54958e-09              
        1.95771     1.43244e-08              
        1.95893     2.70571e-08              
        1.96015     2.06908e-08              
        1.96137     2.70571e-08              
        1.96259     2.54655e-08              
        1.96381     9.54958e-09              
        1.96503     1.75076e-08              
        1.96625     2.38739e-08              
        1.96747     2.54655e-08              
        1.96869     1.75076e-08              
        1.96991     2.22823e-08              
        1.97114     1.43244e-08              
        1.97236     1.11412e-08              
        1.97358     1.27328e-08              
         1.9748     1.11412e-08              
        1.97602      1.5916e-08              
        1.97724     2.22823e-08              
        1.97846     1.11412e-08              
        1.97968     2.22823e-08              
         1.9809     2.38739e-08              
        1.98212     2.06908e-08              
        1.98334      1.5916e-08              
        1.98456     1.90992e-08              
        1.98578     1.11412e-08              
          1.987     1.90992e-08              
