       0.999451     4.29731e-08              
        1.00067     5.41143e-08              
        1.00189     3.66067e-08              
        1.00311     3.81983e-08              
        1.00433     4.77479e-08              
        1.00555     3.81983e-08              
        1.00677     2.86487e-08              
        1.00799     3.81983e-08              
        1.00921     1.90992e-08              
        1.01043     3.66067e-08              
        1.01165     3.97899e-08              
        1.01287     3.18319e-08              
        1.01409     4.77479e-08              
        1.01531     4.29731e-08              
        1.01655     3.18319e-08              
        1.01777     4.13815e-08              
        1.01899     3.66067e-08              
        1.02021     2.70571e-08              
        1.02143     5.09311e-08              
        1.02265     4.93395e-08              
        1.02387     3.02403e-08              
        1.02509     3.97899e-08              
        1.02631     4.13815e-08              
        1.02753     4.77479e-08              
        1.02875     2.54655e-08              
        1.02997     3.50151e-08              
        1.03119     3.02403e-08              
        1.03241     3.81983e-08              
        1.03364     3.81983e-08              
        1.03486     3.66067e-08              
        1.03608     3.97899e-08              
         1.0373     3.66067e-08              
        1.03852     3.34235e-08              
        1.03974     4.93395e-08              
        1.04096     3.50151e-08              
        1.04218     3.50151e-08              
         1.0434     3.97899e-08              
        1.04462     4.77479e-08              
        1.04584     2.54655e-08              
        1.04706     4.29731e-08              
        1.04828     3.18319e-08              
         1.0495     4.29731e-08              
        1.05072     4.29731e-08              
        1.05194     2.86487e-08              
        1.05316     3.18319e-08              
        1.05438     4.93395e-08              
         1.0556     3.97899e-08              
        1.05682     3.81983e-08              
        1.05804     4.29731e-08              
        1.05926     3.02403e-08              
        1.06048     3.34235e-08              
         1.0617     3.02403e-08              
        1.06292     4.61563e-08              
        1.06414     8.91294e-08              
        1.06536     2.86487e-08              
        1.06658     2.86487e-08              
        1.06781     3.34235e-08              
        1.06903     3.50151e-08              
        1.07025     3.97899e-08              
        1.07147     3.81983e-08              
        1.07269     3.18319e-08              
        1.07391     3.18319e-08              
        1.07513     3.66067e-08              
        1.07635     3.02403e-08              
        1.07757     2.86487e-08              
        1.07879     2.70571e-08              
        1.08001     3.02403e-08              
        1.08123     4.61563e-08              
        1.08245     3.02403e-08              
        1.08367     3.97899e-08              
         1.0849     3.18319e-08              
        1.08613     5.09311e-08              
        1.08735     4.13815e-08              
        1.08857     3.66067e-08              
        1.08979     4.13815e-08              
        1.09101     4.29731e-08              
        1.09223     5.09311e-08              
        1.09345     2.86487e-08              
        1.09466     3.02403e-08              
        1.09588     4.77479e-08              
         1.0971     3.18319e-08              
