        1.59272     1.27328e-08              
        1.59394     3.18319e-08              
        1.59516     1.75076e-08              
        1.59638     3.66067e-08              
         1.5976     2.06908e-08              
        1.59882     2.38739e-08              
        1.60004      1.5916e-08              
        1.60126     3.66067e-08              
        1.60248     2.70571e-08              
         1.6037     1.90992e-08              
        1.60492     2.22823e-08              
        1.60614     1.90992e-08              
        1.60736     2.70571e-08              
        1.60858     1.90992e-08              
         1.6098     1.75076e-08              
        1.61102     1.27328e-08              
        1.61224     1.75076e-08              
        1.61346     2.38739e-08              
        1.61468     2.70571e-08              
         1.6159     3.18319e-08              
        1.61712     2.70571e-08              
        1.61834     2.06908e-08              
        1.61956     2.86487e-08              
        1.62078     1.43244e-08              
          1.622     2.54655e-08              
        1.62323     2.22823e-08              
        1.62445     3.50151e-08              
        1.62567     1.75076e-08              
        1.62689     2.70571e-08              
        1.62811     2.70571e-08              
        1.62933     2.70571e-08              
        1.63055     1.90992e-08              
        1.63177     2.06908e-08              
        1.63299     2.54655e-08              
        1.63421      1.5916e-08              
        1.63543     1.90992e-08              
        1.63665     2.38739e-08              
        1.63787     2.38739e-08              
        1.63909     1.75076e-08              
        1.64031     3.34235e-08              
        1.64155     2.54655e-08              
        1.64277      1.5916e-08              
        1.64399     2.86487e-08              
        1.64521      1.5916e-08              
        1.64643     2.70571e-08              
        1.64765     2.54655e-08              
        1.64887     2.86487e-08              
        1.65009     3.02403e-08              
        1.65131     2.22823e-08              
        1.65253     1.27328e-08              
        1.65375     2.54655e-08              
        1.65497      1.5916e-08              
        1.65619     1.90992e-08              
        1.65741     1.90992e-08              
        1.65864     2.86487e-08              
        1.65986     2.38739e-08              
        1.66108     1.43244e-08              
         1.6623     2.22823e-08              
        1.66352     1.43244e-08              
        1.66474     1.43244e-08              
        1.66596     2.06908e-08              
        1.66718     2.38739e-08              
         1.6684     1.75076e-08              
        1.66962      1.5916e-08              
        1.67084     1.27328e-08              
        1.67206     2.38739e-08              
        1.67328     3.18319e-08              
         1.6745     2.22823e-08              
        1.67572     1.43244e-08              
        1.67694     1.43244e-08              
        1.67816     2.86487e-08              
        1.67938     2.70571e-08              
         1.6806     2.22823e-08              
        1.68182     1.11412e-08              
        1.68304     1.75076e-08              
        1.68426     2.54655e-08              
        1.68548     1.75076e-08              
         1.6867     1.75076e-08              
        1.68792     2.22823e-08              
        1.68914      1.5916e-08              
        1.69036     2.06908e-08              
