        1.09832     2.86487e-08              
        1.09954     3.18319e-08              
        1.10076     3.97899e-08              
        1.10198     3.34235e-08              
        1.10322     3.50151e-08              
        1.10444     3.50151e-08              
        1.10566     3.34235e-08              
        1.10688     3.02403e-08              
         1.1081     5.88891e-08              
        1.10932     3.66067e-08              
        1.11054     3.66067e-08              
        1.11176     4.13815e-08              
        1.11298     3.02403e-08              
         1.1142     3.66067e-08              
        1.11542     3.81983e-08              
        1.11664     4.29731e-08              
        1.11786     3.34235e-08              
        1.11908     2.54655e-08              
        1.12031     3.50151e-08              
        1.12153     3.97899e-08              
        1.12275     3.50151e-08              
        1.12397     3.50151e-08              
        1.12519     4.29731e-08              
        1.12641     2.38739e-08              
        1.12763     2.54655e-08              
        1.12885     3.34235e-08              
        1.13007     2.54655e-08              
        1.13129     3.34235e-08              
        1.13251     4.29731e-08              
        1.13373     3.18319e-08              
        1.13495     2.70571e-08              
        1.13617     3.66067e-08              
        1.13739     2.70571e-08              
        1.13861     4.77479e-08              
        1.13983     4.29731e-08              
        1.14105     2.06908e-08              
        1.14227     2.70571e-08              
        1.14349     4.13815e-08              
        1.14471     2.86487e-08              
        1.14593     4.45647e-08              
        1.14715     2.86487e-08              
        1.14837     5.41143e-08              
        1.14959     2.38739e-08              
        1.15081     2.86487e-08              
        1.15203     3.34235e-08              
        1.15325     2.70571e-08              
        1.15448      1.5916e-08              
         1.1557     2.86487e-08              
        1.15692     2.22823e-08              
        1.15814     3.81983e-08              
        1.15936     2.38739e-08              
        1.16058     2.54655e-08              
         1.1618     2.86487e-08              
        1.16302     3.18319e-08              
        1.16424     2.70571e-08              
        1.16546     3.81983e-08              
        1.16668     4.45647e-08              
         1.1679     2.06908e-08              
        1.16912     2.22823e-08              
        1.17034     2.54655e-08              
        1.17157     3.97899e-08              
         1.1728     3.02403e-08              
        1.17402     1.43244e-08              
        1.17524     3.50151e-08              
        1.17646     3.18319e-08              
        1.17768     2.70571e-08              
         1.1789     2.86487e-08              
        1.18012     3.34235e-08              
        1.18134     3.02403e-08              
        1.18256     2.38739e-08              
        1.18378     2.54655e-08              
          1.185     2.06908e-08              
        1.18622     2.38739e-08              
        1.18744     2.54655e-08              
        1.18866     2.70571e-08              
        1.18989     1.90992e-08              
        1.19111     1.90992e-08              
        1.19233     3.50151e-08              
        1.19355     3.66067e-08              
        1.19477     4.13815e-08              
        1.19599     1.90992e-08              
