        1.69158      1.5916e-08              
        1.69281     1.75076e-08              
        1.69403     1.27328e-08              
        1.69525     2.38739e-08              
        1.69647     3.81983e-08              
        1.69769     1.43244e-08              
        1.69891     2.22823e-08              
        1.70013     2.06908e-08              
        1.70135     1.90992e-08              
        1.70257     1.75076e-08              
        1.70379     1.75076e-08              
        1.70501     2.06908e-08              
        1.70623     2.70571e-08              
        1.70745      1.5916e-08              
        1.70867     2.54655e-08              
         1.7099     3.02403e-08              
        1.71113     1.43244e-08              
        1.71235     1.75076e-08              
        1.71357     2.38739e-08              
        1.71479     2.06908e-08              
        1.71601     1.75076e-08              
        1.71723     2.06908e-08              
        1.71845     7.95798e-09              
        1.71966     2.22823e-08              
        1.72088     3.18319e-08              
         1.7221     1.27328e-08              
        1.72332     3.34235e-08              
        1.72454     2.22823e-08              
        1.72576     2.54655e-08              
        1.72698      1.5916e-08              
        1.72822     1.90992e-08              
        1.72944     1.90992e-08              
        1.73066     3.34235e-08              
        1.73188     1.43244e-08              
         1.7331     2.06908e-08              
        1.73432     2.38739e-08              
        1.73554     1.43244e-08              
        1.73676     1.27328e-08              
        1.73798     1.11412e-08              
         1.7392     1.90992e-08              
        1.74042     1.90992e-08              
        1.74164     3.18319e-08              
        1.74286     2.38739e-08              
        1.74408     3.18319e-08              
        1.74531      1.5916e-08              
        1.74653     3.18319e-08              
        1.74775     1.90992e-08              
        1.74897     2.22823e-08              
        1.75019     2.54655e-08              
        1.75141      1.5916e-08              
        1.75263     2.38739e-08              
        1.75385     1.90992e-08              
        1.75507     1.75076e-08              
        1.75629     2.54655e-08              
        1.75751     1.43244e-08              
        1.75873     1.75076e-08              
        1.75995     1.43244e-08              
        1.76117     1.75076e-08              
        1.76239      1.5916e-08              
        1.76361     1.75076e-08              
        1.76483     3.18319e-08              
        1.76605     1.90992e-08              
        1.76727      1.5916e-08              
        1.76849     2.54655e-08              
        1.76971     1.11412e-08              
        1.77093      1.5916e-08              
        1.77215     1.90992e-08              
        1.77337     2.70571e-08              
        1.77459     1.90992e-08              
        1.77581     3.66067e-08              
        1.77703     2.22823e-08              
        1.77825      1.5916e-08              
        1.77948     1.11412e-08              
         1.7807     2.06908e-08              
        1.78192     2.70571e-08              
        1.78314     1.90992e-08              
        1.78436     1.90992e-08              
        1.78558     2.38739e-08              
         1.7868     1.43244e-08              
        1.78802      1.5916e-08              
        1.78924     2.22823e-08              
