        1.79046     3.50151e-08              
        1.79168     1.90992e-08              
         1.7929      1.5916e-08              
        1.79412     1.11412e-08              
        1.79534     2.54655e-08              
        1.79657     2.38739e-08              
         1.7978     2.38739e-08              
        1.79902     2.22823e-08              
        1.80024     2.70571e-08              
        1.80146     1.75076e-08              
        1.80268     2.54655e-08              
         1.8039     1.27328e-08              
        1.80512     1.90992e-08              
        1.80634      1.5916e-08              
        1.80756     2.22823e-08              
        1.80878     1.27328e-08              
           1.81     1.11412e-08              
        1.81122     2.86487e-08              
        1.81244     3.02403e-08              
        1.81366     1.75076e-08              
        1.81489     2.38739e-08              
        1.81611      1.5916e-08              
        1.81733     2.06908e-08              
        1.81855     1.90992e-08              
        1.81977      1.5916e-08              
        1.82099     2.38739e-08              
        1.82221     1.90992e-08              
        1.82343     2.06908e-08              
        1.82465     2.86487e-08              
        1.82587     1.75076e-08              
        1.82709     2.06908e-08              
        1.82831     1.75076e-08              
        1.82953     1.75076e-08              
        1.83075     3.18319e-08              
        1.83197     1.75076e-08              
        1.83319     2.70571e-08              
        1.83441     2.22823e-08              
        1.83563     1.43244e-08              
        1.83685     2.22823e-08              
        1.83807     2.22823e-08              
        1.83929     1.43244e-08              
        1.84051     1.75076e-08              
        1.84173     1.90992e-08              
        1.84295     2.22823e-08              
        1.84417     1.27328e-08              
        1.84539     1.90992e-08              
        1.84661     1.27328e-08              
        1.84783      1.5916e-08              
        1.84906     2.06908e-08              
        1.85028     2.06908e-08              
         1.8515     2.06908e-08              
        1.85272     2.86487e-08              
        1.85394     1.75076e-08              
        1.85516     1.75076e-08              
        1.85638     2.86487e-08              
         1.8576     9.54958e-09              
        1.85882     9.54958e-09              
        1.86004     1.75076e-08              
        1.86126     1.11412e-08              
        1.86248     2.38739e-08              
         1.8637     1.27328e-08              
        1.86492      1.5916e-08              
        1.86615     1.43244e-08              
        1.86738     2.38739e-08              
         1.8686     1.90992e-08              
        1.86982     2.38739e-08              
        1.87104      1.5916e-08              
        1.87226      1.5916e-08              
        1.87348     2.38739e-08              
         1.8747     1.43244e-08              
        1.87591     1.75076e-08              
        1.87713      1.5916e-08              
        1.87835     2.22823e-08              
        1.87957     2.38739e-08              
        1.88079     2.06908e-08              
        1.88201     1.27328e-08              
        1.88323     2.06908e-08              
        1.88447     1.43244e-08              
        1.88569     1.27328e-08              
        1.88691      1.5916e-08              
        1.88813     1.11412e-08              
