        1.29608     3.02403e-08              
         1.2973     2.54655e-08              
        1.29852     2.38739e-08              
        1.29974     3.18319e-08              
        1.30096     2.86487e-08              
        1.30218     3.34235e-08              
         1.3034     2.54655e-08              
        1.30462     2.06908e-08              
        1.30584     1.43244e-08              
        1.30706     3.66067e-08              
        1.30828     2.86487e-08              
         1.3095      1.5916e-08              
        1.31073     2.22823e-08              
        1.31195     3.66067e-08              
        1.31317     2.22823e-08              
        1.31439     2.70571e-08              
        1.31561     2.38739e-08              
        1.31683     2.22823e-08              
        1.31805     2.54655e-08              
        1.31927     3.66067e-08              
        1.32049     2.38739e-08              
        1.32171     2.38739e-08              
        1.32293     2.38739e-08              
        1.32415     7.63966e-08              
        1.32537     2.86487e-08              
        1.32659     3.02403e-08              
        1.32781     3.66067e-08              
        1.32905     3.50151e-08              
        1.33027     4.45647e-08              
        1.33149     1.90992e-08              
        1.33271     4.13815e-08              
        1.33393     3.34235e-08              
        1.33515     2.70571e-08              
        1.33637     1.43244e-08              
        1.33759     2.54655e-08              
        1.33881     1.90992e-08              
        1.34003     3.81983e-08              
        1.34125     3.34235e-08              
        1.34247     2.86487e-08              
        1.34369     2.38739e-08              
        1.34491     2.54655e-08              
        1.34614     2.06908e-08              
        1.34736     2.54655e-08              
        1.34858     2.06908e-08              
         1.3498     3.34235e-08              
        1.35102     3.02403e-08              
        1.35224     2.86487e-08              
        1.35346     2.54655e-08              
        1.35468     3.66067e-08              
         1.3559     2.86487e-08              
        1.35712     2.06908e-08              
        1.35834     2.70571e-08              
        1.35956     1.90992e-08              
        1.36078     2.22823e-08              
          1.362     3.02403e-08              
        1.36322     2.70571e-08              
        1.36444     3.34235e-08              
        1.36566     2.06908e-08              
        1.36688     2.38739e-08              
         1.3681     3.18319e-08              
        1.36932     3.66067e-08              
        1.37054     1.43244e-08              
        1.37176     3.02403e-08              
        1.37298     1.75076e-08              
         1.3742     2.54655e-08              
        1.37542     2.06908e-08              
        1.37664     2.86487e-08              
        1.37786     2.54655e-08              
        1.37908     2.86487e-08              
        1.38031     3.97899e-08              
        1.38153     3.18319e-08              
        1.38275     1.27328e-08              
        1.38397     2.38739e-08              
        1.38519     2.22823e-08              
        1.38641     1.43244e-08              
        1.38763     2.06908e-08              
        1.38885     2.86487e-08              
        1.39007     2.86487e-08              
        1.39129     1.90992e-08              
        1.39251      1.5916e-08              
        1.39373     2.22823e-08              
