        5.99854               0              
        5.99915               0              
        5.99976               0              
        6.00037     3.18319e-09              
        6.00098     3.18319e-09              
        6.00159     6.36639e-09              
         6.0022               0              
        6.00281     3.18319e-09              
        6.00342     3.18319e-09              
        6.00403     9.54958e-09              
        6.00464     3.18319e-09              
        6.00525     3.18319e-09              
        6.00586     3.18319e-09              
        6.00647               0              
        6.00708               0              
        6.00769     6.36639e-09              
         6.0083     3.18319e-09              
        6.00891               0              
        6.00952               0              
        6.01013     6.36639e-09              
        6.01074               0              
        6.01135               0              
        6.01196     3.18319e-09              
        6.01257               0              
        6.01318     6.36639e-09              
        6.01379     3.18319e-09              
         6.0144     6.36639e-09              
        6.01501     3.18319e-09              
        6.01562               0              
        6.01624     6.36639e-09              
        6.01685     3.18319e-09              
        6.01746               0              
        6.01807               0              
        6.01868     3.18319e-09              
        6.01929               0              
         6.0199               0              
        6.02051     9.54958e-09              
        6.02112               0              
        6.02173     3.18319e-09              
        6.02234               0              
        6.02295               0              
        6.02356               0              
        6.02417               0              
        6.02478     3.18319e-09              
        6.02539     6.36639e-09              
          6.026               0              
        6.02661     3.18319e-09              
        6.02722               0              
        6.02783               0              
        6.02844     3.18319e-09              
        6.02905     3.18319e-09              
        6.02966               0              
        6.03027               0              
        6.03088               0              
        6.03149     3.18319e-09              
         6.0321     6.36639e-09              
        6.03271     3.18319e-09              
        6.03333     6.36639e-09              
        6.03394     3.18319e-09              
        6.03455     3.18319e-09              
        6.03516               0              
        6.03577     3.18319e-09              
        6.03638      1.5916e-08              
        6.03699     1.27328e-08              
         6.0376     1.27328e-08              
        6.03821               0              
        6.03882     3.18319e-09              
        6.03943               0              
        6.04004     3.18319e-09              
        6.04065               0              
        6.04126     6.36639e-09              
        6.04187     6.36639e-09              
        6.04248               0              
        6.04309     3.18319e-09              
         6.0437     3.18319e-09              
        6.04431               0              
        6.04492     6.36639e-09              
        6.04553     3.18319e-09              
        6.04614               0              
        6.04675               0              
        6.04736               0              
        6.04797               0              
        6.04858     9.54958e-09              
        6.04919               0              
         6.0498               0              
        6.05042               0              
        6.05103               0              
        6.05164               0              
        6.05225     6.36639e-09              
        6.05286     3.18319e-09              
        6.05347     3.18319e-09              
        6.05408               0              
        6.05469     3.18319e-09              
         6.0553     3.18319e-09              
        6.05591               0              
        6.05652     6.36639e-09              
        6.05713               0              
        6.05774     3.18319e-09              
        6.05835     3.18319e-09              
        6.05896               0              
        6.05957     3.18319e-09              
        6.06018     3.18319e-09              
        6.06079               0              
         6.0614               0              
        6.06201     3.18319e-09              
        6.06262               0              
        6.06323     3.18319e-09              
        6.06384     1.27328e-08              
        6.06445     3.18319e-09              
        6.06506     6.36639e-09              
        6.06567               0              
        6.06628               0              
        6.06689     3.18319e-09              
         6.0675               0              
        6.06812     3.18319e-09              
        6.06873     6.36639e-09              
        6.06934     3.18319e-09              
        6.06995     3.18319e-09              
        6.07056     3.18319e-09              
        6.07117               0              
        6.07178               0              
        6.07239     3.18319e-09              
          6.073     3.18319e-09              
        6.07361     3.18319e-09              
        6.07422     6.36639e-09              
        6.07483     6.36639e-09              
        6.07544     6.36639e-09              
        6.07605     6.36639e-09              
        6.07666     3.18319e-09              
        6.07727     3.18319e-09              
        6.07788               0              
        6.07849               0              
         6.0791     3.18319e-09              
        6.07971     3.18319e-09              
        6.08032               0              
        6.08093               0              
        6.08154     3.18319e-09              
        6.08215               0              
        6.08276     6.36639e-09              
        6.08337               0              
        6.08398               0              
        6.08459     3.18319e-09              
        6.08521     6.36639e-09              
        6.08582     6.36639e-09              
        6.08643               0              
        6.08704               0              
        6.08765               0              
        6.08826     3.18319e-09              
        6.08887     3.18319e-09              
        6.08948     3.18319e-09              
        6.09009     3.18319e-09              
         6.0907     3.18319e-09              
        6.09131     6.36639e-09              
        6.09192     3.18319e-09              
        6.09253     3.18319e-09              
        6.09314               0              
        6.09375     3.18319e-09              
        6.09436               0              
        6.09497               0              
        6.09558               0              
        6.09619     3.18319e-09              
         6.0968     6.36639e-09              
        6.09741     6.36639e-09              
        6.09802               0              
        6.09863               0              
        6.09924               0              
        6.09985               0              
        6.10046               0              
        6.10107               0              
        6.10168     6.36639e-09              
        6.10229     6.36639e-09              
        6.10291     6.36639e-09              
        6.10352               0              
        6.10413               0              
        6.10474               0              
        6.10535     3.18319e-09              
        6.10596               0              
        6.10657     6.36639e-09              
        6.10718               0              
        6.10779               0              
         6.1084               0              
        6.10901               0              
        6.10962               0              
        6.11023     3.18319e-09              
        6.11084               0              
        6.11145               0              
        6.11206               0              
        6.11267     9.54958e-09              
        6.11328               0              
        6.11389               0              
         6.1145     3.18319e-09              
        6.11511     6.36639e-09              
        6.11572               0              
        6.11633     3.18319e-09              
        6.11694     9.54958e-09              
        6.11755     3.18319e-09              
        6.11816     6.36639e-09              
        6.11877               0              
        6.11938     3.18319e-09              
           6.12               0              
        6.12061               0              
        6.12122               0              
        6.12183     3.18319e-09              
        6.12244     3.18319e-09              
        6.12305               0              
        6.12366               0              
        6.12427     3.18319e-09              
        6.12488               0              
        6.12549     3.18319e-09              
         6.1261               0              
        6.12671     3.18319e-09              
        6.12732     6.36639e-09              
        6.12793               0              
        6.12854               0              
        6.12915               0              
        6.12976     3.18319e-09              
        6.13037     3.18319e-09              
        6.13098               0              
        6.13159     3.18319e-09              
         6.1322               0              
        6.13281               0              
        6.13342     6.36639e-09              
        6.13403               0              
        6.13464               0              
        6.13525     3.18319e-09              
        6.13586               0              
        6.13647               0              
        6.13708               0              
         6.1377     6.36639e-09              
        6.13831               0              
        6.13892     3.18319e-09              
        6.13953     3.18319e-09              
        6.14014               0              
        6.14075               0              
        6.14136     3.18319e-09              
        6.14197     3.18319e-09              
        6.14258               0              
        6.14319     3.18319e-09              
         6.1438     3.18319e-09              
        6.14441     3.18319e-09              
        6.14502     3.18319e-09              
        6.14563               0              
        6.14624     3.18319e-09              
        6.14685               0              
        6.14746               0              
        6.14807               0              
        6.14868     3.18319e-09              
        6.14929               0              
         6.1499               0              
        6.15051               0              
        6.15112     3.18319e-09              
        6.15173               0              
        6.15234               0              
        6.15295               0              
        6.15356     3.18319e-09              
        6.15417               0              
        6.15479     3.18319e-09              
         6.1554     6.36639e-09              
        6.15601               0              
        6.15662     3.18319e-09              
        6.15723     3.18319e-09              
        6.15784     3.18319e-09              
        6.15845     9.54958e-09              
        6.15906               0              
        6.15967               0              
        6.16028               0              
        6.16089               0              
         6.1615               0              
        6.16211     3.18319e-09              
        6.16272               0              
        6.16333               0              
        6.16394               0              
        6.16455               0              
        6.16516               0              
        6.16577     3.18319e-09              
        6.16638     6.36639e-09              
        6.16699     3.18319e-09              
         6.1676     3.18319e-09              
        6.16821               0              
        6.16882     3.18319e-09              
        6.16943               0              
        6.17004     9.54958e-09              
        6.17065     3.18319e-09              
        6.17126     6.36639e-09              
        6.17188               0              
        6.17249     3.18319e-09              
         6.1731               0              
        6.17371               0              
        6.17432     6.36639e-09              
        6.17493     3.18319e-09              
        6.17554     3.18319e-09              
        6.17615               0              
        6.17676     3.18319e-09              
        6.17737               0              
        6.17798               0              
        6.17859               0              
         6.1792     3.18319e-09              
        6.17981     3.18319e-09              
        6.18042               0              
        6.18103     3.18319e-09              
        6.18164     3.18319e-09              
        6.18225     3.18319e-09              
        6.18286               0              
        6.18347     3.18319e-09              
        6.18408     3.18319e-09              
        6.18469               0              
         6.1853               0              
        6.18591               0              
        6.18652     3.18319e-09              
        6.18713     3.18319e-09              
        6.18774               0              
        6.18835     3.18319e-09              
        6.18896               0              
        6.18958               0              
        6.19019               0              
         6.1908     3.18319e-09              
        6.19141     3.18319e-09              
        6.19202     6.36639e-09              
        6.19263     3.18319e-09              
        6.19324               0              
        6.19385     3.18319e-09              
        6.19446     3.18319e-09              
        6.19507               0              
        6.19568     3.18319e-09              
        6.19629               0              
         6.1969               0              
        6.19751     3.18319e-09              
        6.19812     3.18319e-09              
        6.19873     3.18319e-09              
        6.19934     3.18319e-09              
        6.19995               0              
        6.20056     3.18319e-09              
        6.20117     3.18319e-09              
        6.20178     6.36639e-09              
        6.20239     3.18319e-09              
          6.203     6.36639e-09              
        6.20361               0              
        6.20422     3.18319e-09              
        6.20483               0              
        6.20544               0              
        6.20605     3.18319e-09              
        6.20667               0              
        6.20728     3.18319e-09              
        6.20789               0              
         6.2085     3.18319e-09              
        6.20911               0              
        6.20972     6.36639e-09              
        6.21033               0              
        6.21094     3.18319e-09              
        6.21155     3.18319e-09              
        6.21216     3.18319e-09              
        6.21277               0              
        6.21338               0              
        6.21399               0              
         6.2146               0              
        6.21521     3.18319e-09              
        6.21582     6.36639e-09              
        6.21643               0              
        6.21704     3.18319e-09              
        6.21765               0              
        6.21826               0              
        6.21887               0              
        6.21948               0              
        6.22009               0              
         6.2207     6.36639e-09              
        6.22131     3.18319e-09              
        6.22192               0              
        6.22253               0              
        6.22314     3.18319e-09              
        6.22375     3.18319e-09              
        6.22437     6.36639e-09              
        6.22498     3.18319e-09              
        6.22559               0              
         6.2262     3.18319e-09              
        6.22681               0              
        6.22742     1.27328e-08              
        6.22803     3.18319e-09              
        6.22864               0              
        6.22925               0              
        6.22986     3.18319e-09              
        6.23047               0              
        6.23108     6.36639e-09              
        6.23169     3.18319e-09              
         6.2323               0              
        6.23291     9.54958e-09              
        6.23352               0              
        6.23413               0              
        6.23474               0              
        6.23535     3.18319e-09              
        6.23596               0              
        6.23657               0              
        6.23718     3.18319e-09              
        6.23779               0              
         6.2384     3.18319e-09              
        6.23901     3.18319e-09              
        6.23962     3.18319e-09              
        6.24023               0              
        6.24084     3.18319e-09              
        6.24146               0              
        6.24207               0              
        6.24268     6.36639e-09              
        6.24329     3.18319e-09              
         6.2439     3.18319e-09              
        6.24451               0              
        6.24512     3.18319e-09              
        6.24573     3.18319e-09              
        6.24634     3.18319e-09              
        6.24695               0              
        6.24756               0              
        6.24817               0              
        6.24878               0              
        6.24939               0              
           6.25               0              
        6.25061               0              
        6.25122     3.18319e-09              
        6.25183     1.27328e-08              
        6.25244     9.54958e-09              
        6.25305     3.18319e-09              
        6.25366               0              
        6.25427     3.18319e-09              
        6.25488     3.18319e-09              
        6.25549     9.54958e-09              
         6.2561               0              
        6.25671               0              
        6.25732               0              
        6.25793     3.18319e-09              
        6.25854               0              
        6.25916               0              
        6.25977     6.36639e-09              
        6.26038               0              
        6.26099               0              
         6.2616               0              
        6.26221               0              
        6.26282     3.18319e-09              
        6.26343               0              
        6.26404               0              
        6.26465     3.18319e-09              
        6.26526               0              
        6.26587               0              
        6.26648               0              
        6.26709     3.18319e-09              
         6.2677               0              
        6.26831     3.18319e-09              
        6.26892     3.18319e-09              
        6.26953     3.18319e-09              
        6.27014               0              
        6.27075     3.18319e-09              
        6.27136               0              
        6.27197               0              
        6.27258     3.18319e-09              
        6.27319               0              
         6.2738     3.18319e-09              
        6.27441     6.36639e-09              
        6.27502               0              
        6.27563     3.18319e-09              
        6.27625     3.18319e-09              
        6.27686               0              
        6.27747     3.18319e-09              
        6.27808               0              
        6.27869     3.18319e-09              
         6.2793               0              
        6.27991     6.36639e-09              
        6.28052     3.18319e-09              
        6.28113               0              
        6.28174     3.18319e-09              
        6.28235     3.18319e-09              
        6.28296     3.18319e-09              
        6.28357     3.18319e-09              
        6.28418               0              
        6.28479     6.36639e-09              
         6.2854     3.18319e-09              
        6.28601               0              
        6.28662               0              
        6.28723     3.18319e-09              
        6.28784               0              
        6.28845     3.18319e-09              
        6.28906               0              
        6.28967               0              
        6.29028     3.18319e-09              
        6.29089               0              
         6.2915               0              
        6.29211     3.18319e-09              
        6.29272     3.18319e-09              
        6.29333               0              
        6.29395               0              
        6.29456     6.36639e-09              
        6.29517               0              
        6.29578     3.18319e-09              
        6.29639               0              
          6.297     3.18319e-09              
        6.29761               0              
        6.29822     3.18319e-09              
        6.29883     3.18319e-09              
        6.29944               0              
        6.30005     3.18319e-09              
        6.30066     6.36639e-09              
        6.30127     3.18319e-09              
        6.30188               0              
        6.30249     9.54958e-09              
         6.3031               0              
        6.30371               0              
        6.30432     3.18319e-09              
        6.30493     6.36639e-09              
        6.30554               0              
        6.30615     3.18319e-09              
        6.30676     3.18319e-09              
        6.30737     9.54958e-09              
        6.30798               0              
        6.30859               0              
         6.3092     3.18319e-09              
        6.30981     3.18319e-09              
        6.31042               0              
        6.31104               0              
        6.31165               0              
        6.31226     3.18319e-09              
        6.31287               0              
        6.31348               0              
        6.31409     3.18319e-09              
         6.3147     3.18319e-09              
        6.31531               0              
        6.31592               0              
        6.31653               0              
        6.31714     9.54958e-09              
        6.31775     3.18319e-09              
        6.31836               0              
        6.31897     3.18319e-09              
        6.31958     3.18319e-09              
        6.32019     3.18319e-09              
         6.3208               0              
        6.32141     3.18319e-09              
        6.32202     6.36639e-09              
        6.32263     3.18319e-09              
        6.32324               0              
        6.32385     3.18319e-09              
        6.32446               0              
        6.32507     3.18319e-09              
        6.32568               0              
        6.32629     3.18319e-09              
         6.3269     3.18319e-09              
        6.32751               0              
        6.32812               0              
        6.32874     3.18319e-09              
        6.32935               0              
        6.32996     6.36639e-09              
        6.33057     3.18319e-09              
        6.33118     3.18319e-09              
        6.33179     3.18319e-09              
         6.3324     3.18319e-09              
        6.33301     3.18319e-09              
        6.33362     3.18319e-09              
        6.33423               0              
        6.33484               0              
        6.33545     6.36639e-09              
        6.33606               0              
        6.33667               0              
        6.33728               0              
        6.33789     3.18319e-09              
         6.3385               0              
        6.33911               0              
        6.33972               0              
        6.34033     6.36639e-09              
        6.34094     3.18319e-09              
        6.34155               0              
        6.34216               0              
        6.34277     6.36639e-09              
        6.34338     6.36639e-09              
        6.34399     3.18319e-09              
         6.3446               0              
        6.34521     6.36639e-09              
        6.34583     6.36639e-09              
        6.34644     6.36639e-09              
        6.34705     3.18319e-09              
        6.34766               0              
        6.34827               0              
        6.34888     3.18319e-09              
        6.34949               0              
         6.3501     3.18319e-09              
        6.35071               0              
        6.35132               0              
        6.35193               0              
        6.35254               0              
        6.35315     6.36639e-09              
        6.35376     3.18319e-09              
        6.35437     3.18319e-09              
        6.35498     3.18319e-09              
        6.35559     9.54958e-09              
         6.3562               0              
        6.35681     3.18319e-09              
        6.35742     3.18319e-09              
        6.35803               0              
        6.35864     3.18319e-09              
        6.35925     6.36639e-09              
        6.35986     3.18319e-09              
        6.36047     3.18319e-09              
        6.36108               0              
        6.36169     3.18319e-09              
         6.3623     6.36639e-09              
        6.36292               0              
        6.36353               0              
        6.36414     9.54958e-09              
        6.36475               0              
        6.36536               0              
        6.36597     3.18319e-09              
        6.36658               0              
        6.36719               0              
         6.3678     3.18319e-09              
        6.36841     6.36639e-09              
        6.36902               0              
        6.36963               0              
        6.37024     3.18319e-09              
        6.37085               0              
        6.37146     6.36639e-09              
        6.37207               0              
        6.37268     3.18319e-09              
        6.37329               0              
         6.3739     3.18319e-09              
        6.37451     3.18319e-09              
        6.37512               0              
        6.37573     3.18319e-09              
        6.37634     6.36639e-09              
        6.37695     6.36639e-09              
        6.37756     3.18319e-09              
        6.37817     3.18319e-09              
        6.37878               0              
        6.37939     6.36639e-09              
           6.38               0              
        6.38062               0              
        6.38123               0              
        6.38184               0              
        6.38245               0              
        6.38306     6.36639e-09              
        6.38367     3.18319e-09              
        6.38428               0              
        6.38489               0              
         6.3855     3.18319e-09              
        6.38611     3.18319e-09              
        6.38672     3.18319e-09              
        6.38733               0              
        6.38794     3.18319e-09              
        6.38855               0              
        6.38916               0              
        6.38977               0              
        6.39038               0              
        6.39099               0              
         6.3916               0              
        6.39221     3.18319e-09              
        6.39282               0              
        6.39343     3.18319e-09              
        6.39404               0              
        6.39465     6.36639e-09              
        6.39526     3.18319e-09              
        6.39587     3.18319e-09              
        6.39648               0              
        6.39709     6.36639e-09              
        6.39771               0              
        6.39832               0              
        6.39893               0              
        6.39954               0              
        6.40015     3.18319e-09              
        6.40076               0              
        6.40137               0              
        6.40198     3.18319e-09              
        6.40259     3.18319e-09              
         6.4032               0              
        6.40381               0              
        6.40442               0              
        6.40503     3.18319e-09              
        6.40564     3.18319e-09              
        6.40625               0              
        6.40686               0              
        6.40747     6.36639e-09              
        6.40808     3.18319e-09              
        6.40869               0              
         6.4093     3.18319e-09              
        6.40991     3.18319e-09              
        6.41052     3.18319e-09              
        6.41113     6.36639e-09              
        6.41174               0              
        6.41235               0              
        6.41296     3.18319e-09              
        6.41357     3.18319e-09              
        6.41418     3.18319e-09              
        6.41479               0              
        6.41541               0              
        6.41602               0              
        6.41663               0              
        6.41724     3.18319e-09              
        6.41785     3.18319e-09              
        6.41846     3.18319e-09              
        6.41907               0              
        6.41968     3.18319e-09              
        6.42029     3.18319e-09              
         6.4209     3.18319e-09              
        6.42151     3.18319e-09              
        6.42212     3.18319e-09              
        6.42273               0              
        6.42334               0              
        6.42395               0              
        6.42456               0              
        6.42517               0              
        6.42578     3.18319e-09              
        6.42639     6.36639e-09              
          6.427               0              
        6.42761               0              
        6.42822               0              
        6.42883               0              
        6.42944               0              
        6.43005     3.18319e-09              
        6.43066     3.18319e-09              
        6.43127               0              
        6.43188               0              
         6.4325               0              
        6.43311               0              
        6.43372     6.36639e-09              
        6.43433               0              
        6.43494     3.18319e-09              
        6.43555               0              
        6.43616               0              
        6.43677     3.18319e-09              
        6.43738               0              
        6.43799     6.36639e-09              
         6.4386               0              
        6.43921               0              
        6.43982     3.18319e-09              
        6.44043     3.18319e-09              
        6.44104     3.18319e-09              
        6.44165               0              
        6.44226     6.36639e-09              
        6.44287     3.18319e-09              
        6.44348               0              
        6.44409               0              
         6.4447               0              
        6.44531               0              
        6.44592               0              
        6.44653               0              
        6.44714     3.18319e-09              
        6.44775               0              
        6.44836               0              
        6.44897               0              
        6.44958               0              
         6.4502               0              
        6.45081     3.18319e-09              
        6.45142               0              
        6.45203     6.36639e-09              
        6.45264               0              
        6.45325     3.18319e-09              
        6.45386               0              
        6.45447               0              
        6.45508               0              
        6.45569     6.36639e-09              
         6.4563     9.54958e-09              
        6.45691     3.18319e-09              
        6.45752               0              
        6.45813     6.36639e-09              
        6.45874     3.18319e-09              
        6.45935     3.18319e-09              
        6.45996               0              
        6.46057               0              
        6.46118               0              
        6.46179     6.36639e-09              
         6.4624     3.18319e-09              
        6.46301               0              
        6.46362     3.18319e-09              
        6.46423     6.36639e-09              
        6.46484     3.18319e-09              
        6.46545               0              
        6.46606               0              
        6.46667               0              
        6.46729               0              
         6.4679               0              
        6.46851     6.36639e-09              
        6.46912     3.18319e-09              
        6.46973               0              
        6.47034               0              
        6.47095     3.18319e-09              
        6.47156               0              
        6.47217               0              
        6.47278     3.18319e-09              
        6.47339     3.18319e-09              
          6.474     9.54958e-09              
        6.47461               0              
        6.47522     3.18319e-09              
        6.47583     9.54958e-09              
        6.47644               0              
        6.47705               0              
        6.47766               0              
        6.47827     3.18319e-09              
        6.47888               0              
        6.47949               0              
         6.4801     3.18319e-09              
        6.48071               0              
        6.48132     3.18319e-09              
        6.48193               0              
        6.48254     3.18319e-09              
        6.48315               0              
        6.48376               0              
        6.48438               0              
        6.48499     3.18319e-09              
         6.4856     3.18319e-09              
        6.48621               0              
        6.48682     3.18319e-09              
        6.48743               0              
        6.48804     6.36639e-09              
        6.48865               0              
        6.48926     3.18319e-09              
        6.48987     6.36639e-09              
        6.49048     6.36639e-09              
        6.49109     3.18319e-09              
         6.4917               0              
        6.49231     3.18319e-09              
        6.49292               0              
        6.49353     6.36639e-09              
        6.49414               0              
        6.49475               0              
        6.49536               0              
        6.49597     3.18319e-09              
        6.49658               0              
        6.49719     3.18319e-09              
         6.4978     3.18319e-09              
        6.49841     3.18319e-09              
        6.49902     9.54958e-09              
        6.49963     3.18319e-09              
        6.50024     6.36639e-09              
        6.50085               0              
        6.50146     6.36639e-09              
        6.50208     3.18319e-09              
        6.50269               0              
         6.5033               0              
        6.50391               0              
        6.50452               0              
        6.50513     9.54958e-09              
        6.50574     6.36639e-09              
        6.50635     3.18319e-09              
        6.50696     3.18319e-09              
        6.50757               0              
        6.50818     3.18319e-09              
        6.50879               0              
         6.5094               0              
        6.51001     6.36639e-09              
        6.51062     3.18319e-09              
        6.51123     9.54958e-09              
        6.51184     6.36639e-09              
        6.51245               0              
        6.51306               0              
        6.51367     3.18319e-09              
        6.51428               0              
        6.51489     6.36639e-09              
         6.5155     6.36639e-09              
        6.51611               0              
        6.51672               0              
        6.51733               0              
        6.51794               0              
        6.51855     3.18319e-09              
        6.51917               0              
        6.51978     6.36639e-09              
        6.52039     3.18319e-09              
          6.521     3.18319e-09              
        6.52161               0              
        6.52222               0              
        6.52283               0              
        6.52344     3.18319e-09              
        6.52405               0              
        6.52466     3.18319e-09              
        6.52527               0              
        6.52588     6.36639e-09              
        6.52649               0              
         6.5271               0              
        6.52771     6.36639e-09              
        6.52832               0              
        6.52893     6.36639e-09              
        6.52954     9.54958e-09              
        6.53015               0              
        6.53076     9.54958e-09              
        6.53137               0              
        6.53198     3.18319e-09              
        6.53259     1.27328e-08              
         6.5332     6.36639e-09              
        6.53381               0              
        6.53442               0              
        6.53503               0              
        6.53564     9.54958e-09              
        6.53625     1.27328e-08              
        6.53687     3.18319e-09              
        6.53748               0              
        6.53809               0              
         6.5387               0              
        6.53931               0              
        6.53992     6.36639e-09              
        6.54053     6.36639e-09              
        6.54114     3.18319e-09              
        6.54175     3.18319e-09              
        6.54236               0              
        6.54297     3.18319e-09              
        6.54358     3.18319e-09              
        6.54419     3.18319e-09              
         6.5448     3.18319e-09              
        6.54541               0              
        6.54602     3.18319e-09              
        6.54663               0              
        6.54724     3.18319e-09              
        6.54785               0              
        6.54846               0              
        6.54907     6.36639e-09              
        6.54968               0              
        6.55029     3.18319e-09              
         6.5509     3.18319e-09              
        6.55151               0              
        6.55212               0              
        6.55273               0              
        6.55334     3.18319e-09              
        6.55396               0              
        6.55457     3.18319e-09              
        6.55518               0              
        6.55579               0              
         6.5564               0              
        6.55701     6.36639e-09              
        6.55762               0              
        6.55823               0              
        6.55884               0              
        6.55945     9.54958e-09              
        6.56006     3.18319e-09              
        6.56067               0              
        6.56128               0              
        6.56189     3.18319e-09              
         6.5625     3.18319e-09              
        6.56311               0              
        6.56372               0              
        6.56433               0              
        6.56494               0              
        6.56555               0              
        6.56616               0              
        6.56677     3.18319e-09              
        6.56738     3.18319e-09              
        6.56799               0              
         6.5686               0              
        6.56921     6.36639e-09              
        6.56982     9.54958e-09              
        6.57043               0              
        6.57104               0              
        6.57166     3.18319e-09              
        6.57227               0              
        6.57288     3.18319e-09              
        6.57349               0              
         6.5741               0              
        6.57471     6.36639e-09              
        6.57532     3.18319e-09              
        6.57593     3.18319e-09              
        6.57654               0              
        6.57715               0              
        6.57776     6.36639e-09              
        6.57837     6.36639e-09              
        6.57898     3.18319e-09              
        6.57959               0              
         6.5802               0              
        6.58081               0              
        6.58142               0              
        6.58203               0              
        6.58264               0              
        6.58325     3.18319e-09              
        6.58386               0              
        6.58447     3.18319e-09              
        6.58508               0              
        6.58569     3.18319e-09              
         6.5863     3.18319e-09              
        6.58691     3.18319e-09              
        6.58752               0              
        6.58813               0              
        6.58875               0              
        6.58936     3.18319e-09              
        6.58997               0              
        6.59058               0              
        6.59119     3.18319e-09              
         6.5918     3.18319e-09              
        6.59241     6.36639e-09              
        6.59302     3.18319e-09              
        6.59363               0              
        6.59424               0              
        6.59485               0              
        6.59546     3.18319e-09              
        6.59607     3.18319e-09              
        6.59668               0              
        6.59729     1.27328e-08              
         6.5979     3.18319e-09              
        6.59851               0              
        6.59912     3.18319e-09              
        6.59973               0              
        6.60034     3.18319e-09              
        6.60095               0              
        6.60156               0              
        6.60217               0              
        6.60278     3.18319e-09              
        6.60339               0              
          6.604     3.18319e-09              
        6.60461               0              
        6.60522     3.18319e-09              
        6.60583     9.54958e-09              
        6.60645     3.18319e-09              
        6.60706     6.36639e-09              
        6.60767     6.36639e-09              
        6.60828     6.36639e-09              
        6.60889               0              
         6.6095     6.36639e-09              
        6.61011     3.18319e-09              
        6.61072               0              
        6.61133     3.18319e-09              
        6.61194               0              
        6.61255               0              
        6.61316     3.18319e-09              
        6.61377     3.18319e-09              
        6.61438     9.54958e-09              
        6.61499               0              
         6.6156     6.36639e-09              
        6.61621               0              
        6.61682     3.18319e-09              
        6.61743     3.18319e-09              
        6.61804               0              
        6.61865     3.18319e-09              
        6.61926               0              
        6.61987               0              
        6.62048     3.18319e-09              
        6.62109               0              
         6.6217               0              
        6.62231     3.18319e-09              
        6.62292     6.36639e-09              
        6.62354     3.18319e-09              
        6.62415     3.18319e-09              
        6.62476     3.18319e-09              
        6.62537     3.18319e-09              
        6.62598     9.54958e-09              
        6.62659     6.36639e-09              
         6.6272     3.18319e-09              
        6.62781     3.18319e-09              
        6.62842               0              
        6.62903               0              
        6.62964     3.18319e-09              
        6.63025     6.36639e-09              
        6.63086               0              
        6.63147     3.18319e-09              
        6.63208               0              
        6.63269               0              
         6.6333     6.36639e-09              
        6.63391     3.18319e-09              
        6.63452     6.36639e-09              
        6.63513               0              
        6.63574               0              
        6.63635     1.27328e-08              
        6.63696     3.18319e-09              
        6.63757     3.18319e-09              
        6.63818     3.18319e-09              
        6.63879     3.18319e-09              
         6.6394     9.54958e-09              
        6.64001               0              
        6.64062               0              
        6.64124     3.18319e-09              
        6.64185     6.36639e-09              
        6.64246     3.18319e-09              
        6.64307               0              
        6.64368     3.18319e-09              
        6.64429               0              
         6.6449               0              
        6.64551               0              
        6.64612     6.36639e-09              
        6.64673               0              
        6.64734     3.18319e-09              
        6.64795     6.36639e-09              
        6.64856               0              
        6.64917     3.18319e-09              
        6.64978     3.18319e-09              
        6.65039               0              
          6.651               0              
        6.65161               0              
        6.65222               0              
        6.65283     3.18319e-09              
        6.65344     6.36639e-09              
        6.65405     3.18319e-09              
        6.65466               0              
        6.65527     6.36639e-09              
        6.65588               0              
        6.65649               0              
         6.6571     3.18319e-09              
        6.65771               0              
        6.65833     3.18319e-09              
        6.65894               0              
        6.65955               0              
        6.66016     6.36639e-09              
        6.66077     6.36639e-09              
        6.66138               0              
        6.66199               0              
         6.6626     3.18319e-09              
        6.66321               0              
        6.66382     3.18319e-09              
        6.66443               0              
        6.66504               0              
        6.66565     6.36639e-09              
        6.66626     3.18319e-09              
        6.66687               0              
        6.66748               0              
        6.66809               0              
         6.6687               0              
        6.66931     3.18319e-09              
        6.66992               0              
        6.67053               0              
        6.67114     3.18319e-09              
        6.67175               0              
        6.67236     6.36639e-09              
        6.67297     6.36639e-09              
        6.67358               0              
        6.67419               0              
         6.6748               0              
        6.67542               0              
        6.67603     3.18319e-09              
        6.67664     3.18319e-09              
        6.67725     3.18319e-09              
        6.67786     3.18319e-09              
        6.67847     6.36639e-09              
        6.67908               0              
        6.67969     3.18319e-09              
         6.6803               0              
        6.68091     3.18319e-09              
        6.68152               0              
        6.68213     3.18319e-09              
        6.68274     3.18319e-09              
        6.68335               0              
        6.68396     3.18319e-09              
        6.68457               0              
        6.68518               0              
        6.68579               0              
         6.6864               0              
        6.68701     3.18319e-09              
        6.68762               0              
        6.68823     3.18319e-09              
        6.68884               0              
        6.68945               0              
        6.69006               0              
        6.69067     3.18319e-09              
        6.69128     6.36639e-09              
        6.69189               0              
         6.6925               0              
        6.69312               0              
        6.69373               0              
        6.69434               0              
        6.69495     3.18319e-09              
        6.69556     3.18319e-09              
        6.69617     3.18319e-09              
        6.69678               0              
        6.69739               0              
          6.698               0              
        6.69861     6.36639e-09              
        6.69922               0              
        6.69983     3.18319e-09              
        6.70044               0              
        6.70105     3.18319e-09              
        6.70166               0              
        6.70227     3.18319e-09              
        6.70288               0              
        6.70349     6.36639e-09              
         6.7041               0              
        6.70471               0              
        6.70532     3.18319e-09              
        6.70593               0              
        6.70654     3.18319e-09              
        6.70715     9.54958e-09              
        6.70776               0              
        6.70837     3.18319e-09              
        6.70898     3.18319e-09              
        6.70959               0              
        6.71021     6.36639e-09              
        6.71082               0              
        6.71143               0              
        6.71204               0              
        6.71265     3.18319e-09              
        6.71326               0              
        6.71387     6.36639e-09              
        6.71448               0              
        6.71509     6.36639e-09              
         6.7157     6.36639e-09              
        6.71631     3.18319e-09              
        6.71692     3.18319e-09              
        6.71753               0              
        6.71814               0              
        6.71875     6.36639e-09              
        6.71936               0              
        6.71997     3.18319e-09              
        6.72058               0              
        6.72119               0              
         6.7218               0              
        6.72241               0              
        6.72302     6.36639e-09              
        6.72363               0              
        6.72424     6.36639e-09              
        6.72485               0              
        6.72546     3.18319e-09              
        6.72607     3.18319e-09              
        6.72668     3.18319e-09              
        6.72729               0              
        6.72791     3.18319e-09              
        6.72852               0              
        6.72913               0              
        6.72974     3.18319e-09              
        6.73035     3.18319e-09              
        6.73096     3.18319e-09              
        6.73157     3.18319e-09              
        6.73218     6.36639e-09              
        6.73279     9.54958e-09              
         6.7334     6.36639e-09              
        6.73401     3.18319e-09              
        6.73462     3.18319e-09              
        6.73523     6.36639e-09              
        6.73584               0              
        6.73645               0              
        6.73706               0              
        6.73767     3.18319e-09              
        6.73828               0              
        6.73889               0              
         6.7395               0              
        6.74011               0              
        6.74072     3.18319e-09              
        6.74133               0              
        6.74194               0              
        6.74255               0              
        6.74316     6.36639e-09              
        6.74377     3.18319e-09              
        6.74438     6.36639e-09              
          6.745     3.18319e-09              
        6.74561               0              
        6.74622               0              
        6.74683               0              
        6.74744               0              
        6.74805     6.36639e-09              
        6.74866     6.36639e-09              
        6.74927               0              
        6.74988     3.18319e-09              
        6.75049               0              
         6.7511               0              
        6.75171     6.36639e-09              
        6.75232               0              
        6.75293               0              
        6.75354               0              
        6.75415     3.18319e-09              
        6.75476     9.54958e-09              
        6.75537     3.18319e-09              
        6.75598               0              
        6.75659     9.54958e-09              
         6.7572               0              
        6.75781     6.36639e-09              
        6.75842               0              
        6.75903     3.18319e-09              
        6.75964     6.36639e-09              
        6.76025               0              
        6.76086     3.18319e-09              
        6.76147     3.18319e-09              
        6.76208               0              
         6.7627     6.36639e-09              
        6.76331     6.36639e-09              
        6.76392     3.18319e-09              
        6.76453     3.18319e-09              
        6.76514               0              
        6.76575               0              
        6.76636               0              
        6.76697               0              
        6.76758               0              
        6.76819     3.18319e-09              
         6.7688     6.36639e-09              
        6.76941               0              
        6.77002               0              
        6.77063               0              
        6.77124               0              
        6.77185     3.18319e-09              
        6.77246               0              
        6.77307               0              
        6.77368               0              
        6.77429               0              
         6.7749               0              
        6.77551               0              
        6.77612               0              
        6.77673     3.18319e-09              
        6.77734     6.36639e-09              
        6.77795               0              
        6.77856     3.18319e-09              
        6.77917               0              
        6.77979               0              
         6.7804               0              
        6.78101     6.36639e-09              
        6.78162               0              
        6.78223               0              
        6.78284     3.18319e-09              
        6.78345     3.18319e-09              
        6.78406               0              
        6.78467     3.18319e-09              
        6.78528     9.54958e-09              
        6.78589               0              
         6.7865     3.18319e-09              
        6.78711               0              
        6.78772     6.36639e-09              
        6.78833               0              
        6.78894               0              
        6.78955               0              
        6.79016     3.18319e-09              
        6.79077     3.18319e-09              
        6.79138               0              
        6.79199     6.36639e-09              
         6.7926     3.18319e-09              
        6.79321     3.18319e-09              
        6.79382               0              
        6.79443               0              
        6.79504     3.18319e-09              
        6.79565               0              
        6.79626     3.18319e-09              
        6.79688     6.36639e-09              
        6.79749     3.18319e-09              
         6.7981               0              
        6.79871     3.18319e-09              
        6.79932     6.36639e-09              
        6.79993               0              
        6.80054               0              
        6.80115     3.18319e-09              
        6.80176     3.18319e-09              
        6.80237               0              
        6.80298               0              
        6.80359               0              
         6.8042     6.36639e-09              
        6.80481               0              
        6.80542               0              
        6.80603               0              
        6.80664     3.18319e-09              
        6.80725               0              
        6.80786               0              
        6.80847               0              
        6.80908     3.18319e-09              
        6.80969     6.36639e-09              
         6.8103               0              
        6.81091     6.36639e-09              
        6.81152     6.36639e-09              
        6.81213               0              
        6.81274     3.18319e-09              
        6.81335     3.18319e-09              
        6.81396     6.36639e-09              
        6.81458     3.18319e-09              
        6.81519     3.18319e-09              
         6.8158               0              
        6.81641               0              
        6.81702     6.36639e-09              
        6.81763     6.36639e-09              
        6.81824     3.18319e-09              
        6.81885     6.36639e-09              
        6.81946               0              
        6.82007               0              
        6.82068               0              
        6.82129               0              
         6.8219               0              
        6.82251     3.18319e-09              
        6.82312     3.18319e-09              
        6.82373     3.18319e-09              
        6.82434               0              
        6.82495               0              
        6.82556     3.18319e-09              
        6.82617               0              
        6.82678               0              
        6.82739               0              
          6.828               0              
        6.82861               0              
        6.82922     3.18319e-09              
        6.82983     1.27328e-08              
        6.83044     6.36639e-09              
        6.83105               0              
        6.83167     3.18319e-09              
        6.83228     3.18319e-09              
        6.83289               0              
         6.8335               0              
        6.83411               0              
        6.83472     3.18319e-09              
        6.83533               0              
        6.83594     3.18319e-09              
        6.83655     3.18319e-09              
        6.83716     9.54958e-09              
        6.83777     3.18319e-09              
        6.83838               0              
        6.83899               0              
         6.8396               0              
        6.84021     3.18319e-09              
        6.84082     6.36639e-09              
        6.84143               0              
        6.84204     3.18319e-09              
        6.84265     6.36639e-09              
        6.84326               0              
        6.84387               0              
        6.84448     6.36639e-09              
        6.84509               0              
         6.8457     3.18319e-09              
        6.84631               0              
        6.84692               0              
        6.84753     6.36639e-09              
        6.84814               0              
        6.84875     3.18319e-09              
        6.84937               0              
        6.84998     6.36639e-09              
        6.85059               0              
         6.8512               0              
        6.85181     3.18319e-09              
        6.85242               0              
        6.85303               0              
        6.85364     3.18319e-09              
        6.85425               0              
        6.85486               0              
        6.85547     3.18319e-09              
        6.85608               0              
        6.85669     3.18319e-09              
         6.8573               0              
        6.85791               0              
        6.85852     3.18319e-09              
        6.85913     3.18319e-09              
        6.85974     3.18319e-09              
        6.86035               0              
        6.86096     6.36639e-09              
        6.86157     3.18319e-09              
        6.86218     3.18319e-09              
        6.86279     3.18319e-09              
         6.8634               0              
        6.86401               0              
        6.86462               0              
        6.86523               0              
        6.86584               0              
        6.86646     3.18319e-09              
        6.86707               0              
        6.86768               0              
        6.86829     3.18319e-09              
         6.8689     3.18319e-09              
        6.86951     6.36639e-09              
        6.87012               0              
        6.87073               0              
        6.87134               0              
        6.87195     3.18319e-09              
        6.87256     6.36639e-09              
        6.87317               0              
        6.87378               0              
        6.87439               0              
          6.875     1.27328e-08              
        6.87561     3.18319e-09              
        6.87622     3.18319e-09              
        6.87683               0              
        6.87744               0              
        6.87805               0              
        6.87866               0              
        6.87927               0              
        6.87988               0              
        6.88049     3.18319e-09              
         6.8811     6.36639e-09              
        6.88171               0              
        6.88232     3.18319e-09              
        6.88293     3.18319e-09              
        6.88354               0              
        6.88416               0              
        6.88477               0              
        6.88538     3.18319e-09              
        6.88599     3.18319e-09              
         6.8866     3.18319e-09              
        6.88721     3.18319e-09              
        6.88782               0              
        6.88843     6.36639e-09              
        6.88904     3.18319e-09              
        6.88965               0              
        6.89026     3.18319e-09              
        6.89087     3.18319e-09              
        6.89148     3.18319e-09              
        6.89209               0              
         6.8927     3.18319e-09              
        6.89331     3.18319e-09              
        6.89392     6.36639e-09              
        6.89453               0              
        6.89514               0              
        6.89575     3.18319e-09              
        6.89636               0              
        6.89697               0              
        6.89758     6.36639e-09              
        6.89819               0              
         6.8988               0              
        6.89941               0              
        6.90002     3.18319e-09              
        6.90063     3.18319e-09              
        6.90125     3.18319e-09              
        6.90186               0              
        6.90247               0              
        6.90308     3.18319e-09              
        6.90369               0              
         6.9043     3.18319e-09              
        6.90491               0              
        6.90552               0              
        6.90613               0              
        6.90674               0              
        6.90735               0              
        6.90796     3.18319e-09              
        6.90857               0              
        6.90918               0              
        6.90979     3.18319e-09              
         6.9104               0              
        6.91101               0              
        6.91162               0              
        6.91223               0              
        6.91284     3.18319e-09              
        6.91345     3.18319e-09              
        6.91406     3.18319e-09              
        6.91467     6.36639e-09              
        6.91528      1.5916e-08              
        6.91589               0              
         6.9165     3.18319e-09              
        6.91711     3.18319e-09              
        6.91772               0              
        6.91833     6.36639e-09              
        6.91895     3.18319e-09              
        6.91956               0              
        6.92017               0              
        6.92078               0              
        6.92139     3.18319e-09              
          6.922               0              
        6.92261     6.36639e-09              
        6.92322               0              
        6.92383     3.18319e-09              
        6.92444               0              
        6.92505               0              
        6.92566               0              
        6.92627               0              
        6.92688     3.18319e-09              
        6.92749     6.36639e-09              
         6.9281     3.18319e-09              
        6.92871               0              
        6.92932               0              
        6.92993     3.18319e-09              
        6.93054     9.54958e-09              
        6.93115               0              
        6.93176     3.18319e-09              
        6.93237               0              
        6.93298               0              
        6.93359     3.18319e-09              
         6.9342               0              
        6.93481     6.36639e-09              
        6.93542               0              
        6.93604               0              
        6.93665               0              
        6.93726               0              
        6.93787               0              
        6.93848               0              
        6.93909               0              
         6.9397               0              
        6.94031     3.18319e-09              
        6.94092     6.36639e-09              
        6.94153               0              
        6.94214               0              
        6.94275               0              
        6.94336               0              
        6.94397               0              
        6.94458     3.18319e-09              
        6.94519               0              
         6.9458               0              
        6.94641               0              
        6.94702               0              
        6.94763     9.54958e-09              
        6.94824               0              
        6.94885               0              
        6.94946     3.18319e-09              
        6.95007     3.18319e-09              
        6.95068               0              
        6.95129     3.18319e-09              
         6.9519     6.36639e-09              
        6.95251               0              
        6.95312               0              
        6.95374     3.18319e-09              
        6.95435               0              
        6.95496               0              
        6.95557               0              
        6.95618               0              
        6.95679     9.54958e-09              
         6.9574               0              
        6.95801               0              
        6.95862     6.36639e-09              
        6.95923               0              
        6.95984               0              
        6.96045     3.18319e-09              
        6.96106               0              
        6.96167               0              
        6.96228               0              
        6.96289               0              
         6.9635               0              
        6.96411               0              
        6.96472     6.36639e-09              
        6.96533     3.18319e-09              
        6.96594     3.18319e-09              
        6.96655               0              
        6.96716               0              
        6.96777               0              
        6.96838               0              
        6.96899               0              
         6.9696     6.36639e-09              
        6.97021     3.18319e-09              
        6.97083               0              
        6.97144               0              
        6.97205     3.18319e-09              
        6.97266               0              
        6.97327               0              
        6.97388               0              
        6.97449               0              
         6.9751     6.36639e-09              
        6.97571     3.18319e-09              
        6.97632               0              
        6.97693               0              
        6.97754     6.36639e-09              
        6.97815               0              
        6.97876               0              
        6.97937     3.18319e-09              
        6.97998               0              
        6.98059     3.18319e-09              
         6.9812               0              
        6.98181               0              
        6.98242     3.18319e-09              
        6.98303     3.18319e-09              
        6.98364     3.18319e-09              
        6.98425               0              
        6.98486     3.18319e-09              
        6.98547               0              
        6.98608               0              
        6.98669               0              
         6.9873     3.18319e-09              
        6.98792     3.18319e-09              
        6.98853               0              
        6.98914               0              
        6.98975     9.54958e-09              
        6.99036               0              
        6.99097               0              
        6.99158               0              
        6.99219               0              
         6.9928     3.18319e-09              
        6.99341               0              
        6.99402               0              
        6.99463               0              
        6.99524               0              
        6.99585     3.18319e-09              
        6.99646     3.18319e-09              
        6.99707     3.18319e-09              
        6.99768               0              
