              0     1.27328e-08              
    0.000610352               0              
      0.0012207     1.90992e-08              
     0.00183105               0              
     0.00244141     6.36639e-09              
     0.00305176               0              
     0.00366211               0              
     0.00427246               0              
     0.00488281               0              
     0.00549316               0              
     0.00610352               0              
     0.00671387               0              
     0.00732422               0              
     0.00793457     3.18319e-09              
     0.00854492               0              
     0.00915527     3.18319e-09              
     0.00976562     3.18319e-09              
       0.010376               0              
      0.0109863               0              
      0.0115967               0              
       0.012207               0              
      0.0128174     3.18319e-09              
      0.0134277     3.18319e-09              
      0.0140381               0              
      0.0146484     3.18319e-09              
      0.0152588               0              
      0.0158691               0              
      0.0164795     9.54958e-09              
      0.0170898     9.54958e-08              
      0.0177002     1.27328e-07              
      0.0183105     1.27328e-07              
      0.0189209      9.8679e-08              
      0.0195312     9.54958e-08              
      0.0201416     6.36639e-08              
       0.020752     6.04807e-08              
      0.0213623      8.2763e-08              
      0.0219727      6.6847e-08              
       0.022583      6.6847e-08              
      0.0231934     1.05045e-07              
      0.0238037     7.00302e-08              
      0.0244141     6.36639e-08              
      0.0250244     7.95798e-08              
      0.0256348     1.08229e-07              
      0.0262451     8.59462e-08              
      0.0268555     1.17778e-07              
      0.0274658     1.33694e-07              
      0.0280762     1.01862e-07              
      0.0286865     1.20961e-07              
      0.0292969     1.62343e-07              
      0.0299072     1.78259e-07              
      0.0305176     2.10091e-07              
      0.0311279     2.67388e-07              
      0.0317383     2.86487e-07              
      0.0323486     3.21502e-07              
       0.032959     3.31052e-07              
      0.0335693     3.50151e-07              
      0.0341797     4.36097e-07              
        0.03479     4.36097e-07              
      0.0354004      4.4883e-07              
      0.0360107     4.61563e-07              
      0.0366211     4.80662e-07              
      0.0372314      5.3796e-07              
      0.0378418     5.79341e-07              
      0.0384521     5.79341e-07              
      0.0390625     6.01623e-07              
      0.0396729     5.88891e-07              
      0.0402832     5.76158e-07              
      0.0408936     7.32134e-07              
      0.0415039     6.97119e-07              
      0.0421143      6.8757e-07              
      0.0427246     7.32134e-07              
       0.043335     7.09852e-07              
      0.0439453     7.25768e-07              
      0.0445557     8.02165e-07              
       0.045166     6.55738e-07              
      0.0457764       7.576e-07              
      0.0463867     7.63966e-07              
      0.0469971     7.60783e-07              
      0.0476074     7.92615e-07              
      0.0482178     8.11714e-07              
      0.0488281     7.79882e-07              
      0.0494385     7.98981e-07              
      0.0500488     7.98981e-07              
      0.0506592     7.89432e-07              
      0.0512695     7.63966e-07              
      0.0518799     8.59462e-07              
      0.0524902     7.79882e-07              
      0.0531006     7.54417e-07              
      0.0537109     7.89432e-07              
      0.0543213     7.38501e-07              
      0.0549316     8.11714e-07              
       0.055542     7.95798e-07              
      0.0561523     7.98981e-07              
      0.0567627     7.92615e-07              
       0.057373     7.98981e-07              
      0.0579834     8.56279e-07              
      0.0585938     7.76699e-07              
      0.0592041     7.95798e-07              
      0.0598145     7.41684e-07              
      0.0604248     7.38501e-07              
      0.0610352     7.22585e-07              
      0.0616455     6.93936e-07              
      0.0622559     7.79882e-07              
      0.0628662     7.38501e-07              
      0.0634766     7.44867e-07              
      0.0640869     7.70333e-07              
      0.0646973     7.79882e-07              
      0.0653076       7.576e-07              
       0.065918     7.51233e-07              
      0.0665283     7.89432e-07              
      0.0671387     7.54417e-07              
       0.067749     6.90753e-07              
      0.0683594     7.16218e-07              
      0.0689697     7.28951e-07              
      0.0695801     7.67149e-07              
      0.0701904     7.22585e-07              
      0.0708008     6.30272e-07              
      0.0714111      7.4805e-07              
      0.0720215     6.65287e-07              
      0.0726318     7.16218e-07              
      0.0732422     6.52555e-07              
      0.0738525     6.65287e-07              
      0.0744629     6.55738e-07              
      0.0750732     6.81203e-07              
      0.0756836     6.17539e-07              
      0.0762939     7.22585e-07              
      0.0769043      6.8757e-07              
      0.0775146     6.71654e-07              
       0.078125     8.14897e-07              
      0.0787354     5.92074e-07              
      0.0793457     6.30272e-07              
      0.0799561     7.38501e-07              
      0.0805664     6.17539e-07              
      0.0811768     6.01623e-07              
      0.0817871     6.27089e-07              
      0.0823975     6.39822e-07              
      0.0830078     6.36639e-07              
      0.0836182     6.14356e-07              
      0.0842285     5.95257e-07              
      0.0848389     5.57059e-07              
      0.0854492     6.30272e-07              
      0.0860596     5.57059e-07              
      0.0866699     6.27089e-07              
      0.0872803     5.69792e-07              
      0.0878906     5.25227e-07              
       0.088501     5.92074e-07              
      0.0891113     6.33455e-07              
      0.0897217     5.44326e-07              
       0.090332     5.31593e-07              
      0.0909424     5.82524e-07              
      0.0915527      6.0799e-07              
      0.0921631     6.23906e-07              
      0.0927734     5.47509e-07              
      0.0933838     5.63425e-07              
      0.0939941     5.95257e-07              
      0.0946045     5.88891e-07              
      0.0952148     6.17539e-07              
      0.0958252     5.12494e-07              
      0.0964355     6.04807e-07              
      0.0970459     5.31593e-07              
      0.0976562     5.50692e-07              
      0.0982666     5.53876e-07              
       0.098877     5.53876e-07              
      0.0994873     5.47509e-07              
       0.100098     5.79341e-07              
       0.100708     5.66608e-07              
       0.101318      5.2841e-07              
       0.101929      5.9844e-07              
       0.102539     4.83845e-07              
       0.103149     5.63425e-07              
        0.10376     5.88891e-07              
        0.10437     5.82524e-07              
        0.10498     5.25227e-07              
       0.105591     5.50692e-07              
       0.106201     5.50692e-07              
       0.106812      5.3796e-07              
       0.107422     5.53876e-07              
       0.108032      5.2841e-07              
       0.108643     5.60242e-07              
       0.109253      5.1886e-07              
       0.109863     5.72975e-07              
       0.110474     4.45647e-07              
       0.111084     5.31593e-07              
       0.111694     4.71113e-07              
       0.112305      5.2841e-07              
       0.112915     5.06128e-07              
       0.113525     5.02944e-07              
       0.114136     5.66608e-07              
       0.114746     5.34776e-07              
       0.115356      4.4883e-07              
       0.115967     4.83845e-07              
       0.116577     5.02944e-07              
       0.117188     4.13815e-07              
       0.117798     4.45647e-07              
       0.118408     4.32914e-07              
       0.119019     4.74296e-07              
       0.119629     5.09311e-07              
       0.120239     4.80662e-07              
        0.12085     4.61563e-07              
        0.12146     4.42464e-07              
        0.12207      4.5838e-07              
       0.122681     4.29731e-07              
       0.123291     5.02944e-07              
       0.123901     3.72434e-07              
       0.124512     4.07449e-07              
       0.125122      4.4883e-07              
       0.125732     4.36097e-07              
       0.126343     4.36097e-07              
       0.126953     4.45647e-07              
       0.127563      4.5838e-07              
       0.128174     4.45647e-07              
       0.128784     3.85166e-07              
       0.129395      3.6925e-07              
       0.130005      3.8835e-07              
       0.130615     4.61563e-07              
       0.131226      4.5838e-07              
       0.131836      3.6925e-07              
       0.132446     4.07449e-07              
       0.133057     4.16998e-07              
       0.133667     3.91533e-07              
       0.134277     4.13815e-07              
       0.134888     4.39281e-07              
       0.135498     3.62884e-07              
       0.136108     3.46968e-07              
       0.136719     3.05587e-07              
       0.137329     3.97899e-07              
       0.137939     3.18319e-07              
        0.13855     4.07449e-07              
        0.13916     4.20181e-07              
       0.139771     3.40602e-07              
       0.140381     3.66067e-07              
       0.140991     3.62884e-07              
       0.141602     3.34235e-07              
       0.142212     3.62884e-07              
       0.142822     3.85166e-07              
       0.143433     3.97899e-07              
       0.144043     3.97899e-07              
       0.144653     3.94716e-07              
       0.145264     3.81983e-07              
       0.145874     3.62884e-07              
       0.146484     3.62884e-07              
       0.147095     3.05587e-07              
       0.147705     3.75617e-07              
       0.148315     3.53334e-07              
       0.148926     3.18319e-07              
       0.149536     3.31052e-07              
       0.150146     2.80121e-07              
       0.150757     3.24686e-07              
       0.151367     2.96037e-07              
       0.151978     2.76938e-07              
       0.152588     3.02403e-07              
       0.153198     3.31052e-07              
       0.153809     3.75617e-07              
       0.154419     3.40602e-07              
       0.155029     3.11953e-07              
        0.15564     2.89671e-07              
        0.15625       3.788e-07              
        0.15686      2.9922e-07              
       0.157471     2.96037e-07              
       0.158081     3.15136e-07              
       0.158691     3.37418e-07              
       0.159302     2.96037e-07              
       0.159912     2.89671e-07              
       0.160522     3.40602e-07              
       0.161133     3.31052e-07              
       0.161743     2.92854e-07              
       0.162354      2.9922e-07              
       0.162964     3.31052e-07              
       0.163574     3.05587e-07              
       0.164185     3.27869e-07              
       0.164795     2.86487e-07              
       0.165405     2.32373e-07              
       0.166016     3.18319e-07              
       0.166626     2.80121e-07              
       0.167236     3.27869e-07              
       0.167847     2.67388e-07              
       0.168457     2.83304e-07              
       0.169067     2.70571e-07              
       0.169678     2.26007e-07              
       0.170288     3.05587e-07              
       0.170898     2.16457e-07              
       0.171509     2.26007e-07              
       0.172119     2.54655e-07              
       0.172729     2.48289e-07              
        0.17334     2.73755e-07              
        0.17395     3.31052e-07              
       0.174561     2.38739e-07              
       0.175171     3.02403e-07              
       0.175781     2.76938e-07              
       0.176392     2.73755e-07              
       0.177002     3.21502e-07              
       0.177612     3.21502e-07              
       0.178223     2.00541e-07              
       0.178833     3.15136e-07              
       0.179443     2.83304e-07              
       0.180054     3.05587e-07              
       0.180664     2.57839e-07              
       0.181274      2.1964e-07              
       0.181885     1.97358e-07              
       0.182495     2.76938e-07              
       0.183105     2.38739e-07              
       0.183716      2.2919e-07              
       0.184326     2.57839e-07              
       0.184937     2.45106e-07              
       0.185547     3.24686e-07              
       0.186157     2.64205e-07              
       0.186768     2.45106e-07              
       0.187378     2.38739e-07              
       0.187988     2.41923e-07              
       0.188599     2.41923e-07              
       0.189209     2.00541e-07              
       0.189819     2.16457e-07              
        0.19043     2.61022e-07              
        0.19104     2.41923e-07              
        0.19165     2.41923e-07              
       0.192261     2.03724e-07              
       0.192871     2.41923e-07              
       0.193481     2.38739e-07              
       0.194092     1.71892e-07              
       0.194702     2.13274e-07              
       0.195312     1.94175e-07              
       0.195923     2.06908e-07              
       0.196533      2.1964e-07              
       0.197144     2.16457e-07              
       0.197754     2.48289e-07              
       0.198364     2.06908e-07              
       0.198975     2.13274e-07              
       0.199585     2.26007e-07              
       0.200195      2.2919e-07              
       0.200806     2.10091e-07              
       0.201416     1.97358e-07              
       0.202026     2.41923e-07              
       0.202637     2.00541e-07              
       0.203247     1.97358e-07              
       0.203857     1.94175e-07              
       0.204468     1.97358e-07              
       0.205078     2.13274e-07              
       0.205688     2.38739e-07              
       0.206299     2.38739e-07              
       0.206909     1.84625e-07              
        0.20752      2.1964e-07              
        0.20813     1.65526e-07              
        0.20874     1.87808e-07              
       0.209351     2.13274e-07              
       0.209961     2.22823e-07              
       0.210571     1.97358e-07              
       0.211182     2.03724e-07              
       0.211792     2.48289e-07              
       0.212402     2.35556e-07              
       0.213013     2.10091e-07              
       0.213623     2.64205e-07              
       0.214233      1.5916e-07              
       0.214844      2.1964e-07              
       0.215454     2.03724e-07              
       0.216064     2.61022e-07              
       0.216675     1.52793e-07              
       0.217285     1.81442e-07              
       0.217896     2.22823e-07              
       0.218506     1.75076e-07              
       0.219116     1.65526e-07              
       0.219727     1.46427e-07              
       0.220337     1.52793e-07              
       0.220947     2.03724e-07              
       0.221558     1.55976e-07              
       0.222168     1.65526e-07              
       0.222778     1.68709e-07              
       0.223389     1.52793e-07              
       0.223999     1.62343e-07              
       0.224609     2.13274e-07              
        0.22522     2.00541e-07              
        0.22583     2.10091e-07              
        0.22644      2.1964e-07              
       0.227051     1.30511e-07              
       0.227661     1.68709e-07              
       0.228271     2.10091e-07              
       0.228882     1.75076e-07              
       0.229492     1.78259e-07              
       0.230103     1.71892e-07              
       0.230713      1.4006e-07              
       0.231323     1.84625e-07              
       0.231934      1.4961e-07              
       0.232544     1.46427e-07              
       0.233154     1.87808e-07              
       0.233765     1.33694e-07              
       0.234375     1.65526e-07              
       0.234985     1.75076e-07              
       0.235596     1.33694e-07              
       0.236206     1.24145e-07              
       0.236816     1.52793e-07              
       0.237427      1.5916e-07              
       0.238037     1.65526e-07              
       0.238647     1.68709e-07              
       0.239258      1.4961e-07              
       0.239868     1.52793e-07              
       0.240479     1.62343e-07              
       0.241089     1.52793e-07              
       0.241699     1.33694e-07              
        0.24231     1.55976e-07              
        0.24292     1.24145e-07              
        0.24353     1.52793e-07              
       0.244141     1.46427e-07              
       0.244751     1.68709e-07              
       0.245361     1.65526e-07              
       0.245972     1.27328e-07              
       0.246582     1.52793e-07              
       0.247192     1.75076e-07              
       0.247803     1.46427e-07              
       0.248413     1.11412e-07              
       0.249023     1.78259e-07              
       0.249634     8.91294e-08              
       0.250244     1.75076e-07              
       0.250854     1.65526e-07              
       0.251465     1.36877e-07              
       0.252075     1.24145e-07              
       0.252686     1.75076e-07              
       0.253296     1.75076e-07              
       0.253906     1.65526e-07              
       0.254517     8.91294e-08              
       0.255127     1.62343e-07              
       0.255737     1.24145e-07              
       0.256348     1.65526e-07              
       0.256958     1.36877e-07              
       0.257568     1.01862e-07              
       0.258179      1.4961e-07              
       0.258789     1.27328e-07              
       0.259399     1.46427e-07              
        0.26001      1.4006e-07              
        0.26062     1.36877e-07              
        0.26123     1.24145e-07              
       0.261841      1.4006e-07              
       0.262451      1.4961e-07              
       0.263062      1.4006e-07              
       0.263672     1.30511e-07              
       0.264282     1.11412e-07              
       0.264893     1.36877e-07              
       0.265503     1.27328e-07              
       0.266113     1.05045e-07              
       0.266724     1.30511e-07              
       0.267334      1.5916e-07              
       0.267944     1.36877e-07              
       0.268555     1.17778e-07              
       0.269165     1.20961e-07              
       0.269775     1.81442e-07              
       0.270386      1.4961e-07              
       0.270996     9.23126e-08              
       0.271606     1.01862e-07              
       0.272217     1.30511e-07              
       0.272827      1.4006e-07              
       0.273438     8.91294e-08              
       0.274048     1.20961e-07              
       0.274658     1.62343e-07              
       0.275269     1.33694e-07              
       0.275879     1.20961e-07              
       0.276489     1.36877e-07              
         0.2771     1.08229e-07              
        0.27771     9.54958e-08              
        0.27832     9.54958e-08              
       0.278931     1.24145e-07              
       0.279541     1.36877e-07              
       0.280151     1.05045e-07              
       0.280762     1.27328e-07              
       0.281372     1.33694e-07              
       0.281982     1.17778e-07              
       0.282593     1.14595e-07              
       0.283203     7.00302e-08              
       0.283813     1.55976e-07              
       0.284424      2.1964e-07              
       0.285034     1.17778e-07              
       0.285645     1.17778e-07              
       0.286255      9.8679e-08              
       0.286865      9.8679e-08              
       0.287476      1.4006e-07              
       0.288086     7.32134e-08              
       0.288696     1.05045e-07              
       0.289307     1.17778e-07              
       0.289917     9.23126e-08              
       0.290527     1.11412e-07              
       0.291138     1.01862e-07              
       0.291748     7.32134e-08              
       0.292358     1.14595e-07              
       0.292969     1.01862e-07              
       0.293579     1.17778e-07              
       0.294189     1.14595e-07              
         0.2948     1.17778e-07              
        0.29541     1.08229e-07              
       0.296021     1.33694e-07              
       0.296631     1.11412e-07              
       0.297241     1.24145e-07              
       0.297852      9.8679e-08              
       0.298462     9.23126e-08              
       0.299072     1.08229e-07              
       0.299683     6.04807e-08              
       0.300293      6.6847e-08              
       0.300903     1.11412e-07              
       0.301514     9.54958e-08              
       0.302124     6.36639e-08              
       0.302734     7.95798e-08              
       0.303345      8.2763e-08              
       0.303955     1.11412e-07              
       0.304565      9.8679e-08              
       0.305176     1.17778e-07              
       0.305786     8.59462e-08              
       0.306396     1.27328e-07              
       0.307007     8.59462e-08              
       0.307617     9.54958e-08              
       0.308228     1.01862e-07              
       0.308838     7.95798e-08              
       0.309448     1.14595e-07              
       0.310059     1.05045e-07              
       0.310669     1.08229e-07              
       0.311279     1.01862e-07              
        0.31189     9.54958e-08              
         0.3125     7.00302e-08              
        0.31311      8.2763e-08              
       0.313721     1.17778e-07              
       0.314331     1.05045e-07              
       0.314941     7.32134e-08              
       0.315552     5.09311e-08              
       0.316162     9.54958e-08              
       0.316772      9.8679e-08              
       0.317383     9.23126e-08              
       0.317993     7.95798e-08              
       0.318604     9.23126e-08              
       0.319214      9.8679e-08              
       0.319824     1.05045e-07              
       0.320435      8.2763e-08              
       0.321045     7.95798e-08              
       0.321655     9.23126e-08              
       0.322266     1.05045e-07              
       0.322876     9.54958e-08              
       0.323486      8.2763e-08              
       0.324097     1.11412e-07              
       0.324707     7.00302e-08              
       0.325317     8.59462e-08              
       0.325928     5.72975e-08              
       0.326538     1.11412e-07              
       0.327148     9.54958e-08              
       0.327759     7.95798e-08              
       0.328369      8.2763e-08              
       0.328979     1.05045e-07              
        0.32959     5.72975e-08              
         0.3302     6.36639e-08              
       0.330811     1.11412e-07              
       0.331421     9.23126e-08              
       0.332031     6.04807e-08              
       0.332642     1.01862e-07              
       0.333252     9.23126e-08              
       0.333862     7.63966e-08              
       0.334473     7.32134e-08              
       0.335083     7.00302e-08              
       0.335693     6.04807e-08              
       0.336304     9.23126e-08              
       0.336914     8.59462e-08              
       0.337524     8.59462e-08              
       0.338135      6.6847e-08              
       0.338745     7.32134e-08              
       0.339355     7.00302e-08              
       0.339966     7.95798e-08              
       0.340576      9.8679e-08              
       0.341187     9.54958e-08              
       0.341797      6.6847e-08              
       0.342407     5.72975e-08              
       0.343018     8.59462e-08              
       0.343628     7.63966e-08              
       0.344238     1.14595e-07              
       0.344849     5.41143e-08              
       0.345459     7.63966e-08              
       0.346069      9.8679e-08              
        0.34668      8.2763e-08              
        0.34729     9.54958e-08              
         0.3479     7.00302e-08              
       0.348511     8.59462e-08              
       0.349121     9.23126e-08              
       0.349731      6.6847e-08              
       0.350342     7.00302e-08              
       0.350952     6.36639e-08              
       0.351562     6.36639e-08              
       0.352173     5.72975e-08              
       0.352783     5.41143e-08              
       0.353394     8.59462e-08              
       0.354004     6.36639e-08              
       0.354614     8.59462e-08              
       0.355225      9.8679e-08              
       0.355835     9.23126e-08              
       0.356445     7.63966e-08              
       0.357056     7.95798e-08              
       0.357666     7.00302e-08              
       0.358276     5.72975e-08              
       0.358887     9.23126e-08              
       0.359497     7.95798e-08              
       0.360107     7.32134e-08              
       0.360718     5.72975e-08              
       0.361328      8.2763e-08              
       0.361938     5.72975e-08              
       0.362549     7.32134e-08              
       0.363159     6.36639e-08              
        0.36377     5.72975e-08              
        0.36438     4.45647e-08              
        0.36499      6.6847e-08              
       0.365601      8.2763e-08              
       0.366211     7.95798e-08              
       0.366821      8.2763e-08              
       0.367432      8.2763e-08              
       0.368042     5.41143e-08              
       0.368652     8.91294e-08              
       0.369263     7.63966e-08              
       0.369873      6.6847e-08              
       0.370483     5.09311e-08              
       0.371094     4.13815e-08              
       0.371704     7.63966e-08              
       0.372314      6.6847e-08              
       0.372925     4.45647e-08              
       0.373535     4.45647e-08              
       0.374146      6.6847e-08              
       0.374756     9.23126e-08              
       0.375366     4.77479e-08              
       0.375977     9.54958e-08              
       0.376587      8.2763e-08              
       0.377197     6.36639e-08              
       0.377808     5.72975e-08              
       0.378418     9.54958e-08              
       0.379028     6.04807e-08              
       0.379639     5.09311e-08              
       0.380249      6.6847e-08              
       0.380859     7.32134e-08              
        0.38147     3.81983e-08              
        0.38208     6.04807e-08              
        0.38269     6.36639e-08              
       0.383301     7.95798e-08              
       0.383911     5.72975e-08              
       0.384521     3.81983e-08              
       0.385132     6.36639e-08              
       0.385742      6.6847e-08              
       0.386353     1.01862e-07              
       0.386963      6.6847e-08              
       0.387573      6.6847e-08              
       0.388184      6.6847e-08              
       0.388794      6.6847e-08              
       0.389404     4.77479e-08              
       0.390015      6.6847e-08              
       0.390625     5.41143e-08              
       0.391235     5.72975e-08              
       0.391846     4.77479e-08              
       0.392456     6.36639e-08              
       0.393066     7.32134e-08              
       0.393677     6.04807e-08              
       0.394287     7.00302e-08              
       0.394897     9.54958e-08              
       0.395508     5.41143e-08              
       0.396118     8.91294e-08              
       0.396729     7.00302e-08              
       0.397339     7.95798e-08              
       0.397949     6.36639e-08              
        0.39856      6.6847e-08              
        0.39917      8.2763e-08              
        0.39978     5.09311e-08              
       0.400391     5.41143e-08              
       0.401001     7.95798e-08              
       0.401611     5.41143e-08              
       0.402222     3.18319e-08              
       0.402832     7.63966e-08              
       0.403442     5.41143e-08              
       0.404053     3.81983e-08              
       0.404663     4.77479e-08              
       0.405273     7.95798e-08              
       0.405884     8.91294e-08              
       0.406494     5.72975e-08              
       0.407104     7.32134e-08              
       0.407715     7.32134e-08              
       0.408325     4.77479e-08              
       0.408936      6.6847e-08              
       0.409546     3.50151e-08              
       0.410156     7.95798e-08              
       0.410767     4.77479e-08              
       0.411377     3.81983e-08              
       0.411987     6.36639e-08              
       0.412598     5.41143e-08              
       0.413208     5.09311e-08              
       0.413818     3.50151e-08              
       0.414429     5.72975e-08              
       0.415039     5.41143e-08              
       0.415649     7.32134e-08              
        0.41626     6.04807e-08              
        0.41687     6.04807e-08              
        0.41748     6.04807e-08              
       0.418091     6.04807e-08              
       0.418701      8.2763e-08              
       0.419312     7.00302e-08              
       0.419922     7.32134e-08              
       0.420532      6.6847e-08              
       0.421143     6.36639e-08              
       0.421753     6.36639e-08              
       0.422363     5.72975e-08              
       0.422974     4.45647e-08              
       0.423584     4.13815e-08              
       0.424194     5.72975e-08              
       0.424805     6.04807e-08              
       0.425415     5.09311e-08              
       0.426025     4.45647e-08              
       0.426636     4.13815e-08              
       0.427246     4.13815e-08              
       0.427856     4.77479e-08              
       0.428467     4.77479e-08              
       0.429077     3.81983e-08              
       0.429688     5.72975e-08              
       0.430298     3.50151e-08              
       0.430908     4.45647e-08              
       0.431519     6.36639e-08              
       0.432129     4.13815e-08              
       0.432739     3.18319e-08              
        0.43335     6.04807e-08              
        0.43396     4.77479e-08              
        0.43457     6.36639e-08              
       0.435181     6.36639e-08              
       0.435791     5.41143e-08              
       0.436401     5.72975e-08              
       0.437012     7.32134e-08              
       0.437622     4.77479e-08              
       0.438232     4.77479e-08              
       0.438843     4.13815e-08              
       0.439453     3.50151e-08              
       0.440063     5.09311e-08              
       0.440674      6.6847e-08              
       0.441284     4.13815e-08              
       0.441895     6.04807e-08              
       0.442505     4.13815e-08              
       0.443115     5.72975e-08              
       0.443726      6.6847e-08              
       0.444336     3.81983e-08              
       0.444946     5.41143e-08              
       0.445557     7.00302e-08              
       0.446167     4.45647e-08              
       0.446777     3.50151e-08              
       0.447388     5.72975e-08              
       0.447998     6.36639e-08              
       0.448608     6.04807e-08              
       0.449219     5.72975e-08              
       0.449829     6.04807e-08              
       0.450439     6.36639e-08              
        0.45105     4.77479e-08              
        0.45166     3.81983e-08              
       0.452271     4.45647e-08              
       0.452881     4.45647e-08              
       0.453491     3.18319e-08              
       0.454102     3.18319e-08              
       0.454712      6.6847e-08              
       0.455322     7.00302e-08              
       0.455933     5.72975e-08              
       0.456543     5.09311e-08              
       0.457153     6.36639e-08              
       0.457764     5.72975e-08              
       0.458374     5.09311e-08              
       0.458984      6.6847e-08              
       0.459595     5.72975e-08              
       0.460205      6.6847e-08              
       0.460815     4.45647e-08              
       0.461426     5.41143e-08              
       0.462036     5.72975e-08              
       0.462646     5.72975e-08              
       0.463257     6.36639e-08              
       0.463867     5.41143e-08              
       0.464478     5.09311e-08              
       0.465088     5.09311e-08              
       0.465698     3.18319e-08              
       0.466309     6.36639e-08              
       0.466919     4.77479e-08              
       0.467529     5.09311e-08              
        0.46814     3.50151e-08              
        0.46875     5.09311e-08              
        0.46936     3.81983e-08              
       0.469971     4.45647e-08              
       0.470581     7.32134e-08              
       0.471191     4.45647e-08              
       0.471802     3.18319e-08              
       0.472412     7.32134e-08              
       0.473022     7.32134e-08              
       0.473633     5.41143e-08              
       0.474243     3.50151e-08              
       0.474854     4.45647e-08              
       0.475464     4.13815e-08              
       0.476074     2.54655e-08              
       0.476685     2.86487e-08              
       0.477295     5.41143e-08              
       0.477905     4.13815e-08              
       0.478516     4.45647e-08              
       0.479126     4.13815e-08              
       0.479736     1.27328e-08              
       0.480347     3.50151e-08              
       0.480957     4.77479e-08              
       0.481567     5.09311e-08              
       0.482178     3.81983e-08              
       0.482788     3.18319e-08              
       0.483398     3.81983e-08              
       0.484009     3.18319e-08              
       0.484619     4.13815e-08              
       0.485229     3.81983e-08              
        0.48584     4.77479e-08              
        0.48645     5.09311e-08              
       0.487061     4.77479e-08              
       0.487671     5.41143e-08              
       0.488281     4.77479e-08              
       0.488892     7.00302e-08              
       0.489502     5.72975e-08              
       0.490112     4.13815e-08              
       0.490723     3.18319e-08              
       0.491333     4.77479e-08              
       0.491943     6.36639e-08              
       0.492554     5.72975e-08              
       0.493164     4.45647e-08              
       0.493774     4.77479e-08              
       0.494385     3.18319e-08              
       0.494995     3.18319e-08              
       0.495605     5.09311e-08              
       0.496216     3.81983e-08              
       0.496826     5.09311e-08              
       0.497437     3.81983e-08              
       0.498047     7.63966e-08              
       0.498657     4.45647e-08              
       0.499268     4.45647e-08              
       0.499878     4.45647e-08              
       0.500488     3.18319e-08              
       0.501099     4.13815e-08              
       0.501709     4.45647e-08              
       0.502319     3.81983e-08              
        0.50293     3.50151e-08              
        0.50354     3.18319e-08              
        0.50415     7.32134e-08              
       0.504761     5.41143e-08              
       0.505371     1.90992e-08              
       0.505981     4.13815e-08              
       0.506592     5.09311e-08              
       0.507202     3.50151e-08              
       0.507812     5.72975e-08              
       0.508423     4.77479e-08              
       0.509033     5.41143e-08              
       0.509644     4.13815e-08              
       0.510254     4.45647e-08              
       0.510864     4.91485e-06              
       0.511475     3.18319e-08              
       0.512085     3.50151e-08              
       0.512695     2.86487e-08              
       0.513306     3.50151e-08              
       0.513916     2.22823e-08              
       0.514526     2.86487e-08              
       0.515137     3.50151e-08              
       0.515747     2.54655e-08              
       0.516357     4.77479e-08              
       0.516968     3.18319e-08              
       0.517578     4.13815e-08              
       0.518188     5.41143e-08              
       0.518799     4.77479e-08              
       0.519409     2.22823e-08              
        0.52002     2.86487e-08              
        0.52063     2.54655e-08              
        0.52124     3.18319e-08              
       0.521851     2.86487e-08              
       0.522461     2.54655e-08              
       0.523071     3.81983e-08              
       0.523682     4.13815e-08              
       0.524292     4.77479e-08              
       0.524902     3.81983e-08              
       0.525513     3.81983e-08              
       0.526123     6.36639e-08              
       0.526733     3.50151e-08              
       0.527344     1.27328e-08              
       0.527954     4.77479e-08              
       0.528564     2.54655e-08              
       0.529175     3.81983e-08              
       0.529785     4.45647e-08              
       0.530396     2.86487e-08              
       0.531006     3.81983e-08              
       0.531616     3.18319e-08              
       0.532227     3.18319e-08              
       0.532837     2.22823e-08              
       0.533447     1.90992e-08              
       0.534058     2.86487e-08              
       0.534668     1.90992e-08              
       0.535278     3.18319e-08              
       0.535889     4.13815e-08              
       0.536499     3.81983e-08              
       0.537109     3.50151e-08              
        0.53772     2.54655e-08              
        0.53833     3.50151e-08              
        0.53894     4.77479e-08              
       0.539551     1.90992e-08              
       0.540161     1.90992e-08              
       0.540771      1.5916e-08              
       0.541382     2.22823e-08              
       0.541992     2.22823e-08              
       0.542603     5.09311e-08              
       0.543213     3.18319e-08              
       0.543823     4.13815e-08              
       0.544434     3.50151e-08              
       0.545044     5.09311e-08              
       0.545654     1.90992e-08              
       0.546265     3.18319e-08              
       0.546875      1.5916e-08              
       0.547485     3.18319e-08              
       0.548096     5.09311e-08              
       0.548706     3.81983e-08              
       0.549316     4.77479e-08              
       0.549927     2.54655e-08              
       0.550537     3.81983e-08              
       0.551147     2.54655e-08              
       0.551758     4.45647e-08              
       0.552368     2.86487e-08              
       0.552979     3.50151e-08              
       0.553589     4.13815e-08              
       0.554199     3.81983e-08              
        0.55481     4.13815e-08              
        0.55542     3.81983e-08              
        0.55603     4.13815e-08              
       0.556641     3.50151e-08              
       0.557251     4.13815e-08              
       0.557861     3.50151e-08              
       0.558472     2.86487e-08              
       0.559082     3.50151e-08              
       0.559692     3.18319e-08              
       0.560303     3.81983e-08              
       0.560913     3.50151e-08              
       0.561523     7.63966e-08              
       0.562134     6.36639e-08              
       0.562744     4.13815e-08              
       0.563354     2.54655e-08              
       0.563965     2.22823e-08              
       0.564575     2.86487e-08              
       0.565186     1.90992e-08              
       0.565796      1.5916e-08              
       0.566406     4.45647e-08              
       0.567017     9.54958e-09              
       0.567627     1.90992e-08              
       0.568237     4.77479e-08              
       0.568848     3.50151e-08              
       0.569458     3.18319e-08              
       0.570068     2.54655e-08              
       0.570679     1.27328e-08              
       0.571289     4.13815e-08              
       0.571899     2.86487e-08              
        0.57251     2.54655e-08              
        0.57312     3.81983e-08              
        0.57373     1.27328e-08              
       0.574341     4.45647e-08              
       0.574951     3.18319e-08              
       0.575562     3.18319e-08              
       0.576172     2.54655e-08              
       0.576782     6.36639e-08              
       0.577393     2.86487e-08              
       0.578003     3.18319e-08              
       0.578613     3.50151e-08              
       0.579224     5.41143e-08              
       0.579834     2.22823e-08              
       0.580444     2.86487e-08              
       0.581055     2.22823e-08              
       0.581665     4.45647e-08              
       0.582275     2.22823e-08              
       0.582886     2.22823e-08              
       0.583496     2.54655e-08              
       0.584106     4.13815e-08              
       0.584717     1.90992e-08              
       0.585327     2.86487e-08              
       0.585938     1.27328e-08              
       0.586548     1.90992e-08              
       0.587158     2.86487e-08              
       0.587769     3.81983e-08              
       0.588379     2.54655e-08              
       0.588989     2.86487e-08              
         0.5896     2.22823e-08              
        0.59021     4.13815e-08              
        0.59082      1.5916e-08              
       0.591431      1.5916e-08              
       0.592041     3.81983e-08              
       0.592651     3.81983e-08              
       0.593262     2.54655e-08              
       0.593872     3.50151e-08              
       0.594482     2.22823e-08              
       0.595093     1.90992e-08              
       0.595703     3.81983e-08              
       0.596313     2.86487e-08              
       0.596924     2.22823e-08              
       0.597534     2.22823e-08              
       0.598145     1.27328e-08              
       0.598755     3.81983e-08              
       0.599365     2.86487e-08              
       0.599976     2.22823e-08              
       0.600586     2.86487e-08              
       0.601196     2.86487e-08              
       0.601807     3.18319e-08              
       0.602417     1.90992e-08              
       0.603027     4.45647e-08              
       0.603638     3.50151e-08              
       0.604248     3.50151e-08              
       0.604858     4.13815e-08              
       0.605469     3.50151e-08              
       0.606079     2.54655e-08              
       0.606689     2.54655e-08              
         0.6073     2.54655e-08              
        0.60791      1.5916e-08              
       0.608521     3.18319e-08              
       0.609131      1.5916e-08              
       0.609741     4.13815e-08              
       0.610352      1.5916e-08              
       0.610962     3.18319e-08              
       0.611572     2.86487e-08              
       0.612183     2.22823e-08              
       0.612793     1.90992e-08              
       0.613403     2.54655e-08              
       0.614014     2.54655e-08              
       0.614624     2.22823e-08              
       0.615234     3.18319e-08              
       0.615845     1.90992e-08              
       0.616455     2.54655e-08              
       0.617065     2.54655e-08              
       0.617676     9.54958e-09              
       0.618286      1.5916e-08              
       0.618896     2.86487e-08              
       0.619507      1.5916e-08              
       0.620117     1.90992e-08              
       0.620728     1.90992e-08              
       0.621338     1.90992e-08              
       0.621948     2.22823e-08              
       0.622559     1.90992e-08              
       0.623169      1.5916e-08              
       0.623779      1.5916e-08              
        0.62439      1.5916e-08              
          0.625     3.50151e-08              
        0.62561     2.22823e-08              
       0.626221     3.50151e-08              
       0.626831     1.90992e-08              
       0.627441     2.54655e-08              
       0.628052     3.18319e-08              
       0.628662     9.54958e-09              
       0.629272     3.81983e-08              
       0.629883     2.22823e-08              
       0.630493     2.54655e-08              
       0.631104     4.45647e-08              
       0.631714      1.5916e-08              
       0.632324     3.18319e-08              
       0.632935     2.54655e-08              
       0.633545     2.22823e-08              
       0.634155     2.86487e-08              
       0.634766      1.5916e-08              
       0.635376     3.18319e-08              
       0.635986     3.50151e-08              
       0.636597     1.90992e-08              
       0.637207     1.27328e-08              
       0.637817     2.22823e-08              
       0.638428     2.86487e-08              
       0.639038     2.22823e-08              
       0.639648     4.13815e-08              
       0.640259     2.54655e-08              
       0.640869     3.18319e-08              
       0.641479     2.22823e-08              
        0.64209     2.22823e-08              
         0.6427     2.54655e-08              
       0.643311      1.5916e-08              
       0.643921     3.18319e-08              
       0.644531     2.54655e-08              
       0.645142     2.86487e-08              
       0.645752     1.90992e-08              
       0.646362     2.22823e-08              
       0.646973     2.54655e-08              
       0.647583     1.27328e-08              
       0.648193     1.90992e-08              
       0.648804     1.90992e-08              
       0.649414     3.18319e-08              
       0.650024     3.18319e-08              
       0.650635     2.54655e-08              
       0.651245     3.18319e-08              
       0.651855     1.90992e-08              
       0.652466     3.50151e-08              
       0.653076     3.18319e-08              
       0.653687     3.81983e-08              
       0.654297     1.90992e-08              
       0.654907     1.27328e-08              
       0.655518     1.90992e-08              
       0.656128      1.5916e-08              
       0.656738     2.54655e-08              
       0.657349     2.54655e-08              
       0.657959     1.90992e-08              
       0.658569     1.90992e-08              
        0.65918     3.18319e-09              
        0.65979     2.86487e-08              
         0.6604      1.5916e-08              
       0.661011      1.5916e-08              
       0.661621     2.86487e-08              
       0.662231     2.54655e-08              
       0.662842     3.81983e-08              
       0.663452     1.90992e-08              
       0.664062     2.54655e-08              
       0.664673     1.90992e-08              
       0.665283      1.5916e-08              
       0.665894     2.22823e-08              
       0.666504     2.86487e-08              
       0.667114     3.50151e-08              
       0.667725     2.54655e-08              
       0.668335     5.09311e-08              
       0.668945      1.5916e-08              
       0.669556     3.50151e-08              
       0.670166     1.27328e-08              
       0.670776     1.27328e-08              
       0.671387     3.18319e-08              
       0.671997     3.81983e-08              
       0.672607     2.22823e-08              
       0.673218     2.22823e-08              
       0.673828     6.36639e-09              
       0.674438     2.22823e-08              
       0.675049      1.5916e-08              
       0.675659     2.22823e-08              
        0.67627     2.86487e-08              
        0.67688     1.90992e-08              
        0.67749     2.22823e-08              
       0.678101     2.54655e-08              
       0.678711     1.90992e-08              
       0.679321     1.90992e-08              
       0.679932     2.86487e-08              
       0.680542     2.22823e-08              
       0.681152     2.22823e-08              
       0.681763     1.90992e-08              
       0.682373     2.54655e-08              
       0.682983     3.18319e-09              
       0.683594     9.54958e-09              
       0.684204      1.5916e-08              
       0.684814     2.22823e-08              
       0.685425     1.27328e-08              
       0.686035     9.54958e-09              
       0.686646     2.22823e-08              
       0.687256     2.86487e-08              
       0.687866     3.18319e-08              
       0.688477     1.90992e-08              
       0.689087     3.18319e-08              
       0.689697     2.54655e-08              
       0.690308     2.54655e-08              
       0.690918     1.90992e-08              
       0.691528     1.90992e-08              
       0.692139     2.22823e-08              
       0.692749     2.22823e-08              
       0.693359     3.18319e-08              
        0.69397     2.86487e-08              
        0.69458     2.86487e-08              
        0.69519     3.18319e-08              
       0.695801     2.22823e-08              
       0.696411     2.22823e-08              
       0.697021      1.5916e-08              
       0.697632     2.22823e-08              
       0.698242      1.5916e-08              
       0.698853     2.54655e-08              
       0.699463     2.86487e-08              
       0.700073     9.54958e-09              
       0.700684     1.90992e-08              
       0.701294      1.5916e-08              
       0.701904     3.18319e-08              
       0.702515     1.27328e-08              
       0.703125     3.50151e-08              
       0.703735      1.5916e-08              
       0.704346      1.5916e-08              
       0.704956     1.90992e-08              
       0.705566     1.90992e-08              
       0.706177     3.18319e-08              
       0.706787     1.90992e-08              
       0.707397     1.27328e-08              
       0.708008     2.54655e-08              
       0.708618     2.22823e-08              
       0.709229     9.54958e-09              
       0.709839     2.54655e-08              
       0.710449     1.27328e-08              
        0.71106     2.86487e-08              
        0.71167     1.90992e-08              
        0.71228     3.50151e-08              
       0.712891     9.54958e-09              
       0.713501     1.90992e-08              
       0.714111     1.27328e-08              
       0.714722     2.22823e-08              
       0.715332     2.22823e-08              
       0.715942     2.54655e-08              
       0.716553      1.5916e-08              
       0.717163     2.22823e-08              
       0.717773      1.5916e-08              
       0.718384      1.5916e-08              
       0.718994     1.27328e-08              
       0.719604     2.54655e-08              
       0.720215     3.18319e-08              
       0.720825     1.90992e-08              
       0.721436     2.22823e-08              
       0.722046      1.5916e-08              
       0.722656     2.22823e-08              
       0.723267     1.90992e-08              
       0.723877     2.22823e-08              
       0.724487     1.90992e-08              
       0.725098     1.90992e-08              
       0.725708     9.54958e-09              
       0.726318     3.50151e-08              
       0.726929     1.27328e-08              
       0.727539     2.22823e-08              
       0.728149     1.90992e-08              
        0.72876      1.5916e-08              
        0.72937     2.86487e-08              
        0.72998     3.18319e-08              
       0.730591     2.22823e-08              
       0.731201     1.90992e-08              
       0.731812     1.90992e-08              
       0.732422     3.18319e-09              
       0.733032      1.5916e-08              
       0.733643     3.18319e-08              
       0.734253     4.13815e-08              
       0.734863     1.27328e-08              
       0.735474     3.18319e-08              
       0.736084     2.22823e-08              
       0.736694     1.90992e-08              
       0.737305     1.27328e-08              
       0.737915     2.22823e-08              
       0.738525     2.22823e-08              
       0.739136     2.54655e-08              
       0.739746     1.90992e-08              
       0.740356     1.27328e-08              
       0.740967     1.27328e-08              
       0.741577     2.22823e-08              
       0.742188     2.86487e-08              
       0.742798     2.86487e-08              
       0.743408     1.27328e-08              
       0.744019     2.86487e-08              
       0.744629     3.18319e-08              
       0.745239      1.5916e-08              
        0.74585     2.86487e-08              
        0.74646     1.90992e-08              
        0.74707     1.90992e-08              
       0.747681     3.18319e-08              
       0.748291     2.22823e-08              
       0.748901     2.22823e-08              
       0.749512     2.54655e-08              
       0.750122     3.50151e-08              
       0.750732     3.18319e-08              
       0.751343     1.27328e-08              
       0.751953     1.27328e-08              
       0.752563     1.90992e-08              
       0.753174     6.36639e-09              
       0.753784      1.5916e-08              
       0.754395     2.22823e-08              
       0.755005     6.36639e-09              
       0.755615     2.54655e-08              
       0.756226     2.54655e-08              
       0.756836     1.27328e-08              
       0.757446     2.54655e-08              
       0.758057     1.90992e-08              
       0.758667     2.22823e-08              
       0.759277     2.22823e-08              
       0.759888      1.5916e-08              
       0.760498     1.27328e-08              
       0.761108     2.22823e-08              
       0.761719     9.54958e-09              
       0.762329     3.18319e-08              
       0.762939     6.36639e-09              
        0.76355     1.27328e-08              
        0.76416      1.5916e-08              
       0.764771     1.90992e-08              
       0.765381     9.54958e-09              
       0.765991     1.27328e-08              
       0.766602               0              
       0.767212     2.22823e-08              
       0.767822     6.36639e-09              
       0.768433     3.18319e-08              
       0.769043      1.5916e-08              
       0.769653     9.54958e-09              
       0.770264     2.54655e-08              
       0.770874     3.18319e-09              
       0.771484      1.5916e-08              
       0.772095     1.27328e-08              
       0.772705     2.22823e-08              
       0.773315     2.86487e-08              
       0.773926     1.90992e-08              
       0.774536     3.18319e-09              
       0.775146     1.90992e-08              
       0.775757     2.54655e-08              
       0.776367     2.22823e-08              
       0.776978     2.86487e-08              
       0.777588      1.5916e-08              
       0.778198     2.22823e-08              
       0.778809      1.5916e-08              
       0.779419      1.5916e-08              
       0.780029     1.90992e-08              
        0.78064     1.27328e-08              
        0.78125     2.86487e-08              
        0.78186     6.36639e-09              
       0.782471     9.54958e-09              
       0.783081     1.90992e-08              
       0.783691     2.86487e-08              
       0.784302     1.27328e-08              
       0.784912      1.5916e-08              
       0.785522     1.27328e-08              
       0.786133     2.86487e-08              
       0.786743     9.54958e-09              
       0.787354     1.90992e-08              
       0.787964     1.90992e-08              
       0.788574     2.22823e-08              
       0.789185     1.90992e-08              
       0.789795     2.22823e-08              
       0.790405     2.86487e-08              
       0.791016     1.27328e-08              
       0.791626     1.27328e-08              
       0.792236     4.13815e-08              
       0.792847     6.36639e-09              
       0.793457     3.18319e-08              
       0.794067     1.90992e-08              
       0.794678     1.90992e-08              
       0.795288     1.27328e-08              
       0.795898     2.22823e-08              
       0.796509     2.54655e-08              
       0.797119     2.86487e-08              
       0.797729      1.5916e-08              
        0.79834               0              
        0.79895     1.90992e-08              
       0.799561      1.5916e-08              
       0.800171     1.27328e-08              
       0.800781     1.27328e-08              
       0.801392     9.54958e-09              
       0.802002     2.86487e-08              
       0.802612     1.27328e-08              
       0.803223      1.5916e-08              
       0.803833     9.54958e-09              
       0.804443     1.27328e-08              
       0.805054      1.5916e-08              
       0.805664     2.54655e-08              
       0.806274     2.54655e-08              
       0.806885     2.86487e-08              
       0.807495     1.90992e-08              
       0.808105     1.90992e-08              
       0.808716     1.90992e-08              
       0.809326     6.36639e-09              
       0.809937     2.86487e-08              
       0.810547     2.54655e-08              
       0.811157     1.27328e-08              
       0.811768     2.22823e-08              
       0.812378     4.13815e-08              
       0.812988     2.22823e-08              
       0.813599     1.27328e-08              
       0.814209      1.5916e-08              
       0.814819      1.5916e-08              
        0.81543      1.5916e-08              
        0.81604     3.18319e-09              
        0.81665     2.22823e-08              
       0.817261     9.54958e-09              
       0.817871     2.22823e-08              
       0.818481      1.5916e-08              
       0.819092     6.36639e-09              
       0.819702     1.90992e-08              
       0.820312     2.22823e-08              
       0.820923     9.54958e-09              
       0.821533     6.36639e-09              
       0.822144     1.90992e-08              
       0.822754     2.22823e-08              
       0.823364     9.54958e-09              
       0.823975      1.5916e-08              
       0.824585     9.54958e-09              
       0.825195     1.27328e-08              
       0.825806     9.54958e-09              
       0.826416     1.90992e-08              
       0.827026     6.36639e-09              
       0.827637     6.36639e-09              
       0.828247     2.22823e-08              
       0.828857      1.5916e-08              
       0.829468     1.27328e-08              
       0.830078      1.5916e-08              
       0.830688      1.5916e-08              
       0.831299     1.90992e-08              
       0.831909     2.54655e-08              
        0.83252      1.5916e-08              
        0.83313     1.27328e-08              
        0.83374     6.36639e-09              
       0.834351     1.27328e-08              
       0.834961      1.5916e-08              
       0.835571     1.27328e-08              
       0.836182     1.27328e-08              
       0.836792     1.90992e-08              
       0.837402     2.22823e-08              
       0.838013     2.54655e-08              
       0.838623     1.27328e-08              
       0.839233               0              
       0.839844     2.86487e-08              
       0.840454     1.27328e-08              
       0.841064     2.86487e-08              
       0.841675     1.27328e-08              
       0.842285     9.54958e-09              
       0.842896      1.5916e-08              
       0.843506     3.18319e-09              
       0.844116     9.54958e-09              
       0.844727     9.54958e-09              
       0.845337     1.27328e-08              
       0.845947     3.50151e-08              
       0.846558     1.27328e-08              
       0.847168      1.5916e-08              
       0.847778     6.36639e-09              
       0.848389     9.54958e-09              
       0.848999      1.5916e-08              
       0.849609     2.54655e-08              
        0.85022     1.27328e-08              
        0.85083     1.90992e-08              
        0.85144     1.90992e-08              
       0.852051     1.27328e-08              
       0.852661     9.54958e-09              
       0.853271     3.81983e-08              
       0.853882     1.27328e-08              
       0.854492     1.27328e-08              
       0.855103     1.27328e-08              
       0.855713     1.90992e-08              
       0.856323     6.36639e-09              
       0.856934     6.36639e-09              
       0.857544     3.81983e-08              
       0.858154     9.54958e-09              
       0.858765     1.90992e-08              
       0.859375     1.90992e-08              
       0.859985     1.27328e-08              
       0.860596     6.36639e-09              
       0.861206     9.54958e-09              
       0.861816     2.54655e-08              
       0.862427     2.22823e-08              
       0.863037      1.5916e-08              
       0.863647     1.27328e-08              
       0.864258      1.5916e-08              
       0.864868     3.18319e-09              
       0.865479      1.5916e-08              
       0.866089      1.5916e-08              
       0.866699     2.22823e-08              
        0.86731     1.27328e-08              
        0.86792      1.5916e-08              
        0.86853     2.54655e-08              
       0.869141     2.22823e-08              
       0.869751     9.54958e-09              
       0.870361     3.18319e-08              
       0.870972     3.18319e-08              
       0.871582     2.22823e-08              
       0.872192      1.5916e-08              
       0.872803      1.5916e-08              
       0.873413      1.5916e-08              
       0.874023     2.22823e-08              
       0.874634     1.90992e-08              
       0.875244     2.86487e-08              
       0.875854     2.54655e-08              
       0.876465     1.27328e-08              
       0.877075     1.27328e-08              
       0.877686     2.86487e-08              
       0.878296      1.5916e-08              
       0.878906     9.54958e-09              
       0.879517     1.90992e-08              
       0.880127     2.22823e-08              
       0.880737     1.90992e-08              
       0.881348     1.27328e-08              
       0.881958     2.86487e-08              
       0.882568     3.18319e-09              
       0.883179      1.5916e-08              
       0.883789     9.54958e-09              
       0.884399      1.5916e-08              
        0.88501      1.5916e-08              
        0.88562     1.90992e-08              
        0.88623     9.54958e-09              
       0.886841      1.5916e-08              
       0.887451     1.27328e-08              
       0.888062     1.27328e-08              
       0.888672     9.54958e-09              
       0.889282      1.5916e-08              
       0.889893      1.5916e-08              
       0.890503      1.5916e-08              
       0.891113     1.27328e-08              
       0.891724     6.36639e-09              
       0.892334      1.5916e-08              
       0.892944     3.18319e-09              
       0.893555     6.36639e-09              
       0.894165     6.36639e-09              
       0.894775     1.27328e-08              
       0.895386      1.5916e-08              
       0.895996      1.5916e-08              
       0.896606     1.27328e-08              
       0.897217     4.45647e-08              
       0.897827     2.22823e-08              
       0.898438     6.36639e-09              
       0.899048     9.54958e-09              
       0.899658     6.36639e-09              
       0.900269     1.27328e-08              
       0.900879     1.27328e-08              
       0.901489     9.54958e-09              
         0.9021     6.36639e-09              
        0.90271     6.36639e-09              
        0.90332     9.54958e-09              
       0.903931     2.54655e-08              
       0.904541     1.90992e-08              
       0.905151     3.18319e-09              
       0.905762     2.86487e-08              
       0.906372     6.36639e-09              
       0.906982     1.27328e-08              
       0.907593     9.54958e-09              
       0.908203     9.54958e-09              
       0.908813     1.27328e-08              
       0.909424     9.54958e-09              
       0.910034     1.90992e-08              
       0.910645      1.5916e-08              
       0.911255     3.18319e-09              
       0.911865     2.22823e-08              
       0.912476     9.54958e-09              
       0.913086     2.22823e-08              
       0.913696     9.54958e-09              
       0.914307     1.27328e-08              
       0.914917     3.18319e-09              
       0.915527     1.27328e-08              
       0.916138     2.22823e-08              
       0.916748     1.27328e-08              
       0.917358     1.90992e-08              
       0.917969               0              
       0.918579     1.27328e-08              
       0.919189     2.86487e-08              
         0.9198     6.36639e-09              
        0.92041      1.5916e-08              
       0.921021     1.27328e-08              
       0.921631     1.27328e-08              
       0.922241     2.22823e-08              
       0.922852     1.90992e-08              
       0.923462     1.90992e-08              
       0.924072     3.18319e-09              
       0.924683     9.54958e-09              
       0.925293     1.90992e-08              
       0.925903     1.27328e-08              
       0.926514     1.27328e-08              
       0.927124     1.90992e-08              
       0.927734     9.54958e-09              
       0.928345      1.5916e-08              
       0.928955     6.36639e-09              
       0.929565     1.27328e-08              
       0.930176     1.90992e-08              
       0.930786     2.86487e-08              
       0.931396     6.36639e-09              
       0.932007     2.22823e-08              
       0.932617      1.5916e-08              
       0.933228     9.54958e-09              
       0.933838      1.5916e-08              
       0.934448     6.36639e-09              
       0.935059      1.5916e-08              
       0.935669     3.18319e-08              
       0.936279     1.27328e-08              
        0.93689      1.5916e-08              
         0.9375     2.22823e-08              
        0.93811      1.5916e-08              
       0.938721     1.27328e-08              
       0.939331      1.5916e-08              
       0.939941     6.36639e-09              
       0.940552     3.18319e-08              
       0.941162     1.27328e-08              
       0.941772      1.5916e-08              
       0.942383     2.22823e-08              
       0.942993      1.5916e-08              
       0.943604      1.5916e-08              
       0.944214               0              
       0.944824     1.27328e-08              
       0.945435     2.86487e-08              
       0.946045     9.54958e-09              
       0.946655      1.5916e-08              
       0.947266     6.36639e-09              
       0.947876     3.18319e-09              
       0.948486     1.90992e-08              
       0.949097     9.54958e-09              
       0.949707     1.90992e-08              
       0.950317      1.5916e-08              
       0.950928     6.36639e-09              
       0.951538     1.27328e-08              
       0.952148     1.27328e-08              
       0.952759     3.18319e-09              
       0.953369     6.36639e-09              
       0.953979     6.36639e-09              
        0.95459      1.5916e-08              
         0.9552     9.54958e-09              
       0.955811      1.5916e-08              
       0.956421     1.27328e-08              
       0.957031     1.90992e-08              
       0.957642     9.54958e-09              
       0.958252     3.18319e-09              
       0.958862     3.18319e-09              
       0.959473      1.5916e-08              
       0.960083     1.27328e-08              
       0.960693     9.54958e-09              
       0.961304     1.90992e-08              
       0.961914     6.36639e-09              
       0.962524     3.18319e-09              
       0.963135     2.22823e-08              
       0.963745     9.54958e-09              
       0.964355     1.27328e-08              
       0.964966      1.5916e-08              
       0.965576     1.90992e-08              
       0.966187     1.27328e-08              
       0.966797      1.5916e-08              
       0.967407     2.54655e-08              
       0.968018     2.22823e-08              
       0.968628     9.54958e-09              
       0.969238      1.5916e-08              
       0.969849     3.18319e-09              
       0.970459     3.18319e-09              
       0.971069      1.5916e-08              
        0.97168     2.22823e-08              
        0.97229     9.54958e-09              
         0.9729      1.5916e-08              
       0.973511     1.27328e-08              
       0.974121     9.54958e-09              
       0.974731     9.54958e-09              
       0.975342     3.50151e-08              
       0.975952      1.5916e-08              
       0.976562     1.27328e-08              
       0.977173     9.54958e-09              
       0.977783      1.5916e-08              
       0.978394     2.86487e-08              
       0.979004     1.27328e-08              
       0.979614     1.90992e-08              
       0.980225     1.90992e-08              
       0.980835     1.27328e-08              
       0.981445     2.22823e-08              
       0.982056     6.36639e-09              
       0.982666     1.27328e-08              
       0.983276     1.27328e-08              
       0.983887     6.36639e-09              
       0.984497     6.36639e-09              
       0.985107      1.5916e-08              
       0.985718     6.36639e-09              
       0.986328     2.22823e-08              
       0.986938     9.54958e-09              
       0.987549      1.5916e-08              
       0.988159     6.36639e-09              
        0.98877     1.27328e-08              
        0.98938      1.5916e-08              
        0.98999     1.90992e-08              
       0.990601     9.54958e-09              
       0.991211      1.5916e-08              
       0.991821     9.54958e-09              
       0.992432     6.36639e-09              
       0.993042     1.27328e-08              
       0.993652     6.36639e-09              
       0.994263     3.18319e-09              
       0.994873     3.18319e-09              
       0.995483     1.27328e-08              
       0.996094     6.36639e-09              
       0.996704     2.54655e-08              
       0.997314     1.27328e-08              
       0.997925     9.54958e-09              
       0.998535     6.36639e-09              
       0.999146     3.18319e-09              
