        4.99878     3.18319e-09              
        4.99939     3.18319e-09              
              5     3.18319e-09              
        5.00061               0              
        5.00122     3.18319e-09              
        5.00183               0              
        5.00244     3.18319e-09              
        5.00305     9.54958e-09              
        5.00366     3.18319e-09              
        5.00427               0              
        5.00488               0              
        5.00549     3.18319e-09              
         5.0061     3.18319e-09              
        5.00671               0              
        5.00732     3.18319e-09              
        5.00793               0              
        5.00854     3.18319e-09              
        5.00916     6.36639e-09              
        5.00977               0              
        5.01038     3.18319e-09              
        5.01099     6.36639e-09              
         5.0116     3.18319e-09              
        5.01221               0              
        5.01282     6.36639e-09              
        5.01343               0              
        5.01404               0              
        5.01465     3.18319e-09              
        5.01526     3.18319e-09              
        5.01587               0              
        5.01648               0              
        5.01709     3.18319e-09              
         5.0177     9.54958e-09              
        5.01831               0              
        5.01892     6.36639e-09              
        5.01953               0              
        5.02014               0              
        5.02075     6.36639e-09              
        5.02136     3.18319e-09              
        5.02197               0              
        5.02258     6.36639e-09              
        5.02319               0              
         5.0238     6.36639e-09              
        5.02441               0              
        5.02502     6.36639e-09              
        5.02563     3.18319e-09              
        5.02625               0              
        5.02686     6.36639e-09              
        5.02747     6.36639e-09              
        5.02808               0              
        5.02869               0              
         5.0293               0              
        5.02991               0              
        5.03052     9.54958e-09              
        5.03113               0              
        5.03174     6.36639e-09              
        5.03235               0              
        5.03296     6.36639e-09              
        5.03357     6.36639e-09              
        5.03418     3.18319e-09              
        5.03479     3.18319e-09              
         5.0354               0              
        5.03601               0              
        5.03662               0              
        5.03723     9.54958e-09              
        5.03784     3.18319e-09              
        5.03845               0              
        5.03906     9.54958e-09              
        5.03967               0              
        5.04028               0              
        5.04089     3.18319e-09              
         5.0415     3.18319e-09              
        5.04211               0              
        5.04272     3.18319e-09              
        5.04333     9.54958e-09              
        5.04395               0              
        5.04456     3.18319e-09              
        5.04517     3.18319e-09              
        5.04578     3.18319e-09              
        5.04639     3.18319e-09              
          5.047     6.36639e-09              
        5.04761     3.18319e-09              
        5.04822     3.18319e-09              
        5.04883     3.18319e-09              
        5.04944     9.54958e-09              
        5.05005               0              
        5.05066     9.54958e-09              
        5.05127               0              
        5.05188     6.36639e-09              
        5.05249               0              
         5.0531               0              
        5.05371     3.18319e-09              
        5.05432               0              
        5.05493     6.36639e-09              
        5.05554               0              
        5.05615               0              
        5.05676               0              
        5.05737     3.18319e-09              
        5.05798     3.18319e-09              
        5.05859               0              
         5.0592               0              
        5.05981     3.18319e-09              
        5.06042               0              
        5.06104     6.36639e-09              
        5.06165               0              
        5.06226               0              
        5.06287     9.54958e-09              
        5.06348               0              
        5.06409               0              
         5.0647     3.18319e-09              
        5.06531     6.36639e-09              
        5.06592     3.18319e-09              
        5.06653               0              
        5.06714               0              
        5.06775               0              
        5.06836     3.18319e-09              
        5.06897     3.18319e-09              
        5.06958     6.36639e-09              
        5.07019     6.36639e-09              
         5.0708     3.18319e-09              
        5.07141     3.18319e-09              
        5.07202     3.18319e-09              
        5.07263               0              
        5.07324     6.36639e-09              
        5.07385     6.36639e-09              
        5.07446     6.36639e-09              
        5.07507     6.36639e-09              
        5.07568     6.36639e-09              
        5.07629               0              
         5.0769     3.18319e-09              
        5.07751     6.36639e-09              
        5.07812               0              
        5.07874     3.18319e-09              
        5.07935               0              
        5.07996               0              
        5.08057     3.18319e-09              
        5.08118               0              
        5.08179               0              
         5.0824               0              
        5.08301     3.18319e-09              
        5.08362               0              
        5.08423               0              
        5.08484               0              
        5.08545     9.54958e-09              
        5.08606     3.18319e-09              
        5.08667     3.18319e-09              
        5.08728               0              
        5.08789     3.18319e-09              
         5.0885     3.18319e-09              
        5.08911     1.27328e-08              
        5.08972     9.54958e-09              
        5.09033     3.18319e-09              
        5.09094               0              
        5.09155     9.54958e-09              
        5.09216     3.18319e-09              
        5.09277               0              
        5.09338               0              
        5.09399     9.54958e-09              
         5.0946               0              
        5.09521     3.18319e-09              
        5.09583     3.18319e-09              
        5.09644     9.54958e-09              
        5.09705     3.18319e-09              
        5.09766     6.36639e-09              
        5.09827     3.18319e-09              
        5.09888     6.36639e-09              
        5.09949     3.18319e-09              
         5.1001     3.18319e-09              
        5.10071     6.36639e-09              
        5.10132               0              
        5.10193     3.18319e-09              
        5.10254     3.18319e-09              
        5.10315               0              
        5.10376     3.18319e-09              
        5.10437     3.18319e-09              
        5.10498     3.18319e-09              
        5.10559               0              
         5.1062     9.54958e-09              
        5.10681               0              
        5.10742     6.36639e-09              
        5.10803               0              
        5.10864     6.36639e-09              
        5.10925               0              
        5.10986     9.54958e-09              
        5.11047               0              
        5.11108     3.18319e-09              
        5.11169     3.18319e-09              
         5.1123     3.18319e-09              
        5.11292     6.36639e-09              
        5.11353               0              
        5.11414     6.36639e-09              
        5.11475     6.36639e-09              
        5.11536     9.54958e-09              
        5.11597     3.18319e-09              
        5.11658     3.18319e-09              
        5.11719               0              
         5.1178               0              
        5.11841               0              
        5.11902               0              
        5.11963     3.18319e-09              
        5.12024     3.18319e-09              
        5.12085               0              
        5.12146               0              
        5.12207     3.18319e-09              
        5.12268               0              
        5.12329     3.18319e-09              
         5.1239               0              
        5.12451     3.18319e-09              
        5.12512               0              
        5.12573     9.54958e-09              
        5.12634     3.18319e-09              
        5.12695     9.54958e-09              
        5.12756               0              
        5.12817               0              
        5.12878               0              
        5.12939               0              
           5.13               0              
        5.13062     3.18319e-09              
        5.13123     3.18319e-09              
        5.13184     6.36639e-09              
        5.13245               0              
        5.13306     9.54958e-09              
        5.13367     3.18319e-09              
        5.13428               0              
        5.13489               0              
         5.1355     6.36639e-09              
        5.13611     3.18319e-09              
        5.13672     3.18319e-09              
        5.13733     9.54958e-09              
        5.13794     3.18319e-09              
        5.13855               0              
        5.13916     3.18319e-09              
        5.13977     3.18319e-09              
        5.14038     3.18319e-09              
        5.14099               0              
         5.1416     3.18319e-09              
        5.14221     3.18319e-09              
        5.14282               0              
        5.14343     6.36639e-09              
        5.14404     3.18319e-09              
        5.14465     3.18319e-09              
        5.14526     3.18319e-09              
        5.14587     9.54958e-09              
        5.14648     3.18319e-09              
        5.14709               0              
        5.14771               0              
        5.14832               0              
        5.14893     6.36639e-09              
        5.14954     6.36639e-09              
        5.15015               0              
        5.15076     3.18319e-09              
        5.15137     3.18319e-09              
        5.15198     3.18319e-09              
        5.15259     6.36639e-09              
         5.1532     6.36639e-09              
        5.15381               0              
        5.15442     6.36639e-09              
        5.15503               0              
        5.15564               0              
        5.15625               0              
        5.15686     3.18319e-09              
        5.15747     3.18319e-09              
        5.15808               0              
        5.15869               0              
         5.1593     6.36639e-09              
        5.15991               0              
        5.16052     3.18319e-09              
        5.16113     3.18319e-09              
        5.16174     3.18319e-09              
        5.16235               0              
        5.16296     6.36639e-09              
        5.16357               0              
        5.16418     3.18319e-09              
        5.16479     3.18319e-09              
        5.16541               0              
        5.16602               0              
        5.16663               0              
        5.16724               0              
        5.16785               0              
        5.16846     3.18319e-09              
        5.16907     3.18319e-09              
        5.16968               0              
        5.17029               0              
         5.1709               0              
        5.17151     3.18319e-09              
        5.17212     3.18319e-09              
        5.17273     3.18319e-09              
        5.17334               0              
        5.17395               0              
        5.17456               0              
        5.17517     3.18319e-09              
        5.17578               0              
        5.17639     6.36639e-09              
          5.177               0              
        5.17761     3.18319e-09              
        5.17822     3.18319e-09              
        5.17883     3.18319e-09              
        5.17944               0              
        5.18005     3.18319e-09              
        5.18066               0              
        5.18127     3.18319e-09              
        5.18188     3.18319e-09              
         5.1825               0              
        5.18311     6.36639e-09              
        5.18372               0              
        5.18433     9.54958e-09              
        5.18494     6.36639e-09              
        5.18555               0              
        5.18616               0              
        5.18677     3.18319e-09              
        5.18738     3.18319e-09              
        5.18799     3.18319e-09              
         5.1886     3.18319e-09              
        5.18921     3.18319e-09              
        5.18982               0              
        5.19043               0              
        5.19104     6.36639e-09              
        5.19165               0              
        5.19226               0              
        5.19287      1.5916e-08              
        5.19348     3.18319e-09              
        5.19409     3.18319e-09              
         5.1947               0              
        5.19531               0              
        5.19592     6.36639e-09              
        5.19653               0              
        5.19714     3.18319e-09              
        5.19775               0              
        5.19836               0              
        5.19897     6.36639e-09              
        5.19958               0              
         5.2002     6.36639e-09              
        5.20081     6.36639e-09              
        5.20142     3.18319e-09              
        5.20203     3.18319e-09              
        5.20264     3.18319e-09              
        5.20325               0              
        5.20386     3.18319e-09              
        5.20447     9.54958e-09              
        5.20508               0              
        5.20569     1.27328e-08              
         5.2063     6.36639e-09              
        5.20691     3.18319e-09              
        5.20752               0              
        5.20813               0              
        5.20874               0              
        5.20935               0              
        5.20996               0              
        5.21057               0              
        5.21118     3.18319e-09              
        5.21179     6.36639e-09              
         5.2124               0              
        5.21301     3.18319e-09              
        5.21362               0              
        5.21423               0              
        5.21484     3.18319e-09              
        5.21545               0              
        5.21606     3.18319e-09              
        5.21667               0              
        5.21729     3.18319e-09              
         5.2179     9.54958e-09              
        5.21851     6.36639e-09              
        5.21912     3.18319e-09              
        5.21973               0              
        5.22034     3.18319e-09              
        5.22095               0              
        5.22156     3.18319e-09              
        5.22217     3.18319e-09              
        5.22278               0              
        5.22339     3.18319e-09              
          5.224               0              
        5.22461     3.18319e-09              
        5.22522     3.18319e-09              
        5.22583     6.36639e-09              
        5.22644               0              
        5.22705               0              
        5.22766               0              
        5.22827     3.18319e-09              
        5.22888               0              
        5.22949               0              
         5.2301     3.18319e-09              
        5.23071     3.18319e-09              
        5.23132               0              
        5.23193     3.18319e-09              
        5.23254     3.18319e-09              
        5.23315     3.18319e-09              
        5.23376               0              
        5.23438               0              
        5.23499               0              
         5.2356     3.18319e-09              
        5.23621     3.18319e-09              
        5.23682     6.36639e-09              
        5.23743     6.36639e-09              
        5.23804               0              
        5.23865               0              
        5.23926     3.18319e-09              
        5.23987               0              
        5.24048     3.18319e-09              
        5.24109               0              
         5.2417               0              
        5.24231               0              
        5.24292               0              
        5.24353     3.18319e-09              
        5.24414     3.18319e-09              
        5.24475               0              
        5.24536     3.18319e-09              
        5.24597     3.18319e-09              
        5.24658     3.18319e-09              
        5.24719     3.18319e-09              
         5.2478               0              
        5.24841     9.54958e-09              
        5.24902     9.54958e-09              
        5.24963               0              
        5.25024     3.18319e-09              
        5.25085     3.18319e-09              
        5.25146     9.54958e-09              
        5.25208     6.36639e-09              
        5.25269               0              
         5.2533               0              
        5.25391               0              
        5.25452     3.18319e-09              
        5.25513               0              
        5.25574               0              
        5.25635               0              
        5.25696     6.36639e-09              
        5.25757     3.18319e-09              
        5.25818               0              
        5.25879               0              
         5.2594     3.18319e-09              
        5.26001               0              
        5.26062     3.18319e-09              
        5.26123     3.18319e-09              
        5.26184     3.18319e-09              
        5.26245     3.18319e-09              
        5.26306               0              
        5.26367     3.18319e-09              
        5.26428               0              
        5.26489     3.18319e-09              
         5.2655               0              
        5.26611     3.18319e-09              
        5.26672               0              
        5.26733     9.54958e-09              
        5.26794     3.18319e-09              
        5.26855               0              
        5.26917     9.54958e-09              
        5.26978     6.36639e-09              
        5.27039     3.18319e-09              
          5.271     6.36639e-09              
        5.27161     3.18319e-09              
        5.27222     3.18319e-09              
        5.27283     3.18319e-09              
        5.27344               0              
        5.27405               0              
        5.27466               0              
        5.27527     9.54958e-09              
        5.27588               0              
        5.27649     3.18319e-09              
         5.2771     6.36639e-09              
        5.27771               0              
        5.27832     3.18319e-09              
        5.27893     3.18319e-09              
        5.27954     3.18319e-09              
        5.28015     6.36639e-09              
        5.28076               0              
        5.28137               0              
        5.28198               0              
        5.28259     3.18319e-09              
         5.2832     6.36639e-09              
        5.28381               0              
        5.28442               0              
        5.28503     3.18319e-09              
        5.28564     6.36639e-09              
        5.28625               0              
        5.28687     3.18319e-09              
        5.28748     6.36639e-09              
        5.28809               0              
         5.2887     3.18319e-09              
        5.28931     3.18319e-09              
        5.28992     9.54958e-09              
        5.29053     3.18319e-09              
        5.29114               0              
        5.29175     6.36639e-09              
        5.29236     3.18319e-09              
        5.29297               0              
        5.29358     3.18319e-09              
        5.29419     3.18319e-09              
         5.2948     3.18319e-09              
        5.29541               0              
        5.29602               0              
        5.29663               0              
        5.29724     3.18319e-09              
        5.29785     6.36639e-09              
        5.29846     3.18319e-09              
        5.29907               0              
        5.29968               0              
        5.30029               0              
         5.3009               0              
        5.30151               0              
        5.30212               0              
        5.30273     3.18319e-09              
        5.30334     6.36639e-09              
        5.30396     6.36639e-09              
        5.30457               0              
        5.30518               0              
        5.30579     3.18319e-09              
         5.3064               0              
        5.30701               0              
        5.30762     3.18319e-09              
        5.30823               0              
        5.30884     3.18319e-09              
        5.30945     3.18319e-09              
        5.31006               0              
        5.31067     3.18319e-09              
        5.31128               0              
        5.31189               0              
         5.3125               0              
        5.31311     6.36639e-09              
        5.31372     3.18319e-09              
        5.31433               0              
        5.31494               0              
        5.31555               0              
        5.31616     3.18319e-09              
        5.31677               0              
        5.31738     6.36639e-09              
        5.31799     3.18319e-09              
         5.3186               0              
        5.31921     3.18319e-09              
        5.31982               0              
        5.32043     9.54958e-09              
        5.32104     3.18319e-09              
        5.32166               0              
        5.32227               0              
        5.32288     3.18319e-09              
        5.32349               0              
         5.3241               0              
        5.32471     6.36639e-09              
        5.32532      1.5916e-08              
        5.32593     6.36639e-09              
        5.32654     3.18319e-09              
        5.32715               0              
        5.32776     6.36639e-09              
        5.32837     3.18319e-09              
        5.32898     3.18319e-09              
        5.32959     3.18319e-09              
         5.3302               0              
        5.33081               0              
        5.33142               0              
        5.33203               0              
        5.33264               0              
        5.33325     3.18319e-09              
        5.33386     3.18319e-09              
        5.33447               0              
        5.33508     3.18319e-09              
        5.33569               0              
         5.3363               0              
        5.33691     9.54958e-09              
        5.33752     6.36639e-09              
        5.33813               0              
        5.33875     6.36639e-09              
        5.33936               0              
        5.33997               0              
        5.34058     3.18319e-09              
        5.34119     3.18319e-09              
         5.3418               0              
        5.34241     3.18319e-09              
        5.34302               0              
        5.34363               0              
        5.34424     3.18319e-09              
        5.34485               0              
        5.34546               0              
        5.34607               0              
        5.34668     1.27328e-08              
        5.34729     3.18319e-09              
         5.3479     3.18319e-09              
        5.34851               0              
        5.34912               0              
        5.34973     6.36639e-09              
        5.35034               0              
        5.35095               0              
        5.35156     1.27328e-08              
        5.35217               0              
        5.35278               0              
        5.35339               0              
          5.354               0              
        5.35461               0              
        5.35522     6.36639e-09              
        5.35583     3.18319e-09              
        5.35645     3.18319e-09              
        5.35706     3.18319e-09              
        5.35767               0              
        5.35828     3.18319e-09              
        5.35889     3.18319e-09              
         5.3595               0              
        5.36011     3.18319e-09              
        5.36072               0              
        5.36133               0              
        5.36194     3.18319e-09              
        5.36255     3.18319e-09              
        5.36316     3.18319e-09              
        5.36377               0              
        5.36438     3.18319e-09              
        5.36499               0              
         5.3656     3.18319e-09              
        5.36621     6.36639e-09              
        5.36682               0              
        5.36743     3.18319e-09              
        5.36804     3.18319e-09              
        5.36865     6.36639e-09              
        5.36926               0              
        5.36987               0              
        5.37048               0              
        5.37109               0              
         5.3717     3.18319e-09              
        5.37231               0              
        5.37292     3.18319e-09              
        5.37354     6.36639e-09              
        5.37415               0              
        5.37476     3.18319e-09              
        5.37537               0              
        5.37598               0              
        5.37659               0              
         5.3772               0              
        5.37781               0              
        5.37842     6.36639e-09              
        5.37903     3.18319e-09              
        5.37964               0              
        5.38025               0              
        5.38086     6.36639e-09              
        5.38147               0              
        5.38208               0              
        5.38269               0              
         5.3833     3.18319e-09              
        5.38391               0              
        5.38452     3.18319e-09              
        5.38513     3.18319e-09              
        5.38574               0              
        5.38635     3.18319e-09              
        5.38696     3.18319e-09              
        5.38757     6.36639e-09              
        5.38818     6.36639e-09              
        5.38879     3.18319e-09              
         5.3894     3.18319e-09              
        5.39001               0              
        5.39062     9.54958e-09              
        5.39124               0              
        5.39185     3.18319e-09              
        5.39246               0              
        5.39307               0              
        5.39368               0              
        5.39429     1.27328e-08              
         5.3949               0              
        5.39551     3.18319e-09              
        5.39612     3.18319e-09              
        5.39673               0              
        5.39734               0              
        5.39795               0              
        5.39856     3.18319e-09              
        5.39917     3.18319e-09              
        5.39978               0              
        5.40039     9.54958e-09              
          5.401     3.18319e-09              
        5.40161     3.18319e-09              
        5.40222               0              
        5.40283               0              
        5.40344               0              
        5.40405     3.18319e-09              
        5.40466               0              
        5.40527     6.36639e-09              
        5.40588               0              
        5.40649     9.54958e-09              
         5.4071               0              
        5.40771     3.18319e-09              
        5.40833               0              
        5.40894     3.18319e-09              
        5.40955               0              
        5.41016     9.54958e-09              
        5.41077               0              
        5.41138     6.36639e-09              
        5.41199               0              
         5.4126     6.36639e-09              
        5.41321               0              
        5.41382     3.18319e-09              
        5.41443     3.18319e-09              
        5.41504               0              
        5.41565               0              
        5.41626               0              
        5.41687     3.18319e-09              
        5.41748               0              
        5.41809     3.18319e-09              
         5.4187     6.36639e-09              
        5.41931     3.18319e-09              
        5.41992               0              
        5.42053               0              
        5.42114               0              
        5.42175               0              
        5.42236               0              
        5.42297               0              
        5.42358               0              
        5.42419     6.36639e-09              
         5.4248     3.18319e-09              
        5.42542               0              
        5.42603               0              
        5.42664     3.18319e-09              
        5.42725     6.36639e-09              
        5.42786     6.36639e-09              
        5.42847     6.36639e-09              
        5.42908     3.18319e-09              
        5.42969     3.18319e-09              
         5.4303               0              
        5.43091               0              
        5.43152     1.27328e-08              
        5.43213               0              
        5.43274     6.36639e-09              
        5.43335     3.18319e-09              
        5.43396               0              
        5.43457     3.18319e-09              
        5.43518               0              
        5.43579     6.36639e-09              
         5.4364               0              
        5.43701     3.18319e-09              
        5.43762               0              
        5.43823     3.18319e-09              
        5.43884     3.18319e-09              
        5.43945     6.36639e-09              
        5.44006               0              
        5.44067               0              
        5.44128               0              
        5.44189     6.36639e-09              
         5.4425     3.18319e-09              
        5.44312     3.18319e-09              
        5.44373     9.54958e-09              
        5.44434               0              
        5.44495               0              
        5.44556     3.18319e-09              
        5.44617               0              
        5.44678               0              
        5.44739               0              
          5.448               0              
        5.44861     3.18319e-09              
        5.44922               0              
        5.44983     3.18319e-09              
        5.45044     3.18319e-09              
        5.45105               0              
        5.45166               0              
        5.45227     3.18319e-09              
        5.45288               0              
        5.45349               0              
         5.4541               0              
        5.45471               0              
        5.45532               0              
        5.45593     1.27328e-08              
        5.45654               0              
        5.45715     3.18319e-09              
        5.45776               0              
        5.45837               0              
        5.45898     3.18319e-09              
        5.45959               0              
        5.46021     3.18319e-09              
        5.46082     3.18319e-09              
        5.46143               0              
        5.46204     6.36639e-09              
        5.46265     3.18319e-09              
        5.46326               0              
        5.46387     6.36639e-09              
        5.46448               0              
        5.46509     3.18319e-09              
         5.4657     3.18319e-09              
        5.46631               0              
        5.46692               0              
        5.46753     6.36639e-09              
        5.46814     6.36639e-09              
        5.46875               0              
        5.46936               0              
        5.46997     3.18319e-09              
        5.47058     3.18319e-09              
        5.47119     6.36639e-09              
         5.4718               0              
        5.47241     3.18319e-09              
        5.47302     3.18319e-09              
        5.47363     3.18319e-09              
        5.47424     6.36639e-09              
        5.47485     3.18319e-09              
        5.47546               0              
        5.47607               0              
        5.47668               0              
        5.47729     3.18319e-09              
        5.47791               0              
        5.47852     3.18319e-09              
        5.47913               0              
        5.47974     3.18319e-09              
        5.48035               0              
        5.48096     3.18319e-09              
        5.48157     3.18319e-09              
        5.48218               0              
        5.48279               0              
         5.4834     3.18319e-09              
        5.48401               0              
        5.48462     3.18319e-09              
        5.48523     3.18319e-09              
        5.48584               0              
        5.48645               0              
        5.48706     9.54958e-09              
        5.48767     6.36639e-09              
        5.48828     3.18319e-09              
        5.48889     3.18319e-09              
         5.4895               0              
        5.49011               0              
        5.49072     3.18319e-09              
        5.49133     3.18319e-09              
        5.49194     6.36639e-09              
        5.49255               0              
        5.49316               0              
        5.49377               0              
        5.49438               0              
          5.495               0              
        5.49561               0              
        5.49622     3.18319e-09              
        5.49683     3.18319e-09              
        5.49744               0              
        5.49805               0              
        5.49866               0              
        5.49927     6.36639e-09              
        5.49988               0              
        5.50049               0              
         5.5011     3.18319e-09              
        5.50171     3.18319e-09              
        5.50232               0              
        5.50293     6.36639e-09              
        5.50354     3.18319e-09              
        5.50415               0              
        5.50476     6.36639e-09              
        5.50537               0              
        5.50598               0              
        5.50659     6.36639e-09              
         5.5072               0              
        5.50781               0              
        5.50842     3.18319e-09              
        5.50903     3.18319e-09              
        5.50964               0              
        5.51025     3.18319e-09              
        5.51086     3.18319e-09              
        5.51147     3.18319e-09              
        5.51208               0              
         5.5127               0              
        5.51331     3.18319e-09              
        5.51392               0              
        5.51453     6.36639e-09              
        5.51514     3.18319e-09              
        5.51575     3.18319e-09              
        5.51636               0              
        5.51697     3.18319e-09              
        5.51758               0              
        5.51819               0              
         5.5188               0              
        5.51941     6.36639e-09              
        5.52002     3.18319e-09              
        5.52063     3.18319e-09              
        5.52124     3.18319e-09              
        5.52185               0              
        5.52246     3.18319e-09              
        5.52307               0              
        5.52368               0              
        5.52429     3.18319e-09              
         5.5249     9.54958e-09              
        5.52551               0              
        5.52612     9.54958e-09              
        5.52673     3.18319e-09              
        5.52734               0              
        5.52795               0              
        5.52856               0              
        5.52917     6.36639e-09              
        5.52979     3.18319e-09              
         5.5304               0              
        5.53101     9.54958e-09              
        5.53162     6.36639e-09              
        5.53223     3.18319e-09              
        5.53284     3.18319e-09              
        5.53345               0              
        5.53406               0              
        5.53467     9.54958e-09              
        5.53528               0              
        5.53589     3.18319e-09              
         5.5365               0              
        5.53711               0              
        5.53772               0              
        5.53833               0              
        5.53894     3.18319e-09              
        5.53955               0              
        5.54016     3.18319e-09              
        5.54077     3.18319e-09              
        5.54138     3.18319e-09              
        5.54199     6.36639e-09              
         5.5426               0              
        5.54321               0              
        5.54382               0              
        5.54443     9.54958e-09              
        5.54504     3.18319e-09              
        5.54565               0              
        5.54626               0              
        5.54688               0              
        5.54749               0              
         5.5481               0              
        5.54871               0              
        5.54932               0              
        5.54993               0              
        5.55054               0              
        5.55115     9.54958e-09              
        5.55176     3.18319e-09              
        5.55237               0              
        5.55298               0              
        5.55359               0              
         5.5542     3.18319e-09              
        5.55481               0              
        5.55542     3.18319e-09              
        5.55603               0              
        5.55664     3.18319e-09              
        5.55725               0              
        5.55786               0              
        5.55847     3.18319e-09              
        5.55908     3.18319e-09              
        5.55969     3.18319e-09              
         5.5603     3.18319e-09              
        5.56091               0              
        5.56152               0              
        5.56213     3.18319e-09              
        5.56274               0              
        5.56335               0              
        5.56396               0              
        5.56458               0              
        5.56519     3.18319e-09              
         5.5658               0              
        5.56641     3.18319e-09              
        5.56702     3.18319e-09              
        5.56763     9.54958e-09              
        5.56824               0              
        5.56885               0              
        5.56946     3.18319e-09              
        5.57007               0              
        5.57068               0              
        5.57129     6.36639e-09              
         5.5719     3.18319e-09              
        5.57251               0              
        5.57312     3.18319e-09              
        5.57373     3.18319e-09              
        5.57434     3.18319e-09              
        5.57495     3.18319e-09              
        5.57556     3.18319e-09              
        5.57617               0              
        5.57678               0              
        5.57739     6.36639e-09              
          5.578     6.36639e-09              
        5.57861     9.54958e-09              
        5.57922               0              
        5.57983     3.18319e-09              
        5.58044     3.18319e-09              
        5.58105               0              
        5.58167     9.54958e-09              
        5.58228               0              
        5.58289     6.36639e-09              
         5.5835               0              
        5.58411     6.36639e-09              
        5.58472     3.18319e-09              
        5.58533               0              
        5.58594               0              
        5.58655               0              
        5.58716     9.54958e-09              
        5.58777     3.18319e-09              
        5.58838     3.18319e-09              
        5.58899     3.18319e-09              
         5.5896               0              
        5.59021     6.36639e-09              
        5.59082     9.54958e-09              
        5.59143     6.36639e-09              
        5.59204     6.36639e-09              
        5.59265               0              
        5.59326     3.18319e-09              
        5.59387     3.18319e-09              
        5.59448               0              
        5.59509     3.18319e-09              
         5.5957               0              
        5.59631     1.27328e-08              
        5.59692               0              
        5.59753     3.18319e-09              
        5.59814               0              
        5.59875               0              
        5.59937               0              
        5.59998     3.18319e-09              
        5.60059     6.36639e-09              
         5.6012               0              
        5.60181               0              
        5.60242     3.18319e-09              
        5.60303     3.18319e-09              
        5.60364               0              
        5.60425     3.18319e-09              
        5.60486     3.18319e-09              
        5.60547     6.36639e-09              
        5.60608               0              
        5.60669               0              
         5.6073               0              
        5.60791               0              
        5.60852     3.18319e-09              
        5.60913               0              
        5.60974     9.54958e-09              
        5.61035               0              
        5.61096               0              
        5.61157               0              
        5.61218     3.18319e-09              
        5.61279     3.18319e-09              
         5.6134               0              
        5.61401     3.18319e-09              
        5.61462               0              
        5.61523               0              
        5.61584     6.36639e-09              
        5.61646               0              
        5.61707               0              
        5.61768     6.36639e-09              
        5.61829     3.18319e-09              
         5.6189     6.36639e-09              
        5.61951               0              
        5.62012     6.36639e-09              
        5.62073     9.54958e-09              
        5.62134               0              
        5.62195               0              
        5.62256               0              
        5.62317     3.18319e-09              
        5.62378               0              
        5.62439     6.36639e-09              
          5.625     3.18319e-09              
        5.62561     3.18319e-09              
        5.62622     9.54958e-09              
        5.62683               0              
        5.62744     3.18319e-09              
        5.62805               0              
        5.62866               0              
        5.62927     6.36639e-09              
        5.62988               0              
        5.63049     3.18319e-09              
         5.6311               0              
        5.63171     3.18319e-09              
        5.63232               0              
        5.63293               0              
        5.63354     6.36639e-09              
        5.63416               0              
        5.63477     3.18319e-09              
        5.63538               0              
        5.63599     3.18319e-09              
         5.6366               0              
        5.63721               0              
        5.63782               0              
        5.63843     3.18319e-09              
        5.63904     3.18319e-09              
        5.63965               0              
        5.64026               0              
        5.64087               0              
        5.64148               0              
        5.64209     3.18319e-09              
         5.6427     3.18319e-09              
        5.64331               0              
        5.64392               0              
        5.64453     6.36639e-09              
        5.64514               0              
        5.64575     6.36639e-09              
        5.64636     6.36639e-09              
        5.64697     3.18319e-09              
        5.64758     3.18319e-09              
        5.64819     3.18319e-09              
         5.6488     3.18319e-09              
        5.64941     3.18319e-09              
        5.65002               0              
        5.65063               0              
        5.65125               0              
        5.65186     3.18319e-09              
        5.65247     3.18319e-09              
        5.65308               0              
        5.65369     3.18319e-09              
         5.6543               0              
        5.65491     6.36639e-09              
        5.65552               0              
        5.65613               0              
        5.65674               0              
        5.65735               0              
        5.65796               0              
        5.65857     6.36639e-09              
        5.65918               0              
        5.65979     3.18319e-09              
         5.6604               0              
        5.66101     3.18319e-09              
        5.66162               0              
        5.66223               0              
        5.66284               0              
        5.66345               0              
        5.66406               0              
        5.66467     3.18319e-09              
        5.66528               0              
        5.66589               0              
         5.6665               0              
        5.66711     3.18319e-09              
        5.66772     3.18319e-09              
        5.66833               0              
        5.66895     3.18319e-09              
        5.66956     3.18319e-09              
        5.67017               0              
        5.67078     3.18319e-09              
        5.67139               0              
          5.672               0              
        5.67261               0              
        5.67322               0              
        5.67383     6.36639e-09              
        5.67444               0              
        5.67505     6.36639e-09              
        5.67566     3.18319e-09              
        5.67627               0              
        5.67688     3.18319e-09              
        5.67749     3.18319e-09              
         5.6781     3.18319e-09              
        5.67871     9.54958e-09              
        5.67932     3.18319e-09              
        5.67993     3.18319e-09              
        5.68054     6.36639e-09              
        5.68115     6.36639e-09              
        5.68176               0              
        5.68237               0              
        5.68298     3.18319e-09              
        5.68359               0              
         5.6842     3.18319e-09              
        5.68481     3.18319e-09              
        5.68542               0              
        5.68604     3.18319e-09              
        5.68665               0              
        5.68726               0              
        5.68787               0              
        5.68848     3.18319e-09              
        5.68909     3.18319e-09              
         5.6897               0              
        5.69031               0              
        5.69092     6.36639e-09              
        5.69153               0              
        5.69214               0              
        5.69275     3.18319e-09              
        5.69336               0              
        5.69397     6.36639e-09              
        5.69458     9.54958e-09              
        5.69519               0              
         5.6958     3.18319e-09              
        5.69641               0              
        5.69702               0              
        5.69763     3.18319e-09              
        5.69824               0              
        5.69885     3.18319e-09              
        5.69946               0              
        5.70007     3.18319e-09              
        5.70068               0              
        5.70129     3.18319e-09              
         5.7019               0              
        5.70251               0              
        5.70312     3.18319e-09              
        5.70374     3.18319e-09              
        5.70435               0              
        5.70496     3.18319e-09              
        5.70557               0              
        5.70618     3.18319e-09              
        5.70679               0              
         5.7074               0              
        5.70801               0              
        5.70862     3.18319e-09              
        5.70923     3.18319e-09              
        5.70984     3.18319e-09              
        5.71045               0              
        5.71106               0              
        5.71167               0              
        5.71228               0              
        5.71289     3.18319e-09              
         5.7135               0              
        5.71411     3.18319e-09              
        5.71472               0              
        5.71533               0              
        5.71594               0              
        5.71655     3.18319e-09              
        5.71716               0              
        5.71777     6.36639e-09              
        5.71838     6.36639e-09              
        5.71899               0              
         5.7196     3.18319e-09              
        5.72021     3.18319e-09              
        5.72083     3.18319e-09              
        5.72144     3.18319e-09              
        5.72205     6.36639e-09              
        5.72266     3.18319e-09              
        5.72327     3.18319e-09              
        5.72388     3.18319e-09              
        5.72449     3.18319e-09              
         5.7251               0              
        5.72571               0              
        5.72632               0              
        5.72693               0              
        5.72754               0              
        5.72815     6.36639e-09              
        5.72876               0              
        5.72937               0              
        5.72998               0              
        5.73059               0              
         5.7312     6.36639e-09              
        5.73181     3.18319e-09              
        5.73242     3.18319e-09              
        5.73303     3.18319e-09              
        5.73364               0              
        5.73425     6.36639e-09              
        5.73486               0              
        5.73547               0              
        5.73608     3.18319e-09              
        5.73669     3.18319e-09              
         5.7373     3.18319e-09              
        5.73792     3.18319e-09              
        5.73853               0              
        5.73914     3.18319e-09              
        5.73975               0              
        5.74036               0              
        5.74097               0              
        5.74158     3.18319e-09              
        5.74219     9.54958e-09              
         5.7428     1.27328e-08              
        5.74341     3.18319e-09              
        5.74402     6.36639e-09              
        5.74463     3.18319e-09              
        5.74524     6.36639e-09              
        5.74585               0              
        5.74646     3.18319e-09              
        5.74707               0              
        5.74768     3.18319e-09              
        5.74829     3.18319e-09              
         5.7489               0              
        5.74951     3.18319e-09              
        5.75012     3.18319e-09              
        5.75073     3.18319e-09              
        5.75134     3.18319e-09              
        5.75195     3.18319e-09              
        5.75256     3.18319e-09              
        5.75317               0              
        5.75378     3.18319e-09              
        5.75439     6.36639e-09              
          5.755     6.36639e-09              
        5.75562               0              
        5.75623     3.18319e-09              
        5.75684               0              
        5.75745               0              
        5.75806               0              
        5.75867               0              
        5.75928               0              
        5.75989     1.27328e-08              
         5.7605     6.36639e-09              
        5.76111     3.18319e-09              
        5.76172     3.18319e-09              
        5.76233     3.18319e-09              
        5.76294     1.27328e-08              
        5.76355     3.18319e-09              
        5.76416               0              
        5.76477               0              
        5.76538     3.18319e-09              
        5.76599     3.18319e-09              
         5.7666     3.18319e-09              
        5.76721     3.18319e-09              
        5.76782               0              
        5.76843     6.36639e-09              
        5.76904               0              
        5.76965               0              
        5.77026               0              
        5.77087     6.36639e-09              
        5.77148     3.18319e-09              
        5.77209     3.18319e-09              
        5.77271               0              
        5.77332     3.18319e-09              
        5.77393               0              
        5.77454               0              
        5.77515     3.18319e-09              
        5.77576               0              
        5.77637     3.18319e-09              
        5.77698               0              
        5.77759               0              
         5.7782               0              
        5.77881               0              
        5.77942     3.18319e-09              
        5.78003     6.36639e-09              
        5.78064     3.18319e-09              
        5.78125               0              
        5.78186     3.18319e-09              
        5.78247     6.36639e-09              
        5.78308     3.18319e-09              
        5.78369               0              
         5.7843     3.18319e-09              
        5.78491               0              
        5.78552     3.18319e-09              
        5.78613     6.36639e-09              
        5.78674               0              
        5.78735               0              
        5.78796     6.36639e-09              
        5.78857               0              
        5.78918               0              
        5.78979               0              
        5.79041     3.18319e-09              
        5.79102               0              
        5.79163     3.18319e-09              
        5.79224     6.36639e-09              
        5.79285     3.18319e-09              
        5.79346     3.18319e-09              
        5.79407     3.18319e-09              
        5.79468     6.36639e-09              
        5.79529     3.18319e-09              
         5.7959               0              
        5.79651     3.18319e-09              
        5.79712     6.36639e-09              
        5.79773     3.18319e-09              
        5.79834     9.54958e-09              
        5.79895               0              
        5.79956     3.18319e-09              
        5.80017     3.18319e-09              
        5.80078     3.18319e-09              
        5.80139     3.18319e-09              
          5.802     3.18319e-09              
        5.80261     3.18319e-09              
        5.80322     3.18319e-09              
        5.80383     9.54958e-09              
        5.80444     3.18319e-09              
        5.80505     3.18319e-09              
        5.80566               0              
        5.80627     1.27328e-08              
        5.80688     3.18319e-09              
         5.8075               0              
        5.80811     3.18319e-09              
        5.80872               0              
        5.80933     3.18319e-09              
        5.80994     6.36639e-09              
        5.81055     6.36639e-09              
        5.81116               0              
        5.81177     3.18319e-09              
        5.81238     6.36639e-09              
        5.81299     3.18319e-09              
         5.8136     3.18319e-09              
        5.81421     3.18319e-09              
        5.81482     1.27328e-08              
        5.81543     3.18319e-09              
        5.81604     3.18319e-09              
        5.81665     3.18319e-09              
        5.81726     3.18319e-09              
        5.81787               0              
        5.81848               0              
        5.81909               0              
         5.8197               0              
        5.82031     3.18319e-09              
        5.82092     3.18319e-09              
        5.82153               0              
        5.82214               0              
        5.82275               0              
        5.82336     3.18319e-09              
        5.82397               0              
        5.82458               0              
         5.8252     3.18319e-09              
        5.82581     6.36639e-09              
        5.82642     6.36639e-09              
        5.82703     3.18319e-09              
        5.82764     3.18319e-09              
        5.82825     3.18319e-09              
        5.82886     3.18319e-09              
        5.82947               0              
        5.83008     6.36639e-09              
        5.83069               0              
         5.8313               0              
        5.83191               0              
        5.83252     3.18319e-09              
        5.83313               0              
        5.83374     9.54958e-09              
        5.83435               0              
        5.83496     3.18319e-09              
        5.83557               0              
        5.83618               0              
        5.83679     9.54958e-09              
         5.8374               0              
        5.83801               0              
        5.83862               0              
        5.83923     6.36639e-09              
        5.83984               0              
        5.84045     3.18319e-09              
        5.84106               0              
        5.84167               0              
        5.84229               0              
         5.8429     3.18319e-09              
        5.84351     3.18319e-09              
        5.84412     6.36639e-09              
        5.84473     6.36639e-09              
        5.84534     3.18319e-09              
        5.84595               0              
        5.84656     3.18319e-09              
        5.84717     3.18319e-09              
        5.84778     6.36639e-09              
        5.84839     3.18319e-09              
          5.849               0              
        5.84961     3.18319e-09              
        5.85022     3.18319e-09              
        5.85083               0              
        5.85144               0              
        5.85205               0              
        5.85266     6.36639e-09              
        5.85327               0              
        5.85388     3.18319e-09              
        5.85449               0              
         5.8551     6.36639e-09              
        5.85571               0              
        5.85632     6.36639e-09              
        5.85693     6.36639e-09              
        5.85754     3.18319e-09              
        5.85815               0              
        5.85876               0              
        5.85938     3.18319e-09              
        5.85999               0              
         5.8606               0              
        5.86121     3.18319e-09              
        5.86182               0              
        5.86243     3.18319e-09              
        5.86304     6.36639e-09              
        5.86365               0              
        5.86426     9.54958e-09              
        5.86487               0              
        5.86548     3.18319e-09              
        5.86609               0              
         5.8667               0              
        5.86731     3.18319e-09              
        5.86792     3.18319e-09              
        5.86853               0              
        5.86914     6.36639e-09              
        5.86975     3.18319e-09              
        5.87036     3.18319e-09              
        5.87097     3.18319e-09              
        5.87158     3.18319e-09              
        5.87219     6.36639e-09              
         5.8728     3.18319e-09              
        5.87341     9.54958e-09              
        5.87402     3.18319e-09              
        5.87463               0              
        5.87524               0              
        5.87585     3.18319e-09              
        5.87646               0              
        5.87708     6.36639e-09              
        5.87769               0              
         5.8783               0              
        5.87891     3.18319e-09              
        5.87952     3.18319e-09              
        5.88013               0              
        5.88074     6.36639e-09              
        5.88135               0              
        5.88196     6.36639e-09              
        5.88257               0              
        5.88318               0              
        5.88379               0              
         5.8844               0              
        5.88501     3.18319e-09              
        5.88562               0              
        5.88623               0              
        5.88684     6.36639e-09              
        5.88745               0              
        5.88806     3.18319e-09              
        5.88867     3.18319e-09              
        5.88928               0              
        5.88989               0              
         5.8905     3.18319e-09              
        5.89111               0              
        5.89172               0              
        5.89233     3.18319e-09              
        5.89294     3.18319e-09              
        5.89355               0              
        5.89417     3.18319e-09              
        5.89478               0              
        5.89539     3.18319e-09              
          5.896     3.18319e-09              
        5.89661     3.18319e-09              
        5.89722               0              
        5.89783               0              
        5.89844     3.18319e-09              
        5.89905     3.18319e-09              
        5.89966     3.18319e-09              
        5.90027     3.18319e-09              
        5.90088               0              
        5.90149               0              
         5.9021     3.18319e-09              
        5.90271     6.36639e-09              
        5.90332     3.18319e-09              
        5.90393     3.18319e-09              
        5.90454               0              
        5.90515               0              
        5.90576               0              
        5.90637     3.18319e-09              
        5.90698     3.18319e-09              
        5.90759     3.18319e-09              
         5.9082               0              
        5.90881               0              
        5.90942     3.18319e-09              
        5.91003     3.18319e-09              
        5.91064               0              
        5.91125     6.36639e-09              
        5.91187               0              
        5.91248     3.18319e-09              
        5.91309     6.36639e-09              
         5.9137     3.18319e-09              
        5.91431     3.18319e-09              
        5.91492               0              
        5.91553               0              
        5.91614               0              
        5.91675     3.18319e-09              
        5.91736               0              
        5.91797     3.18319e-09              
        5.91858     3.18319e-09              
        5.91919               0              
         5.9198               0              
        5.92041               0              
        5.92102               0              
        5.92163     3.18319e-09              
        5.92224     6.36639e-09              
        5.92285     3.18319e-09              
        5.92346               0              
        5.92407               0              
        5.92468     3.18319e-09              
        5.92529               0              
         5.9259               0              
        5.92651               0              
        5.92712     3.18319e-09              
        5.92773               0              
        5.92834     3.18319e-09              
        5.92896               0              
        5.92957     9.54958e-09              
        5.93018               0              
        5.93079     9.54958e-09              
         5.9314     3.18319e-09              
        5.93201     3.18319e-09              
        5.93262               0              
        5.93323     3.18319e-09              
        5.93384               0              
        5.93445               0              
        5.93506               0              
        5.93567               0              
        5.93628               0              
        5.93689               0              
         5.9375               0              
        5.93811     3.18319e-09              
        5.93872     3.18319e-09              
        5.93933     3.18319e-09              
        5.93994     3.18319e-09              
        5.94055     6.36639e-09              
        5.94116     3.18319e-09              
        5.94177               0              
        5.94238               0              
        5.94299     9.54958e-09              
         5.9436               0              
        5.94421     3.18319e-09              
        5.94482               0              
        5.94543               0              
        5.94604     3.18319e-09              
        5.94666     6.36639e-09              
        5.94727     3.18319e-09              
        5.94788     3.18319e-09              
        5.94849     6.36639e-09              
         5.9491     3.18319e-09              
        5.94971               0              
        5.95032               0              
        5.95093               0              
        5.95154               0              
        5.95215     6.36639e-09              
        5.95276               0              
        5.95337     3.18319e-09              
        5.95398     6.36639e-09              
        5.95459     3.18319e-09              
         5.9552     6.36639e-09              
        5.95581               0              
        5.95642               0              
        5.95703     3.18319e-09              
        5.95764     3.18319e-09              
        5.95825     6.36639e-09              
        5.95886               0              
        5.95947               0              
        5.96008               0              
        5.96069     3.18319e-09              
         5.9613               0              
        5.96191               0              
        5.96252     3.18319e-09              
        5.96313     3.18319e-09              
        5.96375               0              
        5.96436     3.18319e-09              
        5.96497               0              
        5.96558     3.18319e-09              
        5.96619               0              
         5.9668     3.18319e-09              
        5.96741     3.18319e-09              
        5.96802     3.18319e-09              
        5.96863               0              
        5.96924               0              
        5.96985     6.36639e-09              
        5.97046               0              
        5.97107     6.36639e-09              
        5.97168     6.36639e-09              
        5.97229     3.18319e-09              
         5.9729               0              
        5.97351     3.18319e-09              
        5.97412               0              
        5.97473               0              
        5.97534               0              
        5.97595     9.54958e-09              
        5.97656     3.18319e-09              
        5.97717     3.18319e-09              
        5.97778               0              
        5.97839     3.18319e-09              
          5.979     6.36639e-09              
        5.97961               0              
        5.98022               0              
        5.98083               0              
        5.98145               0              
        5.98206               0              
        5.98267     6.36639e-09              
        5.98328     3.18319e-09              
        5.98389     6.36639e-09              
         5.9845               0              
        5.98511               0              
        5.98572     3.18319e-09              
        5.98633     3.18319e-09              
        5.98694               0              
        5.98755               0              
        5.98816               0              
        5.98877     3.18319e-09              
        5.98938               0              
        5.98999               0              
         5.9906     3.18319e-09              
        5.99121               0              
        5.99182     3.18319e-09              
        5.99243     3.18319e-09              
        5.99304     3.18319e-09              
        5.99365               0              
        5.99426     3.18319e-09              
        5.99487     6.36639e-09              
        5.99548               0              
        5.99609               0              
         5.9967     6.36639e-09              
        5.99731               0              
        5.99792     9.54958e-09              
