        6.99829               0              
         6.9989               0              
        6.99951     6.36639e-09              
        7.00012               0              
        7.00073               0              
        7.00134               0              
        7.00195               0              
        7.00256               0              
        7.00317               0              
        7.00378     3.18319e-09              
        7.00439               0              
          7.005               0              
        7.00562               0              
        7.00623     6.36639e-09              
        7.00684     3.18319e-09              
        7.00745     3.18319e-09              
        7.00806               0              
        7.00867     3.18319e-09              
        7.00928               0              
        7.00989               0              
         7.0105               0              
        7.01111     3.18319e-09              
        7.01172               0              
        7.01233     3.18319e-09              
        7.01294               0              
        7.01355     3.18319e-09              
        7.01416               0              
        7.01477               0              
        7.01538     6.36639e-09              
        7.01599               0              
         7.0166     3.18319e-09              
        7.01721               0              
        7.01782               0              
        7.01843     3.18319e-09              
        7.01904               0              
        7.01965               0              
        7.02026               0              
        7.02087     6.36639e-09              
        7.02148               0              
        7.02209               0              
        7.02271     6.36639e-09              
        7.02332     6.36639e-09              
        7.02393               0              
        7.02454               0              
        7.02515               0              
        7.02576               0              
        7.02637     3.18319e-09              
        7.02698               0              
        7.02759               0              
         7.0282               0              
        7.02881     3.18319e-09              
        7.02942     3.18319e-09              
        7.03003     3.18319e-09              
        7.03064     6.36639e-09              
        7.03125               0              
        7.03186     6.36639e-09              
        7.03247               0              
        7.03308               0              
        7.03369     6.36639e-09              
         7.0343               0              
        7.03491               0              
        7.03552               0              
        7.03613     3.18319e-09              
        7.03674               0              
        7.03735               0              
        7.03796     3.18319e-09              
        7.03857     6.36639e-09              
        7.03918     6.36639e-09              
        7.03979     3.18319e-09              
        7.04041     3.18319e-09              
        7.04102               0              
        7.04163               0              
        7.04224               0              
        7.04285               0              
        7.04346     3.18319e-09              
        7.04407               0              
        7.04468               0              
        7.04529               0              
         7.0459     3.18319e-09              
        7.04651               0              
        7.04712     3.18319e-09              
        7.04773               0              
        7.04834               0              
        7.04895               0              
        7.04956               0              
        7.05017               0              
        7.05078               0              
        7.05139               0              
          7.052     3.18319e-09              
        7.05261     3.18319e-09              
        7.05322               0              
        7.05383     3.18319e-09              
        7.05444               0              
        7.05505     3.18319e-09              
        7.05566               0              
        7.05627               0              
        7.05688               0              
         7.0575     3.18319e-09              
        7.05811               0              
        7.05872     6.36639e-09              
        7.05933               0              
        7.05994               0              
        7.06055     3.18319e-09              
        7.06116     3.18319e-09              
        7.06177               0              
        7.06238     3.18319e-09              
        7.06299               0              
         7.0636     3.18319e-09              
        7.06421               0              
        7.06482               0              
        7.06543               0              
        7.06604     3.18319e-09              
        7.06665               0              
        7.06726               0              
        7.06787               0              
        7.06848     3.18319e-09              
        7.06909               0              
         7.0697               0              
        7.07031     3.18319e-09              
        7.07092               0              
        7.07153     3.18319e-09              
        7.07214               0              
        7.07275               0              
        7.07336               0              
        7.07397               0              
        7.07458     3.18319e-09              
         7.0752     6.36639e-09              
        7.07581     3.18319e-09              
        7.07642               0              
        7.07703     3.18319e-09              
        7.07764               0              
        7.07825     3.18319e-09              
        7.07886               0              
        7.07947               0              
        7.08008               0              
        7.08069     6.36639e-09              
         7.0813               0              
        7.08191     6.36639e-09              
        7.08252               0              
        7.08313     6.36639e-09              
        7.08374               0              
        7.08435     3.18319e-09              
        7.08496     6.36639e-09              
        7.08557               0              
        7.08618     3.18319e-09              
        7.08679               0              
         7.0874     3.18319e-09              
        7.08801               0              
        7.08862     9.54958e-09              
        7.08923               0              
        7.08984     3.18319e-09              
        7.09045     1.27328e-08              
        7.09106               0              
        7.09167               0              
        7.09229               0              
         7.0929               0              
        7.09351     3.18319e-09              
        7.09412     3.18319e-09              
        7.09473               0              
        7.09534     3.18319e-09              
        7.09595               0              
        7.09656               0              
        7.09717               0              
        7.09778     9.54958e-09              
        7.09839     3.18319e-09              
          7.099               0              
        7.09961     3.18319e-09              
        7.10022     3.18319e-09              
        7.10083     3.18319e-09              
        7.10144               0              
        7.10205               0              
        7.10266               0              
        7.10327               0              
        7.10388     3.18319e-09              
        7.10449               0              
         7.1051     3.18319e-09              
        7.10571               0              
        7.10632     6.36639e-09              
        7.10693     6.36639e-09              
        7.10754               0              
        7.10815               0              
        7.10876     3.18319e-09              
        7.10938     3.18319e-09              
        7.10999               0              
         7.1106               0              
        7.11121               0              
        7.11182               0              
        7.11243               0              
        7.11304     3.18319e-09              
        7.11365               0              
        7.11426               0              
        7.11487               0              
        7.11548               0              
        7.11609     3.18319e-09              
         7.1167     3.18319e-09              
        7.11731               0              
        7.11792               0              
        7.11853               0              
        7.11914               0              
        7.11975               0              
        7.12036               0              
        7.12097               0              
        7.12158     3.18319e-09              
        7.12219               0              
         7.1228     6.36639e-09              
        7.12341     3.18319e-09              
        7.12402     3.18319e-09              
        7.12463               0              
        7.12524               0              
        7.12585               0              
        7.12646     3.18319e-09              
        7.12708     3.18319e-09              
        7.12769               0              
         7.1283     6.36639e-09              
        7.12891     3.18319e-09              
        7.12952     3.18319e-09              
        7.13013     3.18319e-09              
        7.13074               0              
        7.13135     3.18319e-09              
        7.13196               0              
        7.13257               0              
        7.13318               0              
        7.13379               0              
         7.1344               0              
        7.13501     3.18319e-09              
        7.13562     3.18319e-09              
        7.13623               0              
        7.13684     3.18319e-09              
        7.13745               0              
        7.13806               0              
        7.13867     3.18319e-09              
        7.13928               0              
        7.13989     3.18319e-09              
         7.1405               0              
        7.14111               0              
        7.14172     3.18319e-09              
        7.14233               0              
        7.14294     3.18319e-09              
        7.14355               0              
        7.14417               0              
        7.14478               0              
        7.14539               0              
          7.146     3.18319e-09              
        7.14661     3.18319e-09              
        7.14722     6.36639e-09              
        7.14783     3.18319e-09              
        7.14844               0              
        7.14905     3.18319e-09              
        7.14966     3.18319e-09              
        7.15027               0              
        7.15088     3.18319e-09              
        7.15149     6.36639e-09              
         7.1521               0              
        7.15271     3.18319e-09              
        7.15332     6.36639e-09              
        7.15393     3.18319e-09              
        7.15454               0              
        7.15515     3.18319e-09              
        7.15576     6.36639e-09              
        7.15637     3.18319e-09              
        7.15698     3.18319e-09              
        7.15759               0              
         7.1582     3.18319e-09              
        7.15881               0              
        7.15942     3.18319e-09              
        7.16003     3.18319e-09              
        7.16064               0              
        7.16125               0              
        7.16187               0              
        7.16248     3.18319e-09              
        7.16309               0              
         7.1637               0              
        7.16431     3.18319e-09              
        7.16492     3.18319e-09              
        7.16553               0              
        7.16614     6.36639e-09              
        7.16675               0              
        7.16736               0              
        7.16797     3.18319e-09              
        7.16858               0              
        7.16919               0              
         7.1698               0              
        7.17041               0              
        7.17102               0              
        7.17163     3.18319e-09              
        7.17224               0              
        7.17285               0              
        7.17346               0              
        7.17407               0              
        7.17468     3.18319e-09              
        7.17529               0              
         7.1759               0              
        7.17651               0              
        7.17712     3.18319e-09              
        7.17773     3.18319e-09              
        7.17834     6.36639e-09              
        7.17896     6.36639e-09              
        7.17957               0              
        7.18018               0              
        7.18079     3.18319e-09              
         7.1814               0              
        7.18201               0              
        7.18262               0              
        7.18323     3.18319e-09              
        7.18384               0              
        7.18445     3.18319e-09              
        7.18506     3.18319e-09              
        7.18567               0              
        7.18628               0              
        7.18689               0              
         7.1875     3.18319e-09              
        7.18811     3.18319e-09              
        7.18872     6.36639e-09              
        7.18933     3.18319e-09              
        7.18994     3.18319e-09              
        7.19055               0              
        7.19116               0              
        7.19177     3.18319e-09              
        7.19238               0              
        7.19299     6.36639e-09              
         7.1936               0              
        7.19421               0              
        7.19482               0              
        7.19543               0              
        7.19604               0              
        7.19666     3.18319e-09              
        7.19727               0              
        7.19788     6.36639e-09              
        7.19849               0              
         7.1991               0              
        7.19971     3.18319e-09              
        7.20032     6.36639e-09              
        7.20093     3.18319e-09              
        7.20154     3.18319e-09              
        7.20215     3.18319e-09              
        7.20276               0              
        7.20337               0              
        7.20398               0              
        7.20459               0              
         7.2052               0              
        7.20581     6.36639e-09              
        7.20642     6.36639e-09              
        7.20703               0              
        7.20764     6.36639e-09              
        7.20825               0              
        7.20886               0              
        7.20947               0              
        7.21008               0              
        7.21069               0              
         7.2113     6.36639e-09              
        7.21191     3.18319e-09              
        7.21252               0              
        7.21313               0              
        7.21375               0              
        7.21436               0              
        7.21497               0              
        7.21558               0              
        7.21619               0              
         7.2168               0              
        7.21741     9.54958e-09              
        7.21802               0              
        7.21863               0              
        7.21924               0              
        7.21985               0              
        7.22046     3.18319e-09              
        7.22107               0              
        7.22168     3.18319e-09              
        7.22229     3.18319e-09              
         7.2229     6.36639e-09              
        7.22351               0              
        7.22412     3.18319e-09              
        7.22473               0              
        7.22534               0              
        7.22595               0              
        7.22656     3.18319e-09              
        7.22717               0              
        7.22778               0              
        7.22839               0              
          7.229               0              
        7.22961     6.36639e-09              
        7.23022     3.18319e-09              
        7.23083     3.18319e-09              
        7.23145               0              
        7.23206     3.18319e-09              
        7.23267               0              
        7.23328               0              
        7.23389               0              
         7.2345               0              
        7.23511               0              
        7.23572     3.18319e-09              
        7.23633     3.18319e-09              
        7.23694               0              
        7.23755               0              
        7.23816     6.36639e-09              
        7.23877               0              
        7.23938     3.18319e-09              
        7.23999               0              
         7.2406               0              
        7.24121     9.54958e-09              
        7.24182               0              
        7.24243               0              
        7.24304               0              
        7.24365               0              
        7.24426     3.18319e-09              
        7.24487               0              
        7.24548     6.36639e-09              
        7.24609               0              
         7.2467               0              
        7.24731               0              
        7.24792               0              
        7.24854     3.18319e-09              
        7.24915               0              
        7.24976     3.18319e-09              
        7.25037               0              
        7.25098               0              
        7.25159               0              
         7.2522     3.18319e-09              
        7.25281     6.36639e-09              
        7.25342     3.18319e-09              
        7.25403               0              
        7.25464     6.36639e-09              
        7.25525               0              
        7.25586               0              
        7.25647     3.18319e-09              
        7.25708     3.18319e-09              
        7.25769     3.18319e-09              
         7.2583               0              
        7.25891               0              
        7.25952               0              
        7.26013     6.36639e-09              
        7.26074     3.18319e-09              
        7.26135     9.54958e-09              
        7.26196               0              
        7.26257               0              
        7.26318     3.18319e-09              
        7.26379     3.18319e-09              
         7.2644     3.18319e-09              
        7.26501               0              
        7.26562               0              
        7.26624     3.18319e-09              
        7.26685               0              
        7.26746     3.18319e-09              
        7.26807     3.18319e-09              
        7.26868               0              
        7.26929     6.36639e-09              
         7.2699               0              
        7.27051     3.18319e-09              
        7.27112               0              
        7.27173               0              
        7.27234     3.18319e-09              
        7.27295     3.18319e-09              
        7.27356               0              
        7.27417               0              
        7.27478     3.18319e-09              
        7.27539               0              
          7.276     3.18319e-09              
        7.27661               0              
        7.27722               0              
        7.27783     3.18319e-09              
        7.27844               0              
        7.27905               0              
        7.27966     3.18319e-09              
        7.28027     3.18319e-09              
        7.28088     3.18319e-09              
        7.28149               0              
         7.2821               0              
        7.28271               0              
        7.28333     6.36639e-09              
        7.28394     3.18319e-09              
        7.28455     3.18319e-09              
        7.28516               0              
        7.28577     3.18319e-09              
        7.28638               0              
        7.28699               0              
         7.2876               0              
        7.28821     3.18319e-09              
        7.28882     3.18319e-09              
        7.28943     3.18319e-09              
        7.29004               0              
        7.29065               0              
        7.29126     3.18319e-09              
        7.29187     3.18319e-09              
        7.29248     3.18319e-09              
        7.29309     3.18319e-09              
         7.2937               0              
        7.29431               0              
        7.29492               0              
        7.29553               0              
        7.29614     3.18319e-09              
        7.29675     3.18319e-09              
        7.29736     3.18319e-09              
        7.29797     3.18319e-09              
        7.29858     3.18319e-09              
        7.29919     3.18319e-09              
         7.2998               0              
        7.30042     3.18319e-09              
        7.30103     3.18319e-09              
        7.30164               0              
        7.30225               0              
        7.30286               0              
        7.30347               0              
        7.30408     3.18319e-09              
        7.30469               0              
         7.3053     3.18319e-09              
        7.30591               0              
        7.30652               0              
        7.30713               0              
        7.30774     6.36639e-09              
        7.30835               0              
        7.30896               0              
        7.30957               0              
        7.31018     3.18319e-09              
        7.31079               0              
         7.3114     6.36639e-09              
        7.31201               0              
        7.31262               0              
        7.31323     3.18319e-09              
        7.31384               0              
        7.31445               0              
        7.31506     3.18319e-09              
        7.31567     6.36639e-09              
        7.31628     6.36639e-09              
        7.31689               0              
         7.3175     3.18319e-09              
        7.31812     3.18319e-09              
        7.31873               0              
        7.31934     9.54958e-09              
        7.31995               0              
        7.32056               0              
        7.32117     3.18319e-09              
        7.32178     3.18319e-09              
        7.32239               0              
          7.323     3.18319e-09              
        7.32361               0              
        7.32422               0              
        7.32483     3.18319e-09              
        7.32544     3.18319e-09              
        7.32605               0              
        7.32666               0              
        7.32727     3.18319e-09              
        7.32788     6.36639e-09              
        7.32849               0              
         7.3291               0              
        7.32971     3.18319e-09              
        7.33032     3.18319e-09              
        7.33093               0              
        7.33154               0              
        7.33215               0              
        7.33276               0              
        7.33337     6.36639e-09              
        7.33398     3.18319e-09              
        7.33459     6.36639e-09              
        7.33521     6.36639e-09              
        7.33582               0              
        7.33643               0              
        7.33704               0              
        7.33765     3.18319e-09              
        7.33826     3.18319e-09              
        7.33887               0              
        7.33948               0              
        7.34009               0              
         7.3407               0              
        7.34131     3.18319e-09              
        7.34192     6.36639e-09              
        7.34253     3.18319e-09              
        7.34314     6.36639e-09              
        7.34375     6.36639e-09              
        7.34436     3.18319e-09              
        7.34497     6.36639e-09              
        7.34558               0              
        7.34619               0              
         7.3468               0              
        7.34741     6.36639e-09              
        7.34802               0              
        7.34863     6.36639e-09              
        7.34924               0              
        7.34985               0              
        7.35046               0              
        7.35107               0              
        7.35168               0              
        7.35229               0              
        7.35291               0              
        7.35352               0              
        7.35413     6.36639e-09              
        7.35474               0              
        7.35535     3.18319e-09              
        7.35596               0              
        7.35657               0              
        7.35718     3.18319e-09              
        7.35779     3.18319e-09              
         7.3584     3.18319e-09              
        7.35901               0              
        7.35962               0              
        7.36023     3.18319e-09              
        7.36084     3.18319e-09              
        7.36145     3.18319e-09              
        7.36206               0              
        7.36267               0              
        7.36328               0              
        7.36389     3.18319e-09              
         7.3645               0              
        7.36511     3.18319e-09              
        7.36572               0              
        7.36633     9.54958e-09              
        7.36694               0              
        7.36755               0              
        7.36816     9.54958e-09              
        7.36877               0              
        7.36938     3.18319e-09              
           7.37               0              
        7.37061               0              
        7.37122     3.18319e-09              
        7.37183     3.18319e-09              
        7.37244               0              
        7.37305     3.18319e-09              
        7.37366               0              
        7.37427               0              
        7.37488               0              
        7.37549     3.18319e-09              
         7.3761               0              
        7.37671               0              
        7.37732     3.18319e-09              
        7.37793               0              
        7.37854               0              
        7.37915               0              
        7.37976     3.18319e-09              
        7.38037     6.36639e-09              
        7.38098     3.18319e-09              
        7.38159               0              
         7.3822     3.18319e-09              
        7.38281               0              
        7.38342               0              
        7.38403               0              
        7.38464     3.18319e-09              
        7.38525     3.18319e-09              
        7.38586     9.54958e-09              
        7.38647     3.18319e-09              
        7.38708               0              
         7.3877     6.36639e-09              
        7.38831               0              
        7.38892     3.18319e-09              
        7.38953               0              
        7.39014     3.18319e-09              
        7.39075               0              
        7.39136               0              
        7.39197               0              
        7.39258               0              
        7.39319               0              
         7.3938               0              
        7.39441               0              
        7.39502     9.54958e-09              
        7.39563               0              
        7.39624               0              
        7.39685               0              
        7.39746               0              
        7.39807               0              
        7.39868               0              
        7.39929     9.54958e-09              
         7.3999               0              
        7.40051     3.18319e-09              
        7.40112               0              
        7.40173     3.18319e-09              
        7.40234               0              
        7.40295               0              
        7.40356               0              
        7.40417               0              
        7.40479     3.18319e-09              
         7.4054               0              
        7.40601               0              
        7.40662               0              
        7.40723               0              
        7.40784     3.18319e-09              
        7.40845               0              
        7.40906               0              
        7.40967               0              
        7.41028               0              
        7.41089               0              
         7.4115               0              
        7.41211               0              
        7.41272               0              
        7.41333               0              
        7.41394               0              
        7.41455     3.18319e-09              
        7.41516     6.36639e-09              
        7.41577     9.54958e-09              
        7.41638               0              
        7.41699               0              
         7.4176     6.36639e-09              
        7.41821               0              
        7.41882     3.18319e-09              
        7.41943               0              
        7.42004     6.36639e-09              
        7.42065     3.18319e-09              
        7.42126     6.36639e-09              
        7.42188               0              
        7.42249               0              
         7.4231     3.18319e-09              
        7.42371               0              
        7.42432     3.18319e-09              
        7.42493     3.18319e-09              
        7.42554     9.54958e-09              
        7.42615     3.18319e-09              
        7.42676               0              
        7.42737               0              
        7.42798               0              
        7.42859     3.18319e-09              
         7.4292     3.18319e-09              
        7.42981               0              
        7.43042               0              
        7.43103               0              
        7.43164     3.18319e-09              
        7.43225               0              
        7.43286               0              
        7.43347     3.18319e-09              
        7.43408     9.54958e-09              
        7.43469               0              
         7.4353     3.18319e-09              
        7.43591     3.18319e-09              
        7.43652               0              
        7.43713               0              
        7.43774     9.54958e-09              
        7.43835     3.18319e-09              
        7.43896     3.18319e-09              
        7.43958               0              
        7.44019     6.36639e-09              
         7.4408               0              
        7.44141     3.18319e-09              
        7.44202               0              
        7.44263               0              
        7.44324     6.36639e-09              
        7.44385               0              
        7.44446     3.18319e-09              
        7.44507     6.36639e-09              
        7.44568     3.18319e-09              
        7.44629               0              
         7.4469               0              
        7.44751     3.18319e-09              
        7.44812     3.18319e-09              
        7.44873               0              
        7.44934               0              
        7.44995               0              
        7.45056     3.18319e-09              
        7.45117     6.36639e-09              
        7.45178               0              
        7.45239     3.18319e-09              
          7.453               0              
        7.45361     3.18319e-09              
        7.45422               0              
        7.45483     6.36639e-09              
        7.45544     3.18319e-09              
        7.45605               0              
        7.45667     6.36639e-09              
        7.45728               0              
        7.45789               0              
         7.4585     3.18319e-09              
        7.45911               0              
        7.45972               0              
        7.46033               0              
        7.46094               0              
        7.46155     3.18319e-09              
        7.46216               0              
        7.46277     6.36639e-09              
        7.46338     6.36639e-09              
        7.46399               0              
         7.4646     3.18319e-09              
        7.46521     3.18319e-09              
        7.46582               0              
        7.46643     9.54958e-09              
        7.46704               0              
        7.46765     3.18319e-09              
        7.46826               0              
        7.46887               0              
        7.46948      1.5916e-08              
        7.47009     6.36639e-09              
         7.4707               0              
        7.47131     6.36639e-09              
        7.47192               0              
        7.47253               0              
        7.47314               0              
        7.47375               0              
        7.47437               0              
        7.47498     3.18319e-09              
        7.47559               0              
         7.4762     3.18319e-09              
        7.47681               0              
        7.47742     3.18319e-09              
        7.47803               0              
        7.47864               0              
        7.47925     3.18319e-09              
        7.47986               0              
        7.48047     3.18319e-09              
        7.48108     3.18319e-09              
        7.48169     3.18319e-09              
         7.4823     9.54958e-09              
        7.48291               0              
        7.48352               0              
        7.48413               0              
        7.48474     3.18319e-09              
        7.48535               0              
        7.48596               0              
        7.48657     3.18319e-09              
        7.48718               0              
        7.48779     3.18319e-09              
         7.4884     3.18319e-09              
        7.48901     6.36639e-09              
        7.48962               0              
        7.49023               0              
        7.49084     3.18319e-09              
        7.49146               0              
        7.49207               0              
        7.49268               0              
        7.49329               0              
         7.4939     6.36639e-09              
        7.49451     3.18319e-09              
        7.49512               0              
        7.49573     3.18319e-09              
        7.49634     3.18319e-09              
        7.49695     3.18319e-09              
        7.49756               0              
        7.49817     3.18319e-09              
        7.49878               0              
        7.49939     3.18319e-09              
            7.5     3.18319e-09              
        7.50061               0              
        7.50122               0              
        7.50183     3.18319e-09              
        7.50244               0              
        7.50305     3.18319e-09              
        7.50366     9.54958e-09              
        7.50427               0              
        7.50488     6.36639e-09              
        7.50549               0              
         7.5061               0              
        7.50671               0              
        7.50732               0              
        7.50793     3.18319e-09              
        7.50854               0              
        7.50916     3.18319e-09              
        7.50977               0              
        7.51038     3.18319e-09              
        7.51099               0              
         7.5116     3.18319e-09              
        7.51221     3.18319e-09              
        7.51282     3.18319e-09              
        7.51343     6.36639e-09              
        7.51404               0              
        7.51465               0              
        7.51526     3.18319e-09              
        7.51587     3.18319e-09              
        7.51648     3.18319e-09              
        7.51709               0              
         7.5177               0              
        7.51831               0              
        7.51892               0              
        7.51953               0              
        7.52014     3.18319e-09              
        7.52075               0              
        7.52136     3.18319e-09              
        7.52197               0              
        7.52258     3.18319e-09              
        7.52319     3.18319e-09              
         7.5238               0              
        7.52441               0              
        7.52502               0              
        7.52563               0              
        7.52625     3.18319e-09              
        7.52686     6.36639e-09              
        7.52747               0              
        7.52808               0              
        7.52869               0              
         7.5293               0              
        7.52991               0              
        7.53052               0              
        7.53113               0              
        7.53174     3.18319e-09              
        7.53235     3.18319e-09              
        7.53296               0              
        7.53357               0              
        7.53418               0              
        7.53479               0              
         7.5354     3.18319e-09              
        7.53601               0              
        7.53662     6.36639e-09              
        7.53723               0              
        7.53784               0              
        7.53845               0              
        7.53906               0              
        7.53967     3.18319e-09              
        7.54028               0              
        7.54089     3.18319e-09              
         7.5415     3.18319e-09              
        7.54211     3.18319e-09              
        7.54272     6.36639e-09              
        7.54333     3.18319e-09              
        7.54395     6.36639e-09              
        7.54456               0              
        7.54517     3.18319e-09              
        7.54578     9.54958e-09              
        7.54639     3.18319e-09              
          7.547     3.18319e-09              
        7.54761               0              
        7.54822               0              
        7.54883               0              
        7.54944               0              
        7.55005               0              
        7.55066     3.18319e-09              
        7.55127     3.18319e-09              
        7.55188     3.18319e-09              
        7.55249     3.18319e-09              
         7.5531               0              
        7.55371               0              
        7.55432     6.36639e-09              
        7.55493               0              
        7.55554               0              
        7.55615     3.18319e-09              
        7.55676               0              
        7.55737               0              
        7.55798               0              
        7.55859               0              
         7.5592               0              
        7.55981               0              
        7.56042     9.54958e-09              
        7.56104               0              
        7.56165     3.18319e-09              
        7.56226               0              
        7.56287     3.18319e-09              
        7.56348               0              
        7.56409     9.54958e-09              
         7.5647     3.18319e-09              
        7.56531               0              
        7.56592     3.18319e-09              
        7.56653     3.18319e-09              
        7.56714     6.36639e-09              
        7.56775               0              
        7.56836               0              
        7.56897               0              
        7.56958     3.18319e-09              
        7.57019               0              
         7.5708               0              
        7.57141     6.36639e-09              
        7.57202     3.18319e-09              
        7.57263     3.18319e-09              
        7.57324     3.18319e-09              
        7.57385               0              
        7.57446     6.36639e-09              
        7.57507               0              
        7.57568     3.18319e-09              
        7.57629               0              
         7.5769     3.18319e-09              
        7.57751               0              
        7.57812     3.18319e-09              
        7.57874     3.18319e-09              
        7.57935     6.36639e-09              
        7.57996     6.36639e-09              
        7.58057               0              
        7.58118               0              
        7.58179               0              
         7.5824               0              
        7.58301               0              
        7.58362               0              
        7.58423     3.18319e-09              
        7.58484     3.18319e-09              
        7.58545               0              
        7.58606     3.18319e-09              
        7.58667     6.36639e-09              
        7.58728               0              
        7.58789     3.18319e-09              
         7.5885               0              
        7.58911     3.18319e-09              
        7.58972     3.18319e-09              
        7.59033     3.18319e-09              
        7.59094               0              
        7.59155     3.18319e-09              
        7.59216               0              
        7.59277               0              
        7.59338               0              
        7.59399     3.18319e-09              
         7.5946               0              
        7.59521     3.18319e-09              
        7.59583               0              
        7.59644               0              
        7.59705               0              
        7.59766               0              
        7.59827               0              
        7.59888               0              
        7.59949               0              
         7.6001     3.18319e-09              
        7.60071               0              
        7.60132               0              
        7.60193     3.18319e-09              
        7.60254               0              
        7.60315               0              
        7.60376     6.36639e-09              
        7.60437     6.36639e-09              
        7.60498               0              
        7.60559               0              
         7.6062               0              
        7.60681     3.18319e-09              
        7.60742               0              
        7.60803               0              
        7.60864     3.18319e-09              
        7.60925               0              
        7.60986               0              
        7.61047     3.18319e-09              
        7.61108               0              
        7.61169               0              
         7.6123               0              
        7.61292     3.18319e-09              
        7.61353               0              
        7.61414     3.18319e-09              
        7.61475     9.54958e-09              
        7.61536     3.18319e-09              
        7.61597     3.18319e-09              
        7.61658               0              
        7.61719               0              
         7.6178               0              
        7.61841               0              
        7.61902               0              
        7.61963               0              
        7.62024     3.18319e-09              
        7.62085               0              
        7.62146     3.18319e-09              
        7.62207     3.18319e-09              
        7.62268               0              
        7.62329     3.18319e-09              
         7.6239     3.18319e-09              
        7.62451     3.18319e-09              
        7.62512               0              
        7.62573               0              
        7.62634     3.18319e-09              
        7.62695               0              
        7.62756     3.18319e-09              
        7.62817               0              
        7.62878               0              
        7.62939               0              
           7.63               0              
        7.63062     3.18319e-09              
        7.63123     3.18319e-09              
        7.63184               0              
        7.63245               0              
        7.63306               0              
        7.63367               0              
        7.63428               0              
        7.63489     9.54958e-09              
         7.6355     6.36639e-09              
        7.63611               0              
        7.63672               0              
        7.63733     6.36639e-09              
        7.63794               0              
        7.63855               0              
        7.63916               0              
        7.63977     3.18319e-09              
        7.64038     3.18319e-09              
        7.64099               0              
         7.6416               0              
        7.64221               0              
        7.64282     6.36639e-09              
        7.64343               0              
        7.64404               0              
        7.64465               0              
        7.64526               0              
        7.64587     3.18319e-09              
        7.64648     6.36639e-09              
        7.64709               0              
        7.64771               0              
        7.64832               0              
        7.64893               0              
        7.64954               0              
        7.65015               0              
        7.65076               0              
        7.65137               0              
        7.65198               0              
        7.65259               0              
         7.6532     3.18319e-09              
        7.65381               0              
        7.65442               0              
        7.65503               0              
        7.65564     3.18319e-09              
        7.65625     3.18319e-09              
        7.65686     6.36639e-09              
        7.65747               0              
        7.65808               0              
        7.65869     3.18319e-09              
         7.6593     3.18319e-09              
        7.65991               0              
        7.66052     3.18319e-09              
        7.66113     6.36639e-09              
        7.66174               0              
        7.66235               0              
        7.66296               0              
        7.66357               0              
        7.66418               0              
        7.66479               0              
        7.66541     6.36639e-09              
        7.66602               0              
        7.66663     3.18319e-09              
        7.66724     6.36639e-09              
        7.66785     6.36639e-09              
        7.66846               0              
        7.66907     3.18319e-09              
        7.66968               0              
        7.67029     3.18319e-09              
         7.6709               0              
        7.67151     3.18319e-09              
        7.67212               0              
        7.67273               0              
        7.67334               0              
        7.67395     6.36639e-09              
        7.67456               0              
        7.67517               0              
        7.67578               0              
        7.67639               0              
          7.677     3.18319e-09              
        7.67761     3.18319e-09              
        7.67822               0              
        7.67883               0              
        7.67944               0              
        7.68005     3.18319e-09              
        7.68066               0              
        7.68127     6.36639e-09              
        7.68188               0              
         7.6825               0              
        7.68311               0              
        7.68372               0              
        7.68433               0              
        7.68494               0              
        7.68555     3.18319e-09              
        7.68616     6.36639e-09              
        7.68677     3.18319e-09              
        7.68738     3.18319e-09              
        7.68799     9.54958e-09              
         7.6886     3.18319e-09              
        7.68921     3.18319e-09              
        7.68982     6.36639e-09              
        7.69043               0              
        7.69104               0              
        7.69165     3.18319e-09              
        7.69226               0              
        7.69287     3.18319e-09              
        7.69348               0              
        7.69409     3.18319e-09              
         7.6947               0              
        7.69531               0              
        7.69592               0              
        7.69653     3.18319e-09              
        7.69714               0              
        7.69775               0              
        7.69836               0              
        7.69897     3.18319e-09              
        7.69958               0              
         7.7002     3.18319e-09              
        7.70081               0              
        7.70142               0              
        7.70203     3.18319e-09              
        7.70264     6.36639e-09              
        7.70325     6.36639e-09              
        7.70386     3.18319e-09              
        7.70447     3.18319e-09              
        7.70508               0              
        7.70569               0              
         7.7063               0              
        7.70691               0              
        7.70752     6.36639e-09              
        7.70813     6.36639e-09              
        7.70874     3.18319e-09              
        7.70935     3.18319e-09              
        7.70996     3.18319e-09              
        7.71057     3.18319e-09              
        7.71118     3.18319e-09              
        7.71179               0              
         7.7124               0              
        7.71301               0              
        7.71362               0              
        7.71423     3.18319e-09              
        7.71484               0              
        7.71545               0              
        7.71606               0              
        7.71667               0              
        7.71729               0              
         7.7179               0              
        7.71851     1.27328e-08              
        7.71912               0              
        7.71973     3.18319e-09              
        7.72034     3.18319e-09              
        7.72095               0              
        7.72156               0              
        7.72217     3.18319e-09              
        7.72278     3.18319e-09              
        7.72339               0              
          7.724               0              
        7.72461     6.36639e-09              
        7.72522               0              
        7.72583               0              
        7.72644               0              
        7.72705     3.18319e-09              
        7.72766     9.54958e-09              
        7.72827               0              
        7.72888     3.18319e-09              
        7.72949               0              
         7.7301               0              
        7.73071     6.36639e-09              
        7.73132               0              
        7.73193               0              
        7.73254               0              
        7.73315               0              
        7.73376               0              
        7.73438     9.54958e-09              
        7.73499               0              
         7.7356               0              
        7.73621               0              
        7.73682               0              
        7.73743     3.18319e-09              
        7.73804               0              
        7.73865     3.18319e-09              
        7.73926               0              
        7.73987               0              
        7.74048     3.18319e-09              
        7.74109     3.18319e-09              
         7.7417               0              
        7.74231               0              
        7.74292               0              
        7.74353     3.18319e-09              
        7.74414               0              
        7.74475     6.36639e-09              
        7.74536               0              
        7.74597               0              
        7.74658               0              
        7.74719     3.18319e-09              
         7.7478     9.54958e-09              
        7.74841     6.36639e-09              
        7.74902               0              
        7.74963               0              
        7.75024     3.18319e-09              
        7.75085     3.18319e-09              
        7.75146     3.18319e-09              
        7.75208     9.54958e-09              
        7.75269               0              
         7.7533               0              
        7.75391     3.18319e-09              
        7.75452     3.18319e-09              
        7.75513               0              
        7.75574     3.18319e-09              
        7.75635               0              
        7.75696     3.18319e-09              
        7.75757     3.18319e-09              
        7.75818               0              
        7.75879               0              
         7.7594               0              
        7.76001               0              
        7.76062     3.18319e-09              
        7.76123               0              
        7.76184               0              
        7.76245               0              
        7.76306               0              
        7.76367               0              
        7.76428               0              
        7.76489     6.36639e-09              
         7.7655               0              
        7.76611     1.27328e-08              
        7.76672     3.18319e-09              
        7.76733     6.36639e-09              
        7.76794               0              
        7.76855               0              
        7.76917     6.36639e-09              
        7.76978     3.18319e-09              
        7.77039     3.18319e-09              
          7.771               0              
        7.77161               0              
        7.77222               0              
        7.77283     3.18319e-09              
        7.77344               0              
        7.77405               0              
        7.77466     3.18319e-09              
        7.77527               0              
        7.77588               0              
        7.77649     6.36639e-09              
         7.7771     3.18319e-09              
        7.77771     6.36639e-09              
        7.77832     3.18319e-09              
        7.77893               0              
        7.77954     3.18319e-09              
        7.78015               0              
        7.78076               0              
        7.78137               0              
        7.78198     3.18319e-09              
        7.78259               0              
         7.7832               0              
        7.78381     3.18319e-09              
        7.78442               0              
        7.78503     6.36639e-09              
        7.78564     3.18319e-09              
        7.78625     3.18319e-09              
        7.78687     3.18319e-09              
        7.78748     3.18319e-09              
        7.78809               0              
         7.7887               0              
        7.78931               0              
        7.78992               0              
        7.79053               0              
        7.79114               0              
        7.79175     3.18319e-09              
        7.79236               0              
        7.79297     6.36639e-09              
        7.79358               0              
        7.79419               0              
         7.7948               0              
        7.79541               0              
        7.79602     3.18319e-09              
        7.79663               0              
        7.79724     9.54958e-09              
        7.79785     3.18319e-09              
        7.79846               0              
        7.79907               0              
        7.79968     6.36639e-09              
        7.80029               0              
         7.8009     3.18319e-09              
        7.80151               0              
        7.80212               0              
        7.80273               0              
        7.80334     3.18319e-09              
        7.80396               0              
        7.80457               0              
        7.80518               0              
        7.80579               0              
         7.8064               0              
        7.80701               0              
        7.80762     6.36639e-09              
        7.80823               0              
        7.80884               0              
        7.80945               0              
        7.81006               0              
        7.81067     6.36639e-09              
        7.81128               0              
        7.81189               0              
         7.8125               0              
        7.81311     9.54958e-09              
        7.81372     3.18319e-09              
        7.81433               0              
        7.81494               0              
        7.81555     6.36639e-09              
        7.81616     3.18319e-09              
        7.81677     3.18319e-09              
        7.81738               0              
        7.81799     3.18319e-09              
         7.8186     3.18319e-09              
        7.81921               0              
        7.81982     6.36639e-09              
        7.82043               0              
        7.82104     6.36639e-09              
        7.82166     3.18319e-09              
        7.82227     3.18319e-09              
        7.82288     3.18319e-09              
        7.82349               0              
         7.8241               0              
        7.82471     3.18319e-09              
        7.82532     6.36639e-09              
        7.82593     3.18319e-09              
        7.82654     3.18319e-09              
        7.82715     3.18319e-09              
        7.82776               0              
        7.82837               0              
        7.82898               0              
        7.82959               0              
         7.8302               0              
        7.83081     6.36639e-09              
        7.83142               0              
        7.83203               0              
        7.83264               0              
        7.83325     6.36639e-09              
        7.83386     3.18319e-09              
        7.83447               0              
        7.83508     6.36639e-09              
        7.83569               0              
         7.8363               0              
        7.83691     3.18319e-09              
        7.83752               0              
        7.83813               0              
        7.83875               0              
        7.83936     3.18319e-09              
        7.83997               0              
        7.84058     3.18319e-09              
        7.84119     3.18319e-09              
         7.8418     6.36639e-09              
        7.84241               0              
        7.84302               0              
        7.84363               0              
        7.84424     3.18319e-09              
        7.84485     6.36639e-09              
        7.84546     3.18319e-09              
        7.84607     6.36639e-09              
        7.84668               0              
        7.84729               0              
         7.8479               0              
        7.84851               0              
        7.84912     3.18319e-09              
        7.84973     3.18319e-09              
        7.85034     3.18319e-09              
        7.85095               0              
        7.85156               0              
        7.85217     6.36639e-09              
        7.85278     3.18319e-09              
        7.85339               0              
          7.854               0              
        7.85461               0              
        7.85522               0              
        7.85583     3.18319e-09              
        7.85645               0              
        7.85706               0              
        7.85767     9.54958e-09              
        7.85828               0              
        7.85889     3.18319e-09              
         7.8595               0              
        7.86011     3.18319e-09              
        7.86072     6.36639e-09              
        7.86133     3.18319e-09              
        7.86194     3.18319e-09              
        7.86255     3.18319e-09              
        7.86316               0              
        7.86377     3.18319e-09              
        7.86438     3.18319e-09              
        7.86499     3.18319e-09              
         7.8656               0              
        7.86621               0              
        7.86682     6.36639e-09              
        7.86743               0              
        7.86804     3.18319e-09              
        7.86865               0              
        7.86926     3.18319e-09              
        7.86987               0              
        7.87048               0              
        7.87109               0              
         7.8717               0              
        7.87231               0              
        7.87292               0              
        7.87354     3.18319e-09              
        7.87415     3.18319e-09              
        7.87476               0              
        7.87537               0              
        7.87598               0              
        7.87659               0              
         7.8772               0              
        7.87781               0              
        7.87842               0              
        7.87903     3.18319e-09              
        7.87964     3.18319e-09              
        7.88025               0              
        7.88086     3.18319e-09              
        7.88147     3.18319e-09              
        7.88208     3.18319e-09              
        7.88269     3.18319e-09              
         7.8833     3.18319e-09              
        7.88391               0              
        7.88452               0              
        7.88513     3.18319e-09              
        7.88574               0              
        7.88635               0              
        7.88696     3.18319e-09              
        7.88757               0              
        7.88818     9.54958e-09              
        7.88879     6.36639e-09              
         7.8894               0              
        7.89001               0              
        7.89062     3.18319e-09              
        7.89124     3.18319e-09              
        7.89185     3.18319e-09              
        7.89246               0              
        7.89307     3.18319e-09              
        7.89368               0              
        7.89429               0              
         7.8949               0              
        7.89551     9.54958e-09              
        7.89612     3.18319e-09              
        7.89673     6.36639e-09              
        7.89734               0              
        7.89795               0              
        7.89856     3.18319e-09              
        7.89917     3.18319e-09              
        7.89978     3.18319e-09              
        7.90039               0              
          7.901               0              
        7.90161               0              
        7.90222               0              
        7.90283               0              
        7.90344     3.18319e-09              
        7.90405               0              
        7.90466               0              
        7.90527               0              
        7.90588     3.18319e-09              
        7.90649     6.36639e-09              
         7.9071     3.18319e-09              
        7.90771               0              
        7.90833               0              
        7.90894               0              
        7.90955               0              
        7.91016               0              
        7.91077     3.18319e-09              
        7.91138     3.18319e-09              
        7.91199               0              
         7.9126     3.18319e-09              
        7.91321               0              
        7.91382               0              
        7.91443               0              
        7.91504               0              
        7.91565     6.36639e-09              
        7.91626     3.18319e-09              
        7.91687     3.18319e-09              
        7.91748               0              
        7.91809               0              
         7.9187     3.18319e-09              
        7.91931               0              
        7.91992     3.18319e-09              
        7.92053     6.36639e-09              
        7.92114               0              
        7.92175               0              
        7.92236               0              
        7.92297     6.36639e-09              
        7.92358     3.18319e-09              
        7.92419     3.18319e-09              
         7.9248     3.18319e-09              
        7.92542     3.18319e-09              
        7.92603     3.18319e-09              
        7.92664               0              
        7.92725     3.18319e-09              
        7.92786               0              
        7.92847               0              
        7.92908               0              
        7.92969     3.18319e-09              
         7.9303     6.36639e-09              
        7.93091               0              
        7.93152               0              
        7.93213               0              
        7.93274               0              
        7.93335     6.36639e-09              
        7.93396     3.18319e-09              
        7.93457               0              
        7.93518               0              
        7.93579               0              
         7.9364     6.36639e-09              
        7.93701               0              
        7.93762               0              
        7.93823               0              
        7.93884     3.18319e-09              
        7.93945               0              
        7.94006     6.36639e-09              
        7.94067     3.18319e-09              
        7.94128     3.18319e-09              
        7.94189               0              
         7.9425     3.18319e-09              
        7.94312     3.18319e-09              
        7.94373               0              
        7.94434     3.18319e-09              
        7.94495     3.18319e-09              
        7.94556     6.36639e-09              
        7.94617               0              
        7.94678               0              
        7.94739     6.36639e-09              
          7.948     3.18319e-09              
        7.94861               0              
        7.94922     6.36639e-09              
        7.94983               0              
        7.95044               0              
        7.95105     3.18319e-09              
        7.95166               0              
        7.95227     3.18319e-09              
        7.95288     3.18319e-09              
        7.95349     9.54958e-09              
         7.9541     6.36639e-09              
        7.95471     3.18319e-09              
        7.95532     3.18319e-09              
        7.95593               0              
        7.95654     3.18319e-09              
        7.95715     3.18319e-09              
        7.95776               0              
        7.95837     3.18319e-09              
        7.95898     3.18319e-09              
        7.95959               0              
        7.96021     3.18319e-09              
        7.96082               0              
        7.96143               0              
        7.96204               0              
        7.96265               0              
        7.96326     3.18319e-09              
        7.96387               0              
        7.96448     3.18319e-09              
        7.96509               0              
         7.9657     3.18319e-09              
        7.96631               0              
        7.96692               0              
        7.96753               0              
        7.96814               0              
        7.96875               0              
        7.96936     6.36639e-09              
        7.96997     3.18319e-09              
        7.97058               0              
        7.97119     6.36639e-09              
         7.9718     3.18319e-09              
        7.97241               0              
        7.97302               0              
        7.97363               0              
        7.97424     3.18319e-09              
        7.97485               0              
        7.97546     6.36639e-09              
        7.97607     3.18319e-09              
        7.97668               0              
        7.97729     3.18319e-09              
        7.97791               0              
        7.97852     3.18319e-09              
        7.97913               0              
        7.97974     3.18319e-09              
        7.98035     3.18319e-09              
        7.98096               0              
        7.98157               0              
        7.98218     3.18319e-09              
        7.98279               0              
         7.9834               0              
        7.98401               0              
        7.98462     3.18319e-09              
        7.98523     3.18319e-09              
        7.98584     3.18319e-09              
        7.98645               0              
        7.98706               0              
        7.98767               0              
        7.98828               0              
        7.98889               0              
         7.9895               0              
        7.99011               0              
        7.99072     9.54958e-09              
        7.99133               0              
        7.99194               0              
        7.99255     3.18319e-09              
        7.99316     3.18319e-09              
        7.99377               0              
        7.99438               0              
          7.995               0              
        7.99561               0              
        7.99622     3.18319e-09              
        7.99683               0              
        7.99744               0              
