        1.99951     6.36639e-09              
        2.00012     1.90992e-08              
        2.00073               0              
        2.00134     9.54958e-09              
        2.00195     1.27328e-08              
        2.00256     9.54958e-09              
        2.00317     9.54958e-09              
        2.00378     3.18319e-09              
        2.00439     1.27328e-08              
          2.005     3.18319e-09              
        2.00562               0              
        2.00623     1.27328e-08              
        2.00684     3.18319e-09              
        2.00745      1.5916e-08              
        2.00806      1.5916e-08              
        2.00867     1.27328e-08              
        2.00928     1.27328e-08              
        2.00989     3.18319e-09              
         2.0105     6.36639e-09              
        2.01111               0              
        2.01172     6.36639e-09              
        2.01233     3.18319e-09              
        2.01294               0              
        2.01355     3.18319e-09              
        2.01416     9.54958e-09              
        2.01477     6.36639e-09              
        2.01538     3.18319e-09              
        2.01599     9.54958e-09              
         2.0166     3.18319e-09              
        2.01721     6.36639e-09              
        2.01782     6.36639e-09              
        2.01843     3.18319e-09              
        2.01904               0              
        2.01965     3.18319e-09              
        2.02026     6.36639e-09              
        2.02087     9.54958e-09              
        2.02148     3.18319e-09              
        2.02209     9.54958e-09              
        2.02271      1.5916e-08              
        2.02332               0              
        2.02393     9.54958e-09              
        2.02454     3.18319e-09              
        2.02515     3.18319e-09              
        2.02576     3.18319e-09              
        2.02637     6.36639e-09              
        2.02698     6.36639e-09              
        2.02759     6.36639e-09              
         2.0282               0              
        2.02881     6.36639e-09              
        2.02942     3.18319e-09              
        2.03003     9.54958e-09              
        2.03064     6.36639e-09              
        2.03125      1.5916e-08              
        2.03186     1.27328e-08              
        2.03247     3.18319e-09              
        2.03308               0              
        2.03369     1.27328e-08              
         2.0343     3.18319e-09              
        2.03491     3.18319e-09              
        2.03552     6.36639e-09              
        2.03613     6.36639e-09              
        2.03674     3.18319e-09              
        2.03735     6.36639e-09              
        2.03796     6.36639e-09              
        2.03857      1.5916e-08              
        2.03918     3.18319e-09              
        2.03979               0              
        2.04041     3.18319e-09              
        2.04102     3.18319e-09              
        2.04163     6.36639e-09              
        2.04224     9.54958e-09              
        2.04285     9.54958e-09              
        2.04346      1.5916e-08              
        2.04407     1.27328e-08              
        2.04468               0              
        2.04529               0              
         2.0459               0              
        2.04651     9.54958e-09              
        2.04712     9.54958e-09              
        2.04773     1.27328e-08              
        2.04834               0              
        2.04895     6.36639e-09              
        2.04956     6.36639e-09              
        2.05017     6.36639e-09              
        2.05078     6.36639e-09              
        2.05139     6.36639e-09              
          2.052     3.18319e-09              
        2.05261     6.36639e-09              
        2.05322     3.18319e-09              
        2.05383               0              
        2.05444     9.54958e-09              
        2.05505     3.18319e-09              
        2.05566     3.18319e-09              
        2.05627               0              
        2.05688               0              
         2.0575     1.27328e-08              
        2.05811     9.54958e-09              
        2.05872     6.36639e-09              
        2.05933     3.18319e-09              
        2.05994     6.36639e-09              
        2.06055     1.27328e-08              
        2.06116     6.36639e-09              
        2.06177               0              
        2.06238     3.18319e-09              
        2.06299      1.5916e-08              
         2.0636               0              
        2.06421     9.54958e-09              
        2.06482     9.54958e-09              
        2.06543     1.27328e-08              
        2.06604     9.54958e-09              
        2.06665     9.54958e-09              
        2.06726     3.18319e-09              
        2.06787     3.18319e-09              
        2.06848     9.54958e-09              
        2.06909     9.54958e-09              
         2.0697     3.18319e-09              
        2.07031               0              
        2.07092     9.54958e-09              
        2.07153               0              
        2.07214     9.54958e-09              
        2.07275     6.36639e-09              
        2.07336     6.36639e-09              
        2.07397     6.36639e-09              
        2.07458               0              
         2.0752               0              
        2.07581               0              
        2.07642     9.54958e-09              
        2.07703     6.36639e-09              
        2.07764     6.36639e-09              
        2.07825     6.36639e-09              
        2.07886     3.18319e-09              
        2.07947     6.36639e-09              
        2.08008     9.54958e-09              
        2.08069     9.54958e-09              
         2.0813     6.36639e-09              
        2.08191               0              
        2.08252     3.18319e-09              
        2.08313               0              
        2.08374     9.54958e-09              
        2.08435     6.36639e-09              
        2.08496     6.36639e-09              
        2.08557     6.36639e-09              
        2.08618     9.54958e-09              
        2.08679     9.54958e-09              
         2.0874     3.18319e-09              
        2.08801     6.36639e-09              
        2.08862     3.18319e-09              
        2.08923     6.36639e-09              
        2.08984               0              
        2.09045     1.27328e-08              
        2.09106     6.36639e-09              
        2.09167               0              
        2.09229     9.54958e-09              
         2.0929     3.18319e-09              
        2.09351     3.18319e-09              
        2.09412     9.54958e-09              
        2.09473     1.27328e-08              
        2.09534     9.54958e-09              
        2.09595     3.18319e-09              
        2.09656               0              
        2.09717     3.18319e-09              
        2.09778     6.36639e-09              
        2.09839     9.54958e-09              
          2.099     3.18319e-09              
        2.09961     6.36639e-09              
        2.10022     6.36639e-09              
        2.10083               0              
        2.10144     9.54958e-09              
        2.10205     6.36639e-09              
        2.10266     3.18319e-09              
        2.10327     3.18319e-09              
        2.10388     6.36639e-09              
        2.10449               0              
         2.1051     3.18319e-09              
        2.10571               0              
        2.10632     1.27328e-08              
        2.10693               0              
        2.10754     9.54958e-09              
        2.10815     1.90992e-08              
        2.10876     6.36639e-09              
        2.10938      1.5916e-08              
        2.10999               0              
         2.1106      1.5916e-08              
        2.11121     6.36639e-09              
        2.11182     3.18319e-09              
        2.11243     6.36639e-09              
        2.11304     9.54958e-09              
        2.11365     3.18319e-09              
        2.11426     9.54958e-09              
        2.11487     3.18319e-09              
        2.11548     1.90992e-08              
        2.11609     6.36639e-09              
         2.1167     9.54958e-09              
        2.11731     3.18319e-09              
        2.11792     1.27328e-08              
        2.11853     6.36639e-09              
        2.11914      1.5916e-08              
        2.11975      1.5916e-08              
        2.12036               0              
        2.12097     9.54958e-09              
        2.12158     3.18319e-09              
        2.12219     6.36639e-09              
         2.1228     3.18319e-09              
        2.12341               0              
        2.12402     3.18319e-09              
        2.12463     6.36639e-09              
        2.12524     1.27328e-08              
        2.12585     1.90992e-08              
        2.12646     6.36639e-09              
        2.12708     3.18319e-09              
        2.12769     3.18319e-09              
         2.1283     3.18319e-09              
        2.12891     6.36639e-09              
        2.12952     1.27328e-08              
        2.13013               0              
        2.13074     3.18319e-09              
        2.13135     6.36639e-09              
        2.13196     3.18319e-09              
        2.13257               0              
        2.13318     3.18319e-09              
        2.13379     9.54958e-09              
         2.1344     3.18319e-09              
        2.13501     3.18319e-09              
        2.13562               0              
        2.13623     6.36639e-09              
        2.13684     9.54958e-09              
        2.13745     3.18319e-09              
        2.13806     6.36639e-09              
        2.13867     6.36639e-09              
        2.13928     6.36639e-09              
        2.13989     6.36639e-09              
         2.1405     1.27328e-08              
        2.14111     9.54958e-09              
        2.14172               0              
        2.14233     1.27328e-08              
        2.14294     3.18319e-09              
        2.14355     3.18319e-09              
        2.14417               0              
        2.14478     3.18319e-09              
        2.14539               0              
          2.146     9.54958e-09              
        2.14661     6.36639e-09              
        2.14722               0              
        2.14783     1.27328e-08              
        2.14844     3.18319e-09              
        2.14905     3.18319e-09              
        2.14966     3.18319e-09              
        2.15027     3.18319e-09              
        2.15088     3.18319e-09              
        2.15149               0              
         2.1521     9.54958e-09              
        2.15271     6.36639e-09              
        2.15332     6.36639e-09              
        2.15393               0              
        2.15454     1.27328e-08              
        2.15515     6.36639e-09              
        2.15576     6.36639e-09              
        2.15637     3.18319e-09              
        2.15698     3.18319e-09              
        2.15759      1.5916e-08              
         2.1582     3.18319e-09              
        2.15881     9.54958e-09              
        2.15942     6.36639e-09              
        2.16003     1.27328e-08              
        2.16064     6.36639e-09              
        2.16125     3.18319e-09              
        2.16187     9.54958e-09              
        2.16248     9.54958e-09              
        2.16309               0              
         2.1637               0              
        2.16431     6.36639e-09              
        2.16492     6.36639e-09              
        2.16553     3.18319e-09              
        2.16614     3.18319e-09              
        2.16675     3.18319e-09              
        2.16736     6.36639e-09              
        2.16797               0              
        2.16858     6.36639e-09              
        2.16919     1.27328e-08              
         2.1698     6.36639e-09              
        2.17041     9.54958e-09              
        2.17102     6.36639e-09              
        2.17163     1.27328e-08              
        2.17224     3.18319e-09              
        2.17285     3.18319e-09              
        2.17346               0              
        2.17407               0              
        2.17468     6.36639e-09              
        2.17529               0              
         2.1759     9.54958e-09              
        2.17651     3.18319e-09              
        2.17712     9.54958e-09              
        2.17773     6.36639e-09              
        2.17834     9.54958e-09              
        2.17896     9.54958e-09              
        2.17957     9.54958e-09              
        2.18018     6.36639e-09              
        2.18079     6.36639e-09              
         2.1814     6.36639e-09              
        2.18201     3.18319e-09              
        2.18262     3.18319e-09              
        2.18323     6.36639e-09              
        2.18384     6.36639e-09              
        2.18445     9.54958e-09              
        2.18506     1.27328e-08              
        2.18567     3.18319e-09              
        2.18628     9.54958e-09              
        2.18689               0              
         2.1875     6.36639e-09              
        2.18811      1.5916e-08              
        2.18872     6.36639e-09              
        2.18933               0              
        2.18994     3.18319e-09              
        2.19055               0              
        2.19116     6.36639e-09              
        2.19177     9.54958e-09              
        2.19238     6.36639e-09              
        2.19299     3.18319e-09              
         2.1936     1.27328e-08              
        2.19421     6.36639e-09              
        2.19482     3.18319e-09              
        2.19543               0              
        2.19604     9.54958e-09              
        2.19666               0              
        2.19727      1.5916e-08              
        2.19788     1.27328e-08              
        2.19849     3.18319e-09              
         2.1991     6.36639e-09              
        2.19971               0              
        2.20032     1.27328e-08              
        2.20093     6.36639e-09              
        2.20154     3.18319e-09              
        2.20215     3.18319e-09              
        2.20276     9.54958e-09              
        2.20337     3.18319e-09              
        2.20398     3.18319e-09              
        2.20459               0              
         2.2052     6.36639e-09              
        2.20581     9.54958e-09              
        2.20642               0              
        2.20703     1.27328e-08              
        2.20764     3.18319e-09              
        2.20825     3.18319e-09              
        2.20886     9.54958e-09              
        2.20947     3.18319e-09              
        2.21008               0              
        2.21069     3.18319e-09              
         2.2113     1.27328e-08              
        2.21191     6.36639e-09              
        2.21252               0              
        2.21313     9.54958e-09              
        2.21375     1.27328e-08              
        2.21436     3.18319e-09              
        2.21497     1.27328e-08              
        2.21558               0              
        2.21619     3.18319e-09              
         2.2168     6.36639e-09              
        2.21741     6.36639e-09              
        2.21802     3.18319e-09              
        2.21863               0              
        2.21924     1.27328e-08              
        2.21985     1.27328e-08              
        2.22046     6.36639e-09              
        2.22107     3.18319e-09              
        2.22168     3.18319e-09              
        2.22229     1.27328e-08              
         2.2229      3.7307e-06              
        2.22351     6.36639e-09              
        2.22412     1.27328e-08              
        2.22473               0              
        2.22534     3.18319e-09              
        2.22595               0              
        2.22656      1.5916e-08              
        2.22717     6.36639e-09              
        2.22778               0              
        2.22839               0              
          2.229     1.27328e-08              
        2.22961     3.18319e-09              
        2.23022     3.18319e-09              
        2.23083               0              
        2.23145               0              
        2.23206     6.36639e-09              
        2.23267     3.18319e-09              
        2.23328     6.36639e-09              
        2.23389     3.18319e-09              
         2.2345               0              
        2.23511     3.18319e-09              
        2.23572     9.54958e-09              
        2.23633               0              
        2.23694               0              
        2.23755               0              
        2.23816     3.18319e-09              
        2.23877     6.36639e-09              
        2.23938     1.27328e-08              
        2.23999               0              
         2.2406               0              
        2.24121      1.5916e-08              
        2.24182     3.18319e-09              
        2.24243     3.18319e-09              
        2.24304     3.18319e-09              
        2.24365     3.18319e-09              
        2.24426     3.18319e-09              
        2.24487      1.5916e-08              
        2.24548               0              
        2.24609               0              
         2.2467     3.18319e-09              
        2.24731     6.36639e-09              
        2.24792     6.36639e-09              
        2.24854     3.18319e-09              
        2.24915     3.18319e-09              
        2.24976     3.18319e-09              
        2.25037     9.54958e-09              
        2.25098               0              
        2.25159     3.18319e-09              
         2.2522     9.54958e-09              
        2.25281     3.18319e-09              
        2.25342     3.18319e-09              
        2.25403     3.18319e-09              
        2.25464     9.54958e-09              
        2.25525     3.18319e-09              
        2.25586     6.36639e-09              
        2.25647     6.36639e-09              
        2.25708     3.18319e-09              
        2.25769               0              
         2.2583               0              
        2.25891     3.18319e-09              
        2.25952     1.27328e-08              
        2.26013     6.36639e-09              
        2.26074     6.36639e-09              
        2.26135     9.54958e-09              
        2.26196     3.18319e-09              
        2.26257     3.18319e-09              
        2.26318     9.54958e-09              
        2.26379     3.18319e-09              
         2.2644     3.18319e-09              
        2.26501     9.54958e-09              
        2.26562     3.18319e-09              
        2.26624               0              
        2.26685               0              
        2.26746               0              
        2.26807     3.18319e-09              
        2.26868               0              
        2.26929               0              
         2.2699     1.90992e-08              
        2.27051               0              
        2.27112     3.18319e-09              
        2.27173     6.36639e-09              
        2.27234     6.36639e-09              
        2.27295     6.36639e-09              
        2.27356     3.18319e-09              
        2.27417     6.36639e-09              
        2.27478               0              
        2.27539     1.27328e-08              
          2.276     6.36639e-09              
        2.27661     1.27328e-08              
        2.27722     3.18319e-09              
        2.27783     3.18319e-09              
        2.27844     9.54958e-09              
        2.27905     3.18319e-09              
        2.27966     6.36639e-09              
        2.28027     3.18319e-09              
        2.28088     6.36639e-09              
        2.28149     3.18319e-09              
         2.2821     3.18319e-09              
        2.28271     3.18319e-09              
        2.28333               0              
        2.28394     3.18319e-09              
        2.28455               0              
        2.28516     9.54958e-09              
        2.28577     3.18319e-09              
        2.28638     1.27328e-08              
        2.28699     6.36639e-09              
         2.2876               0              
        2.28821     9.54958e-09              
        2.28882     3.18319e-09              
        2.28943     6.36639e-09              
        2.29004     3.18319e-09              
        2.29065     9.54958e-09              
        2.29126     3.18319e-09              
        2.29187     3.18319e-09              
        2.29248     6.36639e-09              
        2.29309     3.18319e-09              
         2.2937     1.27328e-08              
        2.29431     3.18319e-09              
        2.29492     1.27328e-08              
        2.29553     9.54958e-09              
        2.29614     3.18319e-09              
        2.29675     9.54958e-09              
        2.29736     3.18319e-09              
        2.29797     6.36639e-09              
        2.29858     1.27328e-08              
        2.29919               0              
         2.2998     6.36639e-09              
        2.30042               0              
        2.30103     1.27328e-08              
        2.30164     3.18319e-09              
        2.30225     6.36639e-09              
        2.30286     3.18319e-09              
        2.30347     9.54958e-09              
        2.30408     9.54958e-09              
        2.30469               0              
         2.3053      1.5916e-08              
        2.30591     3.18319e-09              
        2.30652               0              
        2.30713     6.36639e-09              
        2.30774     1.27328e-08              
        2.30835     3.18319e-09              
        2.30896     3.18319e-09              
        2.30957     6.36639e-09              
        2.31018     3.18319e-09              
        2.31079     6.36639e-09              
         2.3114               0              
        2.31201     6.36639e-09              
        2.31262     3.18319e-09              
        2.31323     6.36639e-09              
        2.31384     3.18319e-09              
        2.31445     3.18319e-09              
        2.31506     3.18319e-09              
        2.31567     6.36639e-09              
        2.31628     6.36639e-09              
        2.31689     3.18319e-09              
         2.3175     3.18319e-09              
        2.31812               0              
        2.31873     3.18319e-09              
        2.31934     6.36639e-09              
        2.31995     3.18319e-09              
        2.32056     9.54958e-09              
        2.32117     3.18319e-09              
        2.32178     9.54958e-09              
        2.32239     9.54958e-09              
          2.323               0              
        2.32361     6.36639e-09              
        2.32422     6.36639e-09              
        2.32483     6.36639e-09              
        2.32544     3.18319e-09              
        2.32605               0              
        2.32666               0              
        2.32727     6.36639e-09              
        2.32788     6.36639e-09              
        2.32849               0              
         2.3291               0              
        2.32971     3.18319e-09              
        2.33032     3.18319e-09              
        2.33093     9.54958e-09              
        2.33154     6.36639e-09              
        2.33215     3.18319e-09              
        2.33276     3.18319e-09              
        2.33337     3.18319e-09              
        2.33398     9.54958e-09              
        2.33459               0              
        2.33521               0              
        2.33582     9.54958e-09              
        2.33643     1.27328e-08              
        2.33704               0              
        2.33765     6.36639e-09              
        2.33826     9.54958e-09              
        2.33887     3.18319e-09              
        2.33948     1.27328e-08              
        2.34009     6.36639e-09              
         2.3407     1.90992e-08              
        2.34131               0              
        2.34192               0              
        2.34253               0              
        2.34314     3.18319e-09              
        2.34375     3.18319e-09              
        2.34436     9.54958e-09              
        2.34497     6.36639e-09              
        2.34558     3.18319e-09              
        2.34619               0              
         2.3468               0              
        2.34741     9.54958e-09              
        2.34802               0              
        2.34863     6.36639e-09              
        2.34924     3.18319e-09              
        2.34985     9.54958e-09              
        2.35046     1.27328e-08              
        2.35107               0              
        2.35168     9.54958e-09              
        2.35229     3.18319e-09              
        2.35291     6.36639e-09              
        2.35352               0              
        2.35413     6.36639e-09              
        2.35474               0              
        2.35535     3.18319e-09              
        2.35596     3.18319e-09              
        2.35657     3.18319e-09              
        2.35718     3.18319e-09              
        2.35779               0              
         2.3584     9.54958e-09              
        2.35901     3.18319e-09              
        2.35962     9.54958e-09              
        2.36023     3.18319e-09              
        2.36084     3.18319e-09              
        2.36145     3.18319e-09              
        2.36206               0              
        2.36267               0              
        2.36328     3.18319e-09              
        2.36389     6.36639e-09              
         2.3645     1.27328e-08              
        2.36511               0              
        2.36572     3.18319e-09              
        2.36633     6.36639e-09              
        2.36694     3.18319e-09              
        2.36755     3.18319e-09              
        2.36816     9.54958e-09              
        2.36877               0              
        2.36938               0              
           2.37     3.18319e-09              
        2.37061     3.18319e-09              
        2.37122               0              
        2.37183               0              
        2.37244     1.27328e-08              
        2.37305               0              
        2.37366               0              
        2.37427               0              
        2.37488               0              
        2.37549     3.18319e-09              
         2.3761     3.18319e-09              
        2.37671     6.36639e-09              
        2.37732     1.27328e-08              
        2.37793               0              
        2.37854               0              
        2.37915     6.36639e-09              
        2.37976     3.18319e-09              
        2.38037     3.18319e-09              
        2.38098     3.18319e-09              
        2.38159     9.54958e-09              
         2.3822     3.18319e-09              
        2.38281     9.54958e-09              
        2.38342     9.54958e-09              
        2.38403               0              
        2.38464               0              
        2.38525     3.18319e-09              
        2.38586     3.18319e-09              
        2.38647               0              
        2.38708     6.36639e-09              
         2.3877               0              
        2.38831     9.54958e-09              
        2.38892               0              
        2.38953     3.18319e-09              
        2.39014               0              
        2.39075               0              
        2.39136     3.18319e-09              
        2.39197     6.36639e-09              
        2.39258     6.36639e-09              
        2.39319     3.18319e-09              
         2.3938     3.18319e-09              
        2.39441     6.36639e-09              
        2.39502     3.18319e-09              
        2.39563     6.36639e-09              
        2.39624               0              
        2.39685               0              
        2.39746     6.36639e-09              
        2.39807     9.54958e-09              
        2.39868     3.18319e-09              
        2.39929     3.18319e-09              
         2.3999     1.27328e-08              
        2.40051     6.36639e-09              
        2.40112     3.18319e-09              
        2.40173     3.18319e-09              
        2.40234     3.18319e-09              
        2.40295     3.18319e-09              
        2.40356     3.18319e-09              
        2.40417     3.18319e-09              
        2.40479     3.18319e-09              
         2.4054     3.18319e-09              
        2.40601     6.36639e-09              
        2.40662     3.18319e-09              
        2.40723               0              
        2.40784     6.36639e-09              
        2.40845     6.36639e-09              
        2.40906               0              
        2.40967     9.54958e-09              
        2.41028               0              
        2.41089               0              
         2.4115     3.18319e-09              
        2.41211     3.18319e-09              
        2.41272     6.36639e-09              
        2.41333     3.18319e-09              
        2.41394     3.18319e-09              
        2.41455     3.18319e-09              
        2.41516               0              
        2.41577     3.18319e-09              
        2.41638     3.18319e-09              
        2.41699     3.18319e-09              
         2.4176               0              
        2.41821     3.18319e-09              
        2.41882     3.18319e-09              
        2.41943     3.18319e-09              
        2.42004     3.18319e-09              
        2.42065     3.18319e-09              
        2.42126     6.36639e-09              
        2.42188     3.18319e-09              
        2.42249     6.36639e-09              
         2.4231     3.18319e-09              
        2.42371     6.36639e-09              
        2.42432               0              
        2.42493               0              
        2.42554     6.36639e-09              
        2.42615     3.18319e-09              
        2.42676     6.36639e-09              
        2.42737               0              
        2.42798     1.27328e-08              
        2.42859               0              
         2.4292     6.36639e-09              
        2.42981     3.18319e-09              
        2.43042     3.18319e-09              
        2.43103     1.90992e-08              
        2.43164     3.18319e-09              
        2.43225     9.54958e-09              
        2.43286     3.18319e-09              
        2.43347               0              
        2.43408     3.18319e-09              
        2.43469     9.54958e-09              
         2.4353     6.36639e-09              
        2.43591               0              
        2.43652     3.18319e-09              
        2.43713     1.27328e-08              
        2.43774      1.5916e-08              
        2.43835     9.54958e-09              
        2.43896               0              
        2.43958               0              
        2.44019               0              
         2.4408     3.18319e-09              
        2.44141      1.5916e-08              
        2.44202               0              
        2.44263     6.36639e-09              
        2.44324     3.18319e-09              
        2.44385     6.36639e-09              
        2.44446               0              
        2.44507     3.18319e-09              
        2.44568     3.18319e-09              
        2.44629               0              
         2.4469               0              
        2.44751     6.36639e-09              
        2.44812     3.18319e-09              
        2.44873     3.18319e-09              
        2.44934               0              
        2.44995               0              
        2.45056     3.18319e-09              
        2.45117     6.36639e-09              
        2.45178               0              
        2.45239     3.18319e-09              
          2.453     3.18319e-09              
        2.45361     6.36639e-09              
        2.45422     3.18319e-09              
        2.45483     6.36639e-09              
        2.45544               0              
        2.45605     6.36639e-09              
        2.45667     6.36639e-09              
        2.45728     3.18319e-09              
        2.45789     9.54958e-09              
         2.4585     9.54958e-09              
        2.45911     3.18319e-09              
        2.45972               0              
        2.46033     3.18319e-09              
        2.46094               0              
        2.46155               0              
        2.46216     3.18319e-09              
        2.46277     3.18319e-09              
        2.46338               0              
        2.46399     6.36639e-09              
         2.4646     6.36639e-09              
        2.46521     3.18319e-09              
        2.46582               0              
        2.46643     3.18319e-09              
        2.46704     9.54958e-09              
        2.46765               0              
        2.46826     6.36639e-09              
        2.46887     6.36639e-09              
        2.46948     3.18319e-09              
        2.47009               0              
         2.4707               0              
        2.47131     6.36639e-09              
        2.47192     1.27328e-08              
        2.47253     3.18319e-09              
        2.47314     3.18319e-09              
        2.47375               0              
        2.47437     6.36639e-09              
        2.47498     3.18319e-09              
        2.47559     3.18319e-09              
         2.4762     3.18319e-09              
        2.47681               0              
        2.47742               0              
        2.47803               0              
        2.47864     3.18319e-09              
        2.47925     3.18319e-09              
        2.47986               0              
        2.48047               0              
        2.48108     3.18319e-09              
        2.48169     1.27328e-08              
         2.4823               0              
        2.48291     9.54958e-09              
        2.48352     3.18319e-09              
        2.48413               0              
        2.48474     3.18319e-09              
        2.48535     6.36639e-09              
        2.48596     9.54958e-09              
        2.48657     3.18319e-09              
        2.48718     9.54958e-09              
        2.48779               0              
         2.4884     3.18319e-09              
        2.48901     3.18319e-09              
        2.48962     3.18319e-09              
        2.49023     1.27328e-08              
        2.49084     6.36639e-09              
        2.49146               0              
        2.49207     9.54958e-09              
        2.49268               0              
        2.49329     3.18319e-09              
         2.4939     9.54958e-09              
        2.49451     9.54958e-09              
        2.49512               0              
        2.49573      1.5916e-08              
        2.49634     3.18319e-09              
        2.49695     6.36639e-09              
        2.49756               0              
        2.49817               0              
        2.49878     6.36639e-09              
        2.49939     6.36639e-09              
            2.5     6.36639e-09              
        2.50061     6.36639e-09              
        2.50122     6.36639e-09              
        2.50183     3.18319e-09              
        2.50244     3.18319e-09              
        2.50305               0              
        2.50366     3.18319e-09              
        2.50427     9.54958e-09              
        2.50488     6.36639e-09              
        2.50549     3.18319e-09              
         2.5061     9.54958e-09              
        2.50671     3.18319e-09              
        2.50732     3.18319e-09              
        2.50793     3.18319e-09              
        2.50854     6.36639e-09              
        2.50916               0              
        2.50977     3.18319e-09              
        2.51038               0              
        2.51099     3.18319e-09              
         2.5116               0              
        2.51221     3.18319e-09              
        2.51282               0              
        2.51343               0              
        2.51404     3.18319e-09              
        2.51465               0              
        2.51526               0              
        2.51587     9.54958e-09              
        2.51648     1.27328e-08              
        2.51709     3.18319e-09              
         2.5177     6.36639e-09              
        2.51831     3.18319e-09              
        2.51892     6.36639e-09              
        2.51953               0              
        2.52014     6.36639e-09              
        2.52075     3.18319e-09              
        2.52136               0              
        2.52197     3.18319e-09              
        2.52258     3.18319e-09              
        2.52319     1.27328e-08              
         2.5238               0              
        2.52441     3.18319e-09              
        2.52502     1.27328e-08              
        2.52563               0              
        2.52625     3.18319e-09              
        2.52686     3.18319e-09              
        2.52747     3.18319e-09              
        2.52808     9.54958e-09              
        2.52869     6.36639e-09              
         2.5293     6.36639e-09              
        2.52991     3.18319e-09              
        2.53052     3.18319e-09              
        2.53113     9.54958e-09              
        2.53174     9.54958e-09              
        2.53235     9.54958e-09              
        2.53296     1.27328e-08              
        2.53357     6.36639e-09              
        2.53418     3.18319e-09              
        2.53479               0              
         2.5354     9.54958e-09              
        2.53601     6.36639e-09              
        2.53662     1.27328e-08              
        2.53723     6.36639e-09              
        2.53784     3.18319e-09              
        2.53845     6.36639e-09              
        2.53906     6.36639e-09              
        2.53967               0              
        2.54028     6.36639e-09              
        2.54089               0              
         2.5415               0              
        2.54211     3.18319e-09              
        2.54272     6.36639e-09              
        2.54333     6.36639e-09              
        2.54395     6.36639e-09              
        2.54456     6.36639e-09              
        2.54517     6.36639e-09              
        2.54578               0              
        2.54639               0              
          2.547     6.36639e-09              
        2.54761               0              
        2.54822               0              
        2.54883     3.18319e-09              
        2.54944     3.18319e-09              
        2.55005               0              
        2.55066     3.18319e-09              
        2.55127     9.54958e-09              
        2.55188     6.36639e-09              
        2.55249               0              
         2.5531               0              
        2.55371     6.36639e-09              
        2.55432               0              
        2.55493     6.36639e-09              
        2.55554     3.18319e-09              
        2.55615     6.36639e-09              
        2.55676     9.54958e-09              
        2.55737               0              
        2.55798     3.18319e-09              
        2.55859     6.36639e-09              
         2.5592               0              
        2.55981     9.54958e-09              
        2.56042     3.18319e-09              
        2.56104     3.18319e-09              
        2.56165     6.36639e-09              
        2.56226     6.36639e-09              
        2.56287     9.54958e-09              
        2.56348               0              
        2.56409               0              
         2.5647               0              
        2.56531     3.18319e-09              
        2.56592               0              
        2.56653     3.18319e-09              
        2.56714     3.18319e-09              
        2.56775     3.18319e-09              
        2.56836     3.18319e-09              
        2.56897     3.18319e-09              
        2.56958     3.18319e-09              
        2.57019     6.36639e-09              
         2.5708     3.18319e-09              
        2.57141     3.18319e-09              
        2.57202     3.18319e-09              
        2.57263     3.18319e-09              
        2.57324     6.36639e-09              
        2.57385     3.18319e-09              
        2.57446     9.54958e-09              
        2.57507     9.54958e-09              
        2.57568     3.18319e-09              
        2.57629     3.18319e-09              
         2.5769     3.18319e-09              
        2.57751     3.18319e-09              
        2.57812               0              
        2.57874     6.36639e-09              
        2.57935      1.5916e-08              
        2.57996               0              
        2.58057     3.18319e-09              
        2.58118     3.18319e-09              
        2.58179               0              
         2.5824     3.18319e-09              
        2.58301     6.36639e-09              
        2.58362     3.18319e-09              
        2.58423               0              
        2.58484     6.36639e-09              
        2.58545     3.18319e-09              
        2.58606               0              
        2.58667     6.36639e-09              
        2.58728               0              
        2.58789     9.54958e-09              
         2.5885     9.54958e-09              
        2.58911     6.36639e-09              
        2.58972     3.18319e-09              
        2.59033               0              
        2.59094     3.18319e-09              
        2.59155     3.18319e-09              
        2.59216               0              
        2.59277               0              
        2.59338               0              
        2.59399     3.18319e-09              
         2.5946               0              
        2.59521     9.54958e-09              
        2.59583      1.5916e-08              
        2.59644     6.36639e-09              
        2.59705               0              
        2.59766     9.54958e-09              
        2.59827     6.36639e-09              
        2.59888     3.18319e-09              
        2.59949               0              
         2.6001     6.36639e-09              
        2.60071     6.36639e-09              
        2.60132     9.54958e-09              
        2.60193               0              
        2.60254     6.36639e-09              
        2.60315               0              
        2.60376     3.18319e-09              
        2.60437     3.18319e-09              
        2.60498     3.18319e-09              
        2.60559     9.54958e-09              
         2.6062     9.54958e-09              
        2.60681     6.36639e-09              
        2.60742     6.36639e-09              
        2.60803     6.36639e-09              
        2.60864               0              
        2.60925               0              
        2.60986     1.27328e-08              
        2.61047               0              
        2.61108     3.18319e-09              
        2.61169               0              
         2.6123     6.36639e-09              
        2.61292     3.18319e-09              
        2.61353               0              
        2.61414     9.54958e-09              
        2.61475               0              
        2.61536               0              
        2.61597               0              
        2.61658               0              
        2.61719     3.18319e-09              
         2.6178               0              
        2.61841     3.18319e-09              
        2.61902     3.18319e-09              
        2.61963     3.18319e-09              
        2.62024     3.18319e-09              
        2.62085               0              
        2.62146     9.54958e-09              
        2.62207     3.18319e-09              
        2.62268     6.36639e-09              
        2.62329     9.54958e-09              
         2.6239     9.54958e-09              
        2.62451     3.18319e-09              
        2.62512     6.36639e-09              
        2.62573     3.18319e-09              
        2.62634     3.18319e-09              
        2.62695               0              
        2.62756     3.18319e-09              
        2.62817     3.18319e-09              
        2.62878     6.36639e-09              
        2.62939     9.54958e-09              
           2.63     9.54958e-09              
        2.63062               0              
        2.63123     6.36639e-09              
        2.63184     6.36639e-09              
        2.63245     3.18319e-09              
        2.63306               0              
        2.63367     6.36639e-09              
        2.63428     3.18319e-09              
        2.63489     6.36639e-09              
         2.6355     3.18319e-09              
        2.63611     3.18319e-09              
        2.63672               0              
        2.63733     3.18319e-09              
        2.63794     3.18319e-09              
        2.63855     3.18319e-09              
        2.63916     6.36639e-09              
        2.63977               0              
        2.64038               0              
        2.64099               0              
         2.6416     3.18319e-09              
        2.64221     6.36639e-09              
        2.64282     3.18319e-09              
        2.64343     3.18319e-09              
        2.64404     3.18319e-09              
        2.64465     6.36639e-09              
        2.64526     3.18319e-09              
        2.64587     9.54958e-09              
        2.64648     3.18319e-09              
        2.64709     9.54958e-09              
        2.64771     3.18319e-09              
        2.64832     9.54958e-09              
        2.64893     6.36639e-09              
        2.64954               0              
        2.65015     3.18319e-09              
        2.65076     3.18319e-09              
        2.65137               0              
        2.65198     3.18319e-09              
        2.65259     6.36639e-09              
         2.6532     3.18319e-09              
        2.65381               0              
        2.65442     3.18319e-09              
        2.65503     9.54958e-09              
        2.65564     3.18319e-09              
        2.65625     3.18319e-09              
        2.65686               0              
        2.65747     3.18319e-09              
        2.65808     6.36639e-09              
        2.65869     6.36639e-09              
         2.6593     6.36639e-09              
        2.65991     3.18319e-09              
        2.66052               0              
        2.66113               0              
        2.66174               0              
        2.66235     3.18319e-09              
        2.66296     3.18319e-09              
        2.66357     6.36639e-09              
        2.66418     3.18319e-09              
        2.66479               0              
        2.66541     3.18319e-09              
        2.66602     3.18319e-09              
        2.66663     3.18319e-09              
        2.66724     6.36639e-09              
        2.66785     3.18319e-09              
        2.66846     6.36639e-09              
        2.66907     3.18319e-09              
        2.66968               0              
        2.67029               0              
         2.6709               0              
        2.67151     3.18319e-09              
        2.67212     3.18319e-09              
        2.67273               0              
        2.67334               0              
        2.67395               0              
        2.67456     3.18319e-09              
        2.67517     3.18319e-09              
        2.67578               0              
        2.67639     9.54958e-09              
          2.677     6.36639e-09              
        2.67761     6.36639e-09              
        2.67822     9.54958e-09              
        2.67883     3.18319e-09              
        2.67944               0              
        2.68005     9.54958e-09              
        2.68066     3.18319e-09              
        2.68127     6.36639e-09              
        2.68188               0              
         2.6825               0              
        2.68311     6.36639e-09              
        2.68372     3.18319e-09              
        2.68433               0              
        2.68494     3.18319e-09              
        2.68555     6.36639e-09              
        2.68616     6.36639e-09              
        2.68677     3.18319e-09              
        2.68738     3.18319e-09              
        2.68799     6.36639e-09              
         2.6886               0              
        2.68921     6.36639e-09              
        2.68982     3.18319e-09              
        2.69043               0              
        2.69104               0              
        2.69165     6.36639e-09              
        2.69226     9.54958e-09              
        2.69287               0              
        2.69348     9.54958e-09              
        2.69409     3.18319e-09              
         2.6947     3.18319e-09              
        2.69531     3.18319e-09              
        2.69592               0              
        2.69653               0              
        2.69714     1.27328e-08              
        2.69775     3.18319e-09              
        2.69836      1.5916e-08              
        2.69897               0              
        2.69958     3.18319e-09              
         2.7002     6.36639e-09              
        2.70081     6.36639e-09              
        2.70142               0              
        2.70203     3.18319e-09              
        2.70264               0              
        2.70325     3.18319e-09              
        2.70386               0              
        2.70447     3.18319e-09              
        2.70508     3.18319e-09              
        2.70569     9.54958e-09              
         2.7063               0              
        2.70691     3.18319e-09              
        2.70752               0              
        2.70813     9.54958e-09              
        2.70874     3.18319e-09              
        2.70935     6.36639e-09              
        2.70996               0              
        2.71057               0              
        2.71118     9.54958e-09              
        2.71179     9.54958e-09              
         2.7124               0              
        2.71301     3.18319e-09              
        2.71362     9.54958e-09              
        2.71423     3.18319e-09              
        2.71484               0              
        2.71545     6.36639e-09              
        2.71606               0              
        2.71667     3.18319e-09              
        2.71729               0              
         2.7179     3.18319e-09              
        2.71851               0              
        2.71912     6.36639e-09              
        2.71973     3.18319e-09              
        2.72034               0              
        2.72095     3.18319e-09              
        2.72156               0              
        2.72217     9.54958e-09              
        2.72278     3.18319e-09              
        2.72339     3.18319e-09              
          2.724     1.27328e-08              
        2.72461     3.18319e-09              
        2.72522     3.18319e-09              
        2.72583     6.36639e-09              
        2.72644     3.18319e-09              
        2.72705     9.54958e-09              
        2.72766     6.36639e-09              
        2.72827     6.36639e-09              
        2.72888     3.18319e-09              
        2.72949               0              
         2.7301               0              
        2.73071               0              
        2.73132               0              
        2.73193     6.36639e-09              
        2.73254     3.18319e-09              
        2.73315     3.18319e-09              
        2.73376     9.54958e-09              
        2.73438     3.18319e-09              
        2.73499     3.18319e-09              
         2.7356     6.36639e-09              
        2.73621     6.36639e-09              
        2.73682     9.54958e-09              
        2.73743               0              
        2.73804     3.18319e-09              
        2.73865     6.36639e-09              
        2.73926               0              
        2.73987     3.18319e-09              
        2.74048     3.18319e-09              
        2.74109     3.18319e-09              
         2.7417     6.36639e-09              
        2.74231               0              
        2.74292     6.36639e-09              
        2.74353     6.36639e-09              
        2.74414               0              
        2.74475     6.36639e-09              
        2.74536     3.18319e-09              
        2.74597     3.18319e-09              
        2.74658     6.36639e-09              
        2.74719     6.36639e-09              
         2.7478     6.36639e-09              
        2.74841               0              
        2.74902     3.18319e-09              
        2.74963     3.18319e-09              
        2.75024               0              
        2.75085     6.36639e-09              
        2.75146     9.54958e-09              
        2.75208               0              
        2.75269     3.18319e-09              
         2.7533     3.18319e-09              
        2.75391     3.18319e-09              
        2.75452               0              
        2.75513               0              
        2.75574               0              
        2.75635     9.54958e-09              
        2.75696               0              
        2.75757     1.27328e-08              
        2.75818     3.18319e-09              
        2.75879     3.18319e-09              
         2.7594               0              
        2.76001     3.18319e-09              
        2.76062     9.54958e-09              
        2.76123               0              
        2.76184     6.36639e-09              
        2.76245               0              
        2.76306     9.54958e-09              
        2.76367     3.18319e-09              
        2.76428     3.18319e-09              
        2.76489     1.90992e-08              
         2.7655               0              
        2.76611     9.54958e-09              
        2.76672     3.18319e-09              
        2.76733     6.36639e-09              
        2.76794     3.18319e-09              
        2.76855     6.36639e-09              
        2.76917     3.18319e-09              
        2.76978     3.18319e-09              
        2.77039     6.36639e-09              
          2.771     3.18319e-09              
        2.77161               0              
        2.77222     3.18319e-09              
        2.77283     6.36639e-09              
        2.77344     3.18319e-09              
        2.77405     6.36639e-09              
        2.77466     3.18319e-09              
        2.77527               0              
        2.77588     3.18319e-09              
        2.77649     3.18319e-09              
         2.7771               0              
        2.77771     3.18319e-09              
        2.77832     3.18319e-09              
        2.77893               0              
        2.77954     3.18319e-09              
        2.78015     9.54958e-09              
        2.78076     9.54958e-09              
        2.78137               0              
        2.78198     3.18319e-09              
        2.78259     3.18319e-09              
         2.7832     9.54958e-09              
        2.78381               0              
        2.78442               0              
        2.78503     6.36639e-09              
        2.78564     3.18319e-09              
        2.78625     9.54958e-09              
        2.78687     3.18319e-09              
        2.78748     9.54958e-09              
        2.78809     3.18319e-09              
         2.7887     6.36639e-09              
        2.78931     6.36639e-09              
        2.78992     3.18319e-09              
        2.79053     6.36639e-09              
        2.79114     6.36639e-09              
        2.79175     6.36639e-09              
        2.79236     3.18319e-09              
        2.79297               0              
        2.79358      1.5916e-08              
        2.79419               0              
         2.7948     3.18319e-09              
        2.79541               0              
        2.79602     6.36639e-09              
        2.79663               0              
        2.79724     3.18319e-09              
        2.79785     9.54958e-09              
        2.79846     6.36639e-09              
        2.79907     3.18319e-09              
        2.79968               0              
        2.80029     6.36639e-09              
         2.8009               0              
        2.80151     9.54958e-09              
        2.80212               0              
        2.80273     6.36639e-09              
        2.80334     3.18319e-09              
        2.80396     6.36639e-09              
        2.80457     9.54958e-09              
        2.80518     3.18319e-09              
        2.80579     6.36639e-09              
         2.8064               0              
        2.80701               0              
        2.80762     6.36639e-09              
        2.80823     3.18319e-09              
        2.80884               0              
        2.80945     3.18319e-09              
        2.81006     9.54958e-09              
        2.81067               0              
        2.81128     3.18319e-09              
        2.81189               0              
         2.8125     3.18319e-09              
        2.81311     3.18319e-09              
        2.81372     6.36639e-09              
        2.81433     3.18319e-09              
        2.81494     3.18319e-09              
        2.81555     6.36639e-09              
        2.81616     3.18319e-09              
        2.81677               0              
        2.81738               0              
        2.81799     3.18319e-09              
         2.8186     3.18319e-09              
        2.81921     9.54958e-09              
        2.81982     3.18319e-09              
        2.82043     3.18319e-09              
        2.82104               0              
        2.82166     6.36639e-09              
        2.82227               0              
        2.82288               0              
        2.82349     1.90992e-08              
         2.8241     3.18319e-09              
        2.82471               0              
        2.82532     3.18319e-09              
        2.82593               0              
        2.82654     6.36639e-09              
        2.82715     3.18319e-09              
        2.82776     6.36639e-09              
        2.82837               0              
        2.82898               0              
        2.82959     6.36639e-09              
         2.8302               0              
        2.83081     3.18319e-09              
        2.83142     3.18319e-09              
        2.83203     9.54958e-09              
        2.83264     3.18319e-09              
        2.83325     1.27328e-08              
        2.83386               0              
        2.83447     6.36639e-09              
        2.83508     9.54958e-09              
        2.83569               0              
         2.8363               0              
        2.83691     9.54958e-09              
        2.83752               0              
        2.83813     3.18319e-09              
        2.83875     6.36639e-09              
        2.83936     3.18319e-09              
        2.83997     3.18319e-09              
        2.84058     6.36639e-09              
        2.84119     3.18319e-09              
         2.8418     6.36639e-09              
        2.84241     6.36639e-09              
        2.84302     6.36639e-09              
        2.84363               0              
        2.84424     6.36639e-09              
        2.84485     9.54958e-09              
        2.84546               0              
        2.84607     6.36639e-09              
        2.84668     3.18319e-09              
        2.84729     6.36639e-09              
         2.8479     1.27328e-08              
        2.84851     6.36639e-09              
        2.84912               0              
        2.84973     6.36639e-09              
        2.85034               0              
        2.85095     3.18319e-09              
        2.85156     6.36639e-09              
        2.85217     9.54958e-09              
        2.85278     3.18319e-09              
        2.85339     3.18319e-09              
          2.854     6.36639e-09              
        2.85461               0              
        2.85522               0              
        2.85583               0              
        2.85645               0              
        2.85706     6.36639e-09              
        2.85767               0              
        2.85828               0              
        2.85889     9.54958e-09              
         2.8595      1.5916e-08              
        2.86011     3.18319e-09              
        2.86072     3.18319e-09              
        2.86133     9.54958e-09              
        2.86194     6.36639e-09              
        2.86255     3.18319e-09              
        2.86316     6.36639e-09              
        2.86377     6.36639e-09              
        2.86438     6.36639e-09              
        2.86499     3.18319e-09              
         2.8656     6.36639e-09              
        2.86621     6.36639e-09              
        2.86682     3.18319e-09              
        2.86743     3.18319e-09              
        2.86804     3.18319e-09              
        2.86865               0              
        2.86926               0              
        2.86987               0              
        2.87048               0              
        2.87109     3.18319e-09              
         2.8717               0              
        2.87231     3.18319e-09              
        2.87292               0              
        2.87354     3.18319e-09              
        2.87415               0              
        2.87476     9.54958e-09              
        2.87537               0              
        2.87598               0              
        2.87659     3.18319e-09              
         2.8772     9.54958e-09              
        2.87781     9.54958e-09              
        2.87842     3.18319e-09              
        2.87903     3.18319e-09              
        2.87964     3.18319e-09              
        2.88025     3.18319e-09              
        2.88086     3.18319e-09              
        2.88147     3.18319e-09              
        2.88208     3.18319e-09              
        2.88269     3.18319e-09              
         2.8833     6.36639e-09              
        2.88391               0              
        2.88452     3.18319e-09              
        2.88513     3.18319e-09              
        2.88574     3.18319e-09              
        2.88635     9.54958e-09              
        2.88696               0              
        2.88757     3.18319e-09              
        2.88818     3.18319e-09              
        2.88879     3.18319e-09              
         2.8894               0              
        2.89001     9.54958e-09              
        2.89062     3.18319e-09              
        2.89124               0              
        2.89185     6.36639e-09              
        2.89246     3.18319e-09              
        2.89307     3.18319e-09              
        2.89368     6.36639e-09              
        2.89429     9.54958e-09              
         2.8949     9.54958e-09              
        2.89551     3.18319e-09              
        2.89612               0              
        2.89673     9.54958e-09              
        2.89734     6.36639e-09              
        2.89795               0              
        2.89856               0              
        2.89917     3.18319e-09              
        2.89978     3.18319e-09              
        2.90039               0              
          2.901               0              
        2.90161     6.36639e-09              
        2.90222               0              
        2.90283     1.27328e-08              
        2.90344     3.18319e-09              
        2.90405               0              
        2.90466     3.18319e-09              
        2.90527     6.36639e-09              
        2.90588               0              
        2.90649     3.18319e-09              
         2.9071               0              
        2.90771     9.54958e-09              
        2.90833     9.54958e-09              
        2.90894     3.18319e-09              
        2.90955     3.18319e-09              
        2.91016     3.18319e-09              
        2.91077               0              
        2.91138     3.18319e-09              
        2.91199               0              
         2.9126               0              
        2.91321     3.18319e-09              
        2.91382     3.18319e-09              
        2.91443     6.36639e-09              
        2.91504     3.18319e-09              
        2.91565     9.54958e-09              
        2.91626     3.18319e-09              
        2.91687               0              
        2.91748     9.54958e-09              
        2.91809     6.36639e-09              
         2.9187     3.18319e-09              
        2.91931     6.36639e-09              
        2.91992     3.18319e-09              
        2.92053     9.54958e-09              
        2.92114     1.27328e-08              
        2.92175               0              
        2.92236               0              
        2.92297     3.18319e-09              
        2.92358     3.18319e-09              
        2.92419               0              
         2.9248     3.18319e-09              
        2.92542     3.18319e-09              
        2.92603     6.36639e-09              
        2.92664     3.18319e-09              
        2.92725     6.36639e-09              
        2.92786     3.18319e-09              
        2.92847               0              
        2.92908     3.18319e-09              
        2.92969     6.36639e-09              
         2.9303     3.18319e-09              
        2.93091     3.18319e-09              
        2.93152               0              
        2.93213     3.18319e-09              
        2.93274     3.18319e-09              
        2.93335     3.18319e-09              
        2.93396     6.36639e-09              
        2.93457     3.18319e-09              
        2.93518     6.36639e-09              
        2.93579               0              
         2.9364     3.18319e-09              
        2.93701     3.18319e-09              
        2.93762     3.18319e-09              
        2.93823     3.18319e-09              
        2.93884     3.18319e-09              
        2.93945     9.54958e-09              
        2.94006     9.54958e-09              
        2.94067     6.36639e-09              
        2.94128     6.36639e-09              
        2.94189     9.54958e-09              
         2.9425     3.18319e-09              
        2.94312     6.36639e-09              
        2.94373               0              
        2.94434     9.54958e-09              
        2.94495     3.18319e-09              
        2.94556               0              
        2.94617     6.36639e-09              
        2.94678               0              
        2.94739     3.18319e-09              
          2.948     3.18319e-09              
        2.94861               0              
        2.94922               0              
        2.94983     3.18319e-09              
        2.95044     6.36639e-09              
        2.95105               0              
        2.95166               0              
        2.95227               0              
        2.95288               0              
        2.95349     6.36639e-09              
         2.9541               0              
        2.95471               0              
        2.95532               0              
        2.95593     3.18319e-09              
        2.95654     6.36639e-09              
        2.95715               0              
        2.95776     9.54958e-09              
        2.95837     6.36639e-09              
        2.95898               0              
        2.95959     6.36639e-09              
        2.96021     6.36639e-09              
        2.96082               0              
        2.96143               0              
        2.96204               0              
        2.96265     3.18319e-09              
        2.96326     9.54958e-09              
        2.96387               0              
        2.96448               0              
        2.96509     9.54958e-09              
         2.9657     3.18319e-09              
        2.96631     3.18319e-09              
        2.96692     3.18319e-09              
        2.96753     3.18319e-09              
        2.96814               0              
        2.96875     6.36639e-09              
        2.96936     3.18319e-09              
        2.96997               0              
        2.97058     3.18319e-09              
        2.97119     6.36639e-09              
         2.9718     3.18319e-09              
        2.97241     6.36639e-09              
        2.97302     3.18319e-09              
        2.97363               0              
        2.97424     6.36639e-09              
        2.97485     6.36639e-09              
        2.97546               0              
        2.97607               0              
        2.97668     3.18319e-09              
        2.97729     6.36639e-09              
        2.97791     6.36639e-09              
        2.97852               0              
        2.97913     3.18319e-09              
        2.97974     6.36639e-09              
        2.98035     6.36639e-09              
        2.98096     9.54958e-09              
        2.98157     3.18319e-09              
        2.98218     1.27328e-08              
        2.98279     6.36639e-09              
         2.9834     9.54958e-09              
        2.98401               0              
        2.98462               0              
        2.98523               0              
        2.98584               0              
        2.98645     3.18319e-09              
        2.98706     3.18319e-09              
        2.98767     6.36639e-09              
        2.98828               0              
        2.98889               0              
         2.9895     9.54958e-09              
        2.99011               0              
        2.99072     6.36639e-09              
        2.99133               0              
        2.99194     6.36639e-09              
        2.99255     3.18319e-09              
        2.99316     6.36639e-09              
        2.99377               0              
        2.99438               0              
          2.995               0              
        2.99561     3.18319e-09              
        2.99622     9.54958e-09              
        2.99683     3.18319e-09              
        2.99744               0              
        2.99805               0              
        2.99866     6.36639e-09              
