        2.99927     1.27328e-08              
        2.99988     3.18319e-09              
        3.00049     3.18319e-09              
         3.0011     3.18319e-09              
        3.00171     6.36639e-09              
        3.00232               0              
        3.00293               0              
        3.00354     6.36639e-09              
        3.00415     3.18319e-09              
        3.00476     3.18319e-09              
        3.00537     3.18319e-09              
        3.00598     3.18319e-09              
        3.00659     3.18319e-09              
         3.0072     3.18319e-09              
        3.00781               0              
        3.00842               0              
        3.00903     9.54958e-09              
        3.00964     3.18319e-09              
        3.01025     6.36639e-09              
        3.01086     3.18319e-09              
        3.01147     3.18319e-09              
        3.01208     6.36639e-09              
         3.0127     6.36639e-09              
        3.01331               0              
        3.01392     3.18319e-09              
        3.01453     9.54958e-09              
        3.01514               0              
        3.01575     3.18319e-09              
        3.01636     3.18319e-09              
        3.01697     6.36639e-09              
        3.01758     1.27328e-08              
        3.01819               0              
         3.0188               0              
        3.01941     3.18319e-09              
        3.02002     6.36639e-09              
        3.02063     9.54958e-09              
        3.02124               0              
        3.02185     3.18319e-09              
        3.02246               0              
        3.02307     3.18319e-09              
        3.02368     3.18319e-09              
        3.02429     9.54958e-09              
         3.0249     6.36639e-09              
        3.02551               0              
        3.02612     6.36639e-09              
        3.02673     9.54958e-09              
        3.02734     9.54958e-09              
        3.02795     3.18319e-09              
        3.02856     1.27328e-08              
        3.02917               0              
        3.02979     6.36639e-09              
         3.0304     3.18319e-09              
        3.03101     1.27328e-08              
        3.03162     6.36639e-09              
        3.03223               0              
        3.03284     3.18319e-09              
        3.03345               0              
        3.03406     1.27328e-08              
        3.03467               0              
        3.03528     3.18319e-09              
        3.03589     1.27328e-08              
         3.0365               0              
        3.03711               0              
        3.03772     6.36639e-09              
        3.03833     6.36639e-09              
        3.03894               0              
        3.03955     3.18319e-09              
        3.04016     6.36639e-09              
        3.04077     3.18319e-09              
        3.04138     3.18319e-09              
        3.04199               0              
         3.0426               0              
        3.04321     3.18319e-09              
        3.04382     3.18319e-09              
        3.04443     3.18319e-09              
        3.04504               0              
        3.04565     3.18319e-09              
        3.04626     6.36639e-09              
        3.04688               0              
        3.04749     6.36639e-09              
         3.0481               0              
        3.04871               0              
        3.04932     9.54958e-09              
        3.04993     3.18319e-09              
        3.05054               0              
        3.05115               0              
        3.05176               0              
        3.05237               0              
        3.05298     6.36639e-09              
        3.05359     6.36639e-09              
         3.0542     6.36639e-09              
        3.05481     3.18319e-09              
        3.05542     6.36639e-09              
        3.05603     3.18319e-09              
        3.05664               0              
        3.05725     3.18319e-09              
        3.05786     3.18319e-09              
        3.05847               0              
        3.05908               0              
        3.05969     6.36639e-09              
         3.0603     3.18319e-09              
        3.06091     3.18319e-09              
        3.06152               0              
        3.06213               0              
        3.06274               0              
        3.06335               0              
        3.06396     3.18319e-09              
        3.06458     6.36639e-09              
        3.06519     3.18319e-09              
         3.0658               0              
        3.06641     3.18319e-09              
        3.06702     3.18319e-09              
        3.06763     6.36639e-09              
        3.06824     6.36639e-09              
        3.06885     3.18319e-09              
        3.06946     6.36639e-09              
        3.07007               0              
        3.07068     3.18319e-09              
        3.07129     3.18319e-09              
         3.0719     3.18319e-09              
        3.07251     6.36639e-09              
        3.07312               0              
        3.07373     9.54958e-09              
        3.07434     3.18319e-09              
        3.07495               0              
        3.07556     3.18319e-09              
        3.07617               0              
        3.07678     3.18319e-09              
        3.07739               0              
          3.078     3.18319e-09              
        3.07861               0              
        3.07922               0              
        3.07983     6.36639e-09              
        3.08044     3.18319e-09              
        3.08105     3.18319e-09              
        3.08167               0              
        3.08228               0              
        3.08289     3.18319e-09              
         3.0835     6.36639e-09              
        3.08411     6.36639e-09              
        3.08472     3.18319e-09              
        3.08533               0              
        3.08594     6.36639e-09              
        3.08655     3.18319e-09              
        3.08716     3.18319e-09              
        3.08777     3.18319e-09              
        3.08838               0              
        3.08899               0              
         3.0896     6.36639e-09              
        3.09021     9.54958e-09              
        3.09082     6.36639e-09              
        3.09143     9.54958e-09              
        3.09204     3.18319e-09              
        3.09265     6.36639e-09              
        3.09326     6.36639e-09              
        3.09387     3.18319e-09              
        3.09448     3.18319e-09              
        3.09509     3.18319e-09              
         3.0957               0              
        3.09631               0              
        3.09692               0              
        3.09753     3.18319e-09              
        3.09814     6.36639e-09              
        3.09875     6.36639e-09              
        3.09937               0              
        3.09998     3.18319e-09              
        3.10059     6.36639e-09              
         3.1012               0              
        3.10181     6.36639e-09              
        3.10242     3.18319e-09              
        3.10303               0              
        3.10364     6.36639e-09              
        3.10425               0              
        3.10486     6.36639e-09              
        3.10547               0              
        3.10608     3.18319e-09              
        3.10669               0              
         3.1073     3.18319e-09              
        3.10791     9.54958e-09              
        3.10852               0              
        3.10913     3.18319e-09              
        3.10974               0              
        3.11035     9.54958e-09              
        3.11096               0              
        3.11157               0              
        3.11218     3.18319e-09              
        3.11279               0              
         3.1134               0              
        3.11401               0              
        3.11462     3.18319e-09              
        3.11523     6.36639e-09              
        3.11584               0              
        3.11646     3.18319e-09              
        3.11707     6.36639e-09              
        3.11768     9.54958e-09              
        3.11829     3.18319e-09              
         3.1189               0              
        3.11951     6.36639e-09              
        3.12012     3.18319e-09              
        3.12073     3.18319e-09              
        3.12134     1.27328e-08              
        3.12195     3.18319e-09              
        3.12256               0              
        3.12317     6.36639e-09              
        3.12378               0              
        3.12439               0              
          3.125               0              
        3.12561               0              
        3.12622     6.36639e-09              
        3.12683               0              
        3.12744     6.36639e-09              
        3.12805     3.18319e-09              
        3.12866               0              
        3.12927     6.36639e-09              
        3.12988     6.36639e-09              
        3.13049               0              
         3.1311     6.36639e-09              
        3.13171               0              
        3.13232     9.54958e-09              
        3.13293     3.18319e-09              
        3.13354               0              
        3.13416     3.18319e-09              
        3.13477               0              
        3.13538               0              
        3.13599     6.36639e-09              
         3.1366     3.18319e-09              
        3.13721               0              
        3.13782     3.18319e-09              
        3.13843     9.54958e-09              
        3.13904     3.18319e-09              
        3.13965     3.18319e-09              
        3.14026     6.36639e-09              
        3.14087               0              
        3.14148     3.18319e-09              
        3.14209               0              
         3.1427     6.36639e-09              
        3.14331               0              
        3.14392               0              
        3.14453     6.36639e-09              
        3.14514     9.54958e-09              
        3.14575     3.18319e-09              
        3.14636     6.36639e-09              
        3.14697               0              
        3.14758     6.36639e-09              
        3.14819     3.18319e-09              
         3.1488               0              
        3.14941               0              
        3.15002               0              
        3.15063     9.54958e-09              
        3.15125     6.36639e-09              
        3.15186               0              
        3.15247     6.36639e-09              
        3.15308     6.36639e-09              
        3.15369     3.18319e-09              
         3.1543               0              
        3.15491     3.18319e-09              
        3.15552     3.18319e-09              
        3.15613     6.36639e-09              
        3.15674     6.36639e-09              
        3.15735     6.36639e-09              
        3.15796     3.18319e-09              
        3.15857     6.36639e-09              
        3.15918     3.18319e-09              
        3.15979               0              
         3.1604     9.54958e-09              
        3.16101     3.18319e-09              
        3.16162     3.18319e-09              
        3.16223     3.18319e-09              
        3.16284               0              
        3.16345               0              
        3.16406     3.18319e-09              
        3.16467     6.36639e-09              
        3.16528     3.18319e-09              
        3.16589     9.54958e-09              
         3.1665     9.54958e-09              
        3.16711     3.18319e-09              
        3.16772               0              
        3.16833               0              
        3.16895     3.18319e-09              
        3.16956     6.36639e-09              
        3.17017     6.36639e-09              
        3.17078     3.18319e-09              
        3.17139     3.18319e-09              
          3.172     3.18319e-09              
        3.17261               0              
        3.17322     3.18319e-09              
        3.17383               0              
        3.17444               0              
        3.17505     3.18319e-09              
        3.17566     6.36639e-09              
        3.17627     3.18319e-09              
        3.17688               0              
        3.17749               0              
         3.1781               0              
        3.17871     3.18319e-09              
        3.17932     3.18319e-09              
        3.17993     6.36639e-09              
        3.18054     3.18319e-09              
        3.18115               0              
        3.18176     6.36639e-09              
        3.18237               0              
        3.18298               0              
        3.18359     6.36639e-09              
         3.1842     3.18319e-09              
        3.18481     6.36639e-09              
        3.18542     3.18319e-09              
        3.18604     3.18319e-09              
        3.18665               0              
        3.18726     6.36639e-09              
        3.18787               0              
        3.18848     6.36639e-09              
        3.18909     6.36639e-09              
         3.1897     3.18319e-09              
        3.19031     3.18319e-09              
        3.19092     3.18319e-09              
        3.19153     3.18319e-09              
        3.19214               0              
        3.19275               0              
        3.19336     3.18319e-09              
        3.19397     9.54958e-09              
        3.19458               0              
        3.19519     3.18319e-09              
         3.1958     3.18319e-09              
        3.19641     6.36639e-09              
        3.19702     9.54958e-09              
        3.19763               0              
        3.19824     3.18319e-09              
        3.19885     3.18319e-09              
        3.19946               0              
        3.20007     3.18319e-09              
        3.20068     3.18319e-09              
        3.20129               0              
         3.2019     3.18319e-09              
        3.20251     3.18319e-09              
        3.20312     3.18319e-09              
        3.20374     9.54958e-09              
        3.20435               0              
        3.20496               0              
        3.20557               0              
        3.20618     3.18319e-09              
        3.20679     3.18319e-09              
         3.2074               0              
        3.20801               0              
        3.20862               0              
        3.20923     3.18319e-09              
        3.20984     1.27328e-08              
        3.21045     3.18319e-09              
        3.21106     9.54958e-09              
        3.21167     3.18319e-09              
        3.21228     3.18319e-09              
        3.21289     9.54958e-09              
         3.2135               0              
        3.21411               0              
        3.21472     3.18319e-09              
        3.21533     1.27328e-08              
        3.21594     3.18319e-09              
        3.21655     6.36639e-09              
        3.21716               0              
        3.21777     3.18319e-09              
        3.21838     3.18319e-09              
        3.21899               0              
         3.2196     3.18319e-09              
        3.22021               0              
        3.22083     3.18319e-09              
        3.22144               0              
        3.22205               0              
        3.22266     6.36639e-09              
        3.22327               0              
        3.22388     6.36639e-09              
        3.22449               0              
         3.2251               0              
        3.22571     9.54958e-09              
        3.22632     9.54958e-09              
        3.22693               0              
        3.22754     3.18319e-09              
        3.22815               0              
        3.22876     3.18319e-09              
        3.22937     3.18319e-09              
        3.22998     3.18319e-09              
        3.23059     3.18319e-09              
         3.2312     3.18319e-09              
        3.23181     3.18319e-09              
        3.23242     3.18319e-09              
        3.23303               0              
        3.23364     3.18319e-09              
        3.23425               0              
        3.23486     9.54958e-09              
        3.23547               0              
        3.23608               0              
        3.23669               0              
         3.2373               0              
        3.23792     3.18319e-09              
        3.23853               0              
        3.23914     6.36639e-09              
        3.23975     9.54958e-09              
        3.24036               0              
        3.24097               0              
        3.24158               0              
        3.24219               0              
         3.2428     3.18319e-09              
        3.24341               0              
        3.24402               0              
        3.24463     3.18319e-09              
        3.24524     1.27328e-08              
        3.24585     3.18319e-09              
        3.24646               0              
        3.24707     3.18319e-09              
        3.24768     6.36639e-09              
        3.24829     3.18319e-09              
         3.2489               0              
        3.24951     3.18319e-09              
        3.25012     9.54958e-09              
        3.25073     3.18319e-09              
        3.25134               0              
        3.25195     6.36639e-09              
        3.25256     3.18319e-09              
        3.25317               0              
        3.25378               0              
        3.25439     3.18319e-09              
          3.255               0              
        3.25562               0              
        3.25623     3.18319e-09              
        3.25684               0              
        3.25745     3.18319e-09              
        3.25806               0              
        3.25867     6.36639e-09              
        3.25928     9.54958e-09              
        3.25989               0              
         3.2605     6.36639e-09              
        3.26111               0              
        3.26172     3.18319e-09              
        3.26233     3.18319e-09              
        3.26294     6.36639e-09              
        3.26355               0              
        3.26416     6.36639e-09              
        3.26477     9.54958e-09              
        3.26538     3.18319e-09              
        3.26599     3.18319e-09              
         3.2666               0              
        3.26721               0              
        3.26782     3.18319e-09              
        3.26843     3.18319e-09              
        3.26904     1.27328e-08              
        3.26965               0              
        3.27026     9.54958e-09              
        3.27087     3.18319e-09              
        3.27148               0              
        3.27209     6.36639e-09              
        3.27271     9.54958e-09              
        3.27332     9.54958e-09              
        3.27393               0              
        3.27454     6.36639e-09              
        3.27515     3.18319e-09              
        3.27576               0              
        3.27637     3.18319e-09              
        3.27698     6.36639e-09              
        3.27759     9.54958e-09              
         3.2782     3.18319e-09              
        3.27881     9.54958e-09              
        3.27942               0              
        3.28003     3.18319e-09              
        3.28064     1.27328e-08              
        3.28125     6.36639e-09              
        3.28186     3.18319e-09              
        3.28247     3.18319e-09              
        3.28308               0              
        3.28369     3.18319e-09              
         3.2843               0              
        3.28491     6.36639e-09              
        3.28552               0              
        3.28613     6.36639e-09              
        3.28674     9.54958e-09              
        3.28735               0              
        3.28796     6.36639e-09              
        3.28857               0              
        3.28918               0              
        3.28979     3.18319e-09              
        3.29041               0              
        3.29102     3.18319e-09              
        3.29163     9.54958e-09              
        3.29224     3.18319e-09              
        3.29285     3.18319e-09              
        3.29346               0              
        3.29407     3.18319e-09              
        3.29468               0              
        3.29529               0              
         3.2959     3.18319e-09              
        3.29651     1.27328e-08              
        3.29712     3.18319e-09              
        3.29773     3.18319e-09              
        3.29834     6.36639e-09              
        3.29895     3.18319e-09              
        3.29956     9.54958e-09              
        3.30017     6.36639e-09              
        3.30078     6.36639e-09              
        3.30139     3.18319e-09              
          3.302     6.36639e-09              
        3.30261     3.18319e-09              
        3.30322               0              
        3.30383     3.18319e-09              
        3.30444     3.18319e-09              
        3.30505               0              
        3.30566               0              
        3.30627     3.18319e-09              
        3.30688               0              
         3.3075               0              
        3.30811               0              
        3.30872               0              
        3.30933     3.18319e-09              
        3.30994     3.18319e-09              
        3.31055     6.36639e-09              
        3.31116     1.27328e-08              
        3.31177               0              
        3.31238     3.18319e-09              
        3.31299     6.36639e-09              
         3.3136               0              
        3.31421               0              
        3.31482     3.18319e-09              
        3.31543               0              
        3.31604               0              
        3.31665     6.36639e-09              
        3.31726               0              
        3.31787     6.36639e-09              
        3.31848               0              
        3.31909               0              
         3.3197               0              
        3.32031     6.36639e-09              
        3.32092     3.18319e-09              
        3.32153               0              
        3.32214     6.36639e-09              
        3.32275     3.18319e-09              
        3.32336               0              
        3.32397     6.36639e-09              
        3.32458     3.18319e-09              
         3.3252     1.27328e-08              
        3.32581               0              
        3.32642               0              
        3.32703     3.18319e-09              
        3.32764     3.18319e-09              
        3.32825               0              
        3.32886     3.18319e-09              
        3.32947     6.36639e-09              
        3.33008     6.36639e-09              
        3.33069     6.36639e-09              
         3.3313               0              
        3.33191     6.36639e-09              
        3.33252     3.18319e-09              
        3.33313     3.18319e-09              
        3.33374               0              
        3.33435     3.18319e-09              
        3.33496               0              
        3.33557     3.18319e-09              
        3.33618     3.18319e-09              
        3.33679     9.54958e-09              
         3.3374     3.18319e-09              
        3.33801     3.18319e-09              
        3.33862     3.18319e-09              
        3.33923     3.18319e-09              
        3.33984     6.36639e-09              
        3.34045               0              
        3.34106               0              
        3.34167               0              
        3.34229               0              
         3.3429     3.18319e-09              
        3.34351     3.18319e-09              
        3.34412     3.18319e-09              
        3.34473     6.36639e-09              
        3.34534     3.18319e-09              
        3.34595     3.18319e-09              
        3.34656     3.18319e-09              
        3.34717     6.36639e-09              
        3.34778     3.18319e-09              
        3.34839     3.18319e-09              
          3.349     3.18319e-09              
        3.34961               0              
        3.35022               0              
        3.35083               0              
        3.35144     6.36639e-09              
        3.35205     3.18319e-09              
        3.35266               0              
        3.35327               0              
        3.35388     3.18319e-09              
        3.35449     3.18319e-09              
         3.3551     3.18319e-09              
        3.35571     6.36639e-09              
        3.35632               0              
        3.35693               0              
        3.35754     6.36639e-09              
        3.35815     3.18319e-09              
        3.35876               0              
        3.35938     3.18319e-09              
        3.35999               0              
         3.3606     1.27328e-08              
        3.36121               0              
        3.36182     3.18319e-09              
        3.36243     9.54958e-09              
        3.36304     3.18319e-09              
        3.36365     9.54958e-09              
        3.36426     3.18319e-09              
        3.36487               0              
        3.36548     6.36639e-09              
        3.36609     6.36639e-09              
         3.3667     6.36639e-09              
        3.36731     9.54958e-09              
        3.36792     3.18319e-09              
        3.36853     6.36639e-09              
        3.36914     3.18319e-09              
        3.36975     3.18319e-09              
        3.37036     3.18319e-09              
        3.37097               0              
        3.37158     1.27328e-08              
        3.37219               0              
         3.3728     6.36639e-09              
        3.37341               0              
        3.37402               0              
        3.37463               0              
        3.37524               0              
        3.37585     3.18319e-09              
        3.37646     1.27328e-08              
        3.37708               0              
        3.37769               0              
         3.3783               0              
        3.37891               0              
        3.37952     3.18319e-09              
        3.38013               0              
        3.38074               0              
        3.38135     3.18319e-09              
        3.38196     3.18319e-09              
        3.38257               0              
        3.38318     3.18319e-09              
        3.38379               0              
         3.3844     6.36639e-09              
        3.38501     6.36639e-09              
        3.38562     3.18319e-09              
        3.38623               0              
        3.38684     3.18319e-09              
        3.38745     3.18319e-09              
        3.38806               0              
        3.38867               0              
        3.38928     3.18319e-09              
        3.38989               0              
         3.3905     3.18319e-09              
        3.39111               0              
        3.39172     3.18319e-09              
        3.39233               0              
        3.39294     3.18319e-09              
        3.39355               0              
        3.39417     6.36639e-09              
        3.39478     6.36639e-09              
        3.39539               0              
          3.396     3.18319e-09              
        3.39661     3.18319e-09              
        3.39722     6.36639e-09              
        3.39783     6.36639e-09              
        3.39844     3.18319e-09              
        3.39905     3.18319e-09              
        3.39966               0              
        3.40027     3.18319e-09              
        3.40088     3.18319e-09              
        3.40149     3.18319e-09              
         3.4021               0              
        3.40271     6.36639e-09              
        3.40332               0              
        3.40393     3.18319e-09              
        3.40454     3.18319e-09              
        3.40515               0              
        3.40576               0              
        3.40637               0              
        3.40698     3.18319e-09              
        3.40759     6.36639e-09              
         3.4082               0              
        3.40881               0              
        3.40942               0              
        3.41003               0              
        3.41064     6.36639e-09              
        3.41125     6.36639e-09              
        3.41187               0              
        3.41248               0              
        3.41309               0              
         3.4137     9.54958e-09              
        3.41431     3.18319e-09              
        3.41492               0              
        3.41553     3.18319e-09              
        3.41614     6.36639e-09              
        3.41675     3.18319e-09              
        3.41736     6.36639e-09              
        3.41797     6.36639e-09              
        3.41858     3.18319e-09              
        3.41919     6.36639e-09              
         3.4198     3.18319e-09              
        3.42041     3.18319e-09              
        3.42102     3.18319e-09              
        3.42163               0              
        3.42224     9.54958e-09              
        3.42285               0              
        3.42346               0              
        3.42407               0              
        3.42468     3.18319e-09              
        3.42529               0              
         3.4259     3.18319e-09              
        3.42651     6.36639e-09              
        3.42712     3.18319e-09              
        3.42773               0              
        3.42834     6.36639e-09              
        3.42896     3.18319e-09              
        3.42957     3.18319e-09              
        3.43018               0              
        3.43079     3.18319e-09              
         3.4314               0              
        3.43201     3.18319e-09              
        3.43262     6.36639e-09              
        3.43323     3.18319e-09              
        3.43384     3.18319e-09              
        3.43445     9.54958e-09              
        3.43506     3.18319e-09              
        3.43567               0              
        3.43628               0              
        3.43689     3.18319e-09              
         3.4375               0              
        3.43811     3.18319e-09              
        3.43872               0              
        3.43933               0              
        3.43994     3.18319e-09              
        3.44055     9.54958e-09              
        3.44116               0              
        3.44177     3.18319e-09              
        3.44238               0              
        3.44299     3.18319e-09              
         3.4436               0              
        3.44421               0              
        3.44482               0              
        3.44543               0              
        3.44604               0              
        3.44666     3.18319e-09              
        3.44727               0              
        3.44788     6.36639e-09              
        3.44849     6.36639e-09              
         3.4491               0              
        3.44971     6.36639e-09              
        3.45032     6.36639e-09              
        3.45093               0              
        3.45154     6.36639e-09              
        3.45215               0              
        3.45276               0              
        3.45337     1.27328e-08              
        3.45398     3.18319e-09              
        3.45459     3.18319e-09              
         3.4552               0              
        3.45581               0              
        3.45642               0              
        3.45703               0              
        3.45764               0              
        3.45825     3.18319e-09              
        3.45886               0              
        3.45947               0              
        3.46008     3.18319e-09              
        3.46069     3.18319e-09              
         3.4613     3.18319e-09              
        3.46191     3.18319e-09              
        3.46252     3.18319e-09              
        3.46313               0              
        3.46375     3.18319e-09              
        3.46436               0              
        3.46497     6.36639e-09              
        3.46558     3.18319e-09              
        3.46619     3.18319e-09              
         3.4668     6.36639e-09              
        3.46741               0              
        3.46802     9.54958e-09              
        3.46863     3.18319e-09              
        3.46924     6.36639e-09              
        3.46985     3.18319e-09              
        3.47046               0              
        3.47107               0              
        3.47168     9.54958e-09              
        3.47229     3.18319e-09              
         3.4729               0              
        3.47351     3.18319e-09              
        3.47412     3.18319e-09              
        3.47473               0              
        3.47534     3.18319e-09              
        3.47595               0              
        3.47656     3.18319e-09              
        3.47717     9.54958e-09              
        3.47778     6.36639e-09              
        3.47839     6.36639e-09              
          3.479     9.54958e-09              
        3.47961     6.36639e-09              
        3.48022     6.36639e-09              
        3.48083     3.18319e-09              
        3.48145               0              
        3.48206     3.18319e-09              
        3.48267     9.54958e-09              
        3.48328     3.18319e-09              
        3.48389               0              
         3.4845     6.36639e-09              
        3.48511     6.36639e-09              
        3.48572     6.36639e-09              
        3.48633     6.36639e-09              
        3.48694     3.18319e-09              
        3.48755     3.18319e-09              
        3.48816     3.18319e-09              
        3.48877     3.18319e-09              
        3.48938               0              
        3.48999               0              
         3.4906     3.18319e-09              
        3.49121     6.36639e-09              
        3.49182     6.36639e-09              
        3.49243     6.36639e-09              
        3.49304     3.18319e-09              
        3.49365     3.18319e-09              
        3.49426               0              
        3.49487     3.18319e-09              
        3.49548     6.36639e-09              
        3.49609               0              
         3.4967               0              
        3.49731               0              
        3.49792               0              
        3.49854     3.18319e-09              
        3.49915     3.18319e-09              
        3.49976     6.36639e-09              
        3.50037     3.18319e-09              
        3.50098     6.36639e-09              
        3.50159     6.36639e-09              
         3.5022               0              
        3.50281     3.18319e-09              
        3.50342               0              
        3.50403               0              
        3.50464               0              
        3.50525     6.36639e-09              
        3.50586               0              
        3.50647               0              
        3.50708               0              
        3.50769     3.18319e-09              
         3.5083               0              
        3.50891     6.36639e-09              
        3.50952     9.54958e-09              
        3.51013     9.54958e-09              
        3.51074     3.18319e-09              
        3.51135               0              
        3.51196     3.18319e-09              
        3.51257     9.54958e-09              
        3.51318     3.18319e-09              
        3.51379     6.36639e-09              
         3.5144               0              
        3.51501     6.36639e-09              
        3.51562     3.18319e-09              
        3.51624               0              
        3.51685               0              
        3.51746     3.18319e-09              
        3.51807     9.54958e-09              
        3.51868     3.18319e-09              
        3.51929               0              
         3.5199     3.18319e-09              
        3.52051     6.36639e-09              
        3.52112     9.54958e-09              
        3.52173               0              
        3.52234     3.18319e-09              
        3.52295               0              
        3.52356     6.36639e-09              
        3.52417     3.18319e-09              
        3.52478               0              
        3.52539     6.36639e-09              
          3.526     3.18319e-09              
        3.52661     6.36639e-09              
        3.52722     3.18319e-09              
        3.52783     1.27328e-08              
        3.52844     3.18319e-09              
        3.52905     6.36639e-09              
        3.52966     6.36639e-09              
        3.53027     3.18319e-09              
        3.53088     3.18319e-09              
        3.53149     3.18319e-09              
         3.5321               0              
        3.53271     3.18319e-09              
        3.53333     6.36639e-09              
        3.53394               0              
        3.53455     6.36639e-09              
        3.53516     3.18319e-09              
        3.53577     3.18319e-09              
        3.53638     9.54958e-09              
        3.53699     9.54958e-09              
         3.5376     3.18319e-09              
        3.53821     3.18319e-09              
        3.53882               0              
        3.53943     6.36639e-09              
        3.54004               0              
        3.54065               0              
        3.54126               0              
        3.54187     9.54958e-09              
        3.54248               0              
        3.54309               0              
         3.5437     3.18319e-09              
        3.54431     3.18319e-09              
        3.54492     9.54958e-09              
        3.54553     6.36639e-09              
        3.54614     3.18319e-09              
        3.54675     6.36639e-09              
        3.54736     6.36639e-09              
        3.54797               0              
        3.54858               0              
        3.54919               0              
         3.5498     3.18319e-09              
        3.55042     3.18319e-09              
        3.55103               0              
        3.55164     3.18319e-09              
        3.55225               0              
        3.55286     3.18319e-09              
        3.55347               0              
        3.55408     3.18319e-09              
        3.55469     3.18319e-09              
         3.5553     6.36639e-09              
        3.55591     3.18319e-09              
        3.55652     3.18319e-09              
        3.55713     6.36639e-09              
        3.55774     6.36639e-09              
        3.55835               0              
        3.55896     3.18319e-09              
        3.55957               0              
        3.56018     3.18319e-09              
        3.56079     3.18319e-09              
         3.5614               0              
        3.56201     6.36639e-09              
        3.56262     3.18319e-09              
        3.56323               0              
        3.56384     9.54958e-09              
        3.56445               0              
        3.56506     3.18319e-09              
        3.56567               0              
        3.56628     3.18319e-09              
        3.56689     3.18319e-09              
         3.5675     3.18319e-09              
        3.56812               0              
        3.56873     3.18319e-09              
        3.56934     6.36639e-09              
        3.56995               0              
        3.57056               0              
        3.57117               0              
        3.57178               0              
        3.57239               0              
          3.573     3.18319e-09              
        3.57361               0              
        3.57422     3.18319e-09              
        3.57483     9.54958e-09              
        3.57544     6.36639e-09              
        3.57605               0              
        3.57666               0              
        3.57727     9.54958e-09              
        3.57788     3.18319e-09              
        3.57849     3.18319e-09              
         3.5791     3.18319e-09              
        3.57971     6.36639e-09              
        3.58032     6.36639e-09              
        3.58093     3.18319e-09              
        3.58154               0              
        3.58215               0              
        3.58276     3.18319e-09              
        3.58337     9.54958e-09              
        3.58398               0              
        3.58459               0              
        3.58521     3.18319e-09              
        3.58582               0              
        3.58643               0              
        3.58704     9.54958e-09              
        3.58765     6.36639e-09              
        3.58826               0              
        3.58887     3.18319e-09              
        3.58948               0              
        3.59009     3.18319e-09              
         3.5907               0              
        3.59131     1.27328e-08              
        3.59192               0              
        3.59253               0              
        3.59314               0              
        3.59375     6.36639e-09              
        3.59436     3.18319e-09              
        3.59497     6.36639e-09              
        3.59558               0              
        3.59619     3.18319e-09              
         3.5968     3.18319e-09              
        3.59741     3.18319e-09              
        3.59802               0              
        3.59863     1.27328e-08              
        3.59924     3.18319e-09              
        3.59985               0              
        3.60046               0              
        3.60107     6.36639e-09              
        3.60168     3.18319e-09              
        3.60229     6.36639e-09              
        3.60291               0              
        3.60352     3.18319e-09              
        3.60413     3.18319e-09              
        3.60474     3.18319e-09              
        3.60535     3.18319e-09              
        3.60596     3.18319e-09              
        3.60657     3.18319e-09              
        3.60718     3.18319e-09              
        3.60779     3.18319e-09              
         3.6084     3.18319e-09              
        3.60901     3.18319e-09              
        3.60962     6.36639e-09              
        3.61023     6.36639e-09              
        3.61084     9.54958e-09              
        3.61145     3.18319e-09              
        3.61206     6.36639e-09              
        3.61267               0              
        3.61328               0              
        3.61389               0              
         3.6145     3.18319e-09              
        3.61511     3.18319e-09              
        3.61572     6.36639e-09              
        3.61633     6.36639e-09              
        3.61694               0              
        3.61755               0              
        3.61816     3.18319e-09              
        3.61877               0              
        3.61938     3.18319e-09              
           3.62     3.18319e-09              
        3.62061               0              
        3.62122     3.18319e-09              
        3.62183     3.18319e-09              
        3.62244     6.36639e-09              
        3.62305     6.36639e-09              
        3.62366     6.36639e-09              
        3.62427     3.18319e-09              
        3.62488               0              
        3.62549     6.36639e-09              
         3.6261               0              
        3.62671     3.18319e-09              
        3.62732     9.54958e-09              
        3.62793     6.36639e-09              
        3.62854     3.18319e-09              
        3.62915               0              
        3.62976               0              
        3.63037               0              
        3.63098               0              
        3.63159     3.18319e-09              
         3.6322               0              
        3.63281               0              
        3.63342               0              
        3.63403               0              
        3.63464     3.18319e-09              
        3.63525               0              
        3.63586     6.36639e-09              
        3.63647     6.36639e-09              
        3.63708     6.36639e-09              
         3.6377     6.36639e-09              
        3.63831               0              
        3.63892      1.5916e-08              
        3.63953     3.18319e-09              
        3.64014     6.36639e-09              
        3.64075     3.18319e-09              
        3.64136               0              
        3.64197               0              
        3.64258     3.18319e-09              
        3.64319     3.18319e-09              
         3.6438               0              
        3.64441               0              
        3.64502               0              
        3.64563     6.36639e-09              
        3.64624     1.27328e-08              
        3.64685     3.18319e-09              
        3.64746               0              
        3.64807     3.18319e-09              
        3.64868               0              
        3.64929     6.36639e-09              
         3.6499               0              
        3.65051               0              
        3.65112     3.18319e-09              
        3.65173     3.18319e-09              
        3.65234               0              
        3.65295               0              
        3.65356     3.18319e-09              
        3.65417     3.18319e-09              
        3.65479     3.18319e-09              
         3.6554     3.18319e-09              
        3.65601     6.36639e-09              
        3.65662               0              
        3.65723               0              
        3.65784     6.36639e-09              
        3.65845               0              
        3.65906               0              
        3.65967               0              
        3.66028               0              
        3.66089     6.36639e-09              
         3.6615     3.18319e-09              
        3.66211     9.54958e-09              
        3.66272     3.18319e-09              
        3.66333     3.18319e-09              
        3.66394     6.36639e-09              
        3.66455     3.18319e-09              
        3.66516               0              
        3.66577               0              
        3.66638     3.18319e-09              
        3.66699     3.18319e-09              
         3.6676     3.18319e-09              
        3.66821               0              
        3.66882     3.18319e-09              
        3.66943     6.36639e-09              
        3.67004     3.18319e-09              
        3.67065     9.54958e-09              
        3.67126               0              
        3.67188     3.18319e-09              
        3.67249     6.36639e-09              
         3.6731     3.18319e-09              
        3.67371               0              
        3.67432     3.18319e-09              
        3.67493               0              
        3.67554               0              
        3.67615     3.18319e-09              
        3.67676     6.36639e-09              
        3.67737     3.18319e-09              
        3.67798     9.54958e-09              
        3.67859     6.36639e-09              
         3.6792               0              
        3.67981     3.18319e-09              
        3.68042               0              
        3.68103     3.18319e-09              
        3.68164     3.18319e-09              
        3.68225     3.18319e-09              
        3.68286     6.36639e-09              
        3.68347     3.18319e-09              
        3.68408               0              
        3.68469     6.36639e-09              
         3.6853     6.36639e-09              
        3.68591               0              
        3.68652               0              
        3.68713     9.54958e-09              
        3.68774     3.18319e-09              
        3.68835     3.18319e-09              
        3.68896     9.54958e-09              
        3.68958     3.18319e-09              
        3.69019     6.36639e-09              
         3.6908               0              
        3.69141     9.54958e-09              
        3.69202     3.18319e-09              
        3.69263               0              
        3.69324     9.54958e-09              
        3.69385               0              
        3.69446     6.36639e-09              
        3.69507               0              
        3.69568     3.18319e-09              
        3.69629     6.36639e-09              
         3.6969     3.18319e-09              
        3.69751     6.36639e-09              
        3.69812               0              
        3.69873     6.36639e-09              
        3.69934     3.18319e-09              
        3.69995     6.36639e-09              
        3.70056     3.18319e-09              
        3.70117     9.54958e-09              
        3.70178     3.18319e-09              
        3.70239               0              
          3.703               0              
        3.70361               0              
        3.70422               0              
        3.70483     9.54958e-09              
        3.70544     3.18319e-09              
        3.70605     3.18319e-09              
        3.70667     3.18319e-09              
        3.70728     6.36639e-09              
        3.70789     1.27328e-08              
         3.7085               0              
        3.70911               0              
        3.70972               0              
        3.71033               0              
        3.71094               0              
        3.71155     6.36639e-09              
        3.71216     3.18319e-09              
        3.71277               0              
        3.71338               0              
        3.71399     3.18319e-09              
         3.7146               0              
        3.71521               0              
        3.71582     6.36639e-09              
        3.71643     3.18319e-09              
        3.71704     3.18319e-09              
        3.71765     9.54958e-09              
        3.71826     6.36639e-09              
        3.71887     3.18319e-09              
        3.71948     1.27328e-08              
        3.72009     3.18319e-09              
         3.7207     3.18319e-09              
        3.72131     3.18319e-09              
        3.72192     6.36639e-09              
        3.72253               0              
        3.72314     6.36639e-09              
        3.72375     3.18319e-09              
        3.72437     9.54958e-09              
        3.72498     3.18319e-09              
        3.72559               0              
         3.7262               0              
        3.72681     3.18319e-09              
        3.72742     6.36639e-09              
        3.72803     3.18319e-09              
        3.72864               0              
        3.72925     6.36639e-09              
        3.72986               0              
        3.73047               0              
        3.73108     3.18319e-09              
        3.73169     3.18319e-09              
         3.7323               0              
        3.73291     6.36639e-09              
        3.73352               0              
        3.73413     6.36639e-09              
        3.73474     6.36639e-09              
        3.73535     3.18319e-09              
        3.73596               0              
        3.73657               0              
        3.73718     3.18319e-09              
        3.73779     3.18319e-09              
         3.7384     3.18319e-09              
        3.73901     6.36639e-09              
        3.73962     9.54958e-09              
        3.74023               0              
        3.74084     6.36639e-09              
        3.74146     3.18319e-09              
        3.74207               0              
        3.74268     6.36639e-09              
        3.74329     9.54958e-09              
         3.7439     3.18319e-09              
        3.74451     3.18319e-09              
        3.74512     3.18319e-09              
        3.74573     3.18319e-09              
        3.74634               0              
        3.74695               0              
        3.74756     3.18319e-09              
        3.74817     6.36639e-09              
        3.74878     3.18319e-09              
        3.74939     6.36639e-09              
           3.75     1.27328e-08              
        3.75061     3.18319e-09              
        3.75122               0              
        3.75183               0              
        3.75244     6.36639e-09              
        3.75305     9.54958e-09              
        3.75366     3.18319e-09              
        3.75427     3.18319e-09              
        3.75488     3.18319e-09              
        3.75549     9.54958e-09              
         3.7561     6.36639e-09              
        3.75671     6.36639e-09              
        3.75732               0              
        3.75793               0              
        3.75854     3.18319e-09              
        3.75916     3.18319e-09              
        3.75977     3.18319e-09              
        3.76038               0              
        3.76099               0              
         3.7616     3.18319e-09              
        3.76221     9.54958e-09              
        3.76282     3.18319e-09              
        3.76343     3.18319e-09              
        3.76404     3.18319e-09              
        3.76465     3.18319e-09              
        3.76526     3.18319e-09              
        3.76587               0              
        3.76648               0              
        3.76709               0              
         3.7677               0              
        3.76831               0              
        3.76892     3.18319e-09              
        3.76953     3.18319e-09              
        3.77014               0              
        3.77075               0              
        3.77136     6.36639e-09              
        3.77197     6.36639e-09              
        3.77258     3.18319e-09              
        3.77319     9.54958e-09              
         3.7738               0              
        3.77441     6.36639e-09              
        3.77502               0              
        3.77563     6.36639e-09              
        3.77625               0              
        3.77686     3.18319e-09              
        3.77747               0              
        3.77808               0              
        3.77869               0              
         3.7793     3.18319e-09              
        3.77991               0              
        3.78052     3.18319e-09              
        3.78113     3.18319e-09              
        3.78174     3.18319e-09              
        3.78235               0              
        3.78296     3.18319e-09              
        3.78357               0              
        3.78418     6.36639e-09              
        3.78479               0              
         3.7854               0              
        3.78601     6.36639e-09              
        3.78662     3.18319e-09              
        3.78723     3.18319e-09              
        3.78784     6.36639e-09              
        3.78845               0              
        3.78906     3.18319e-09              
        3.78967     3.18319e-09              
        3.79028               0              
        3.79089               0              
         3.7915               0              
        3.79211               0              
        3.79272     3.18319e-09              
        3.79333     3.18319e-09              
        3.79395     6.36639e-09              
        3.79456     6.36639e-09              
        3.79517               0              
        3.79578               0              
        3.79639     3.18319e-09              
          3.797               0              
        3.79761     6.36639e-09              
        3.79822     6.36639e-09              
        3.79883     3.18319e-09              
        3.79944     9.54958e-09              
        3.80005               0              
        3.80066     6.36639e-09              
        3.80127               0              
        3.80188     9.54958e-09              
        3.80249     6.36639e-09              
         3.8031               0              
        3.80371     3.18319e-09              
        3.80432               0              
        3.80493               0              
        3.80554     3.18319e-09              
        3.80615               0              
        3.80676     3.18319e-09              
        3.80737     3.18319e-09              
        3.80798               0              
        3.80859               0              
         3.8092               0              
        3.80981     3.18319e-09              
        3.81042     6.36639e-09              
        3.81104     3.18319e-09              
        3.81165     9.54958e-09              
        3.81226               0              
        3.81287     6.36639e-09              
        3.81348     9.54958e-09              
        3.81409               0              
         3.8147     3.18319e-09              
        3.81531               0              
        3.81592               0              
        3.81653               0              
        3.81714     3.18319e-09              
        3.81775               0              
        3.81836               0              
        3.81897               0              
        3.81958     3.18319e-09              
        3.82019     3.18319e-09              
         3.8208     3.18319e-09              
        3.82141               0              
        3.82202               0              
        3.82263               0              
        3.82324     3.18319e-09              
        3.82385               0              
        3.82446     3.18319e-09              
        3.82507               0              
        3.82568     3.18319e-09              
        3.82629               0              
         3.8269     6.36639e-09              
        3.82751     9.54958e-09              
        3.82812     3.18319e-09              
        3.82874     6.36639e-09              
        3.82935     6.36639e-09              
        3.82996     3.18319e-09              
        3.83057     3.18319e-09              
        3.83118     3.18319e-09              
        3.83179     3.18319e-09              
         3.8324     3.18319e-09              
        3.83301               0              
        3.83362               0              
        3.83423     3.18319e-09              
        3.83484     6.36639e-09              
        3.83545               0              
        3.83606     3.18319e-09              
        3.83667               0              
        3.83728     3.18319e-09              
        3.83789     9.54958e-09              
         3.8385     3.18319e-09              
        3.83911               0              
        3.83972               0              
        3.84033     6.36639e-09              
        3.84094     3.18319e-09              
        3.84155     3.18319e-09              
        3.84216     3.18319e-09              
        3.84277     3.18319e-09              
        3.84338     9.54958e-09              
        3.84399     6.36639e-09              
         3.8446               0              
        3.84521               0              
        3.84583     3.18319e-09              
        3.84644               0              
        3.84705               0              
        3.84766               0              
        3.84827     6.36639e-09              
        3.84888     9.54958e-09              
        3.84949     3.18319e-09              
         3.8501               0              
        3.85071               0              
        3.85132     3.18319e-09              
        3.85193     3.18319e-09              
        3.85254     3.18319e-09              
        3.85315               0              
        3.85376     3.18319e-09              
        3.85437     6.36639e-09              
        3.85498     3.18319e-09              
        3.85559     9.54958e-09              
         3.8562     3.18319e-09              
        3.85681               0              
        3.85742               0              
        3.85803     3.18319e-09              
        3.85864     6.36639e-09              
        3.85925     3.18319e-09              
        3.85986               0              
        3.86047     3.18319e-09              
        3.86108     3.18319e-09              
        3.86169               0              
         3.8623               0              
        3.86292               0              
        3.86353               0              
        3.86414     6.36639e-09              
        3.86475     3.18319e-09              
        3.86536     3.18319e-09              
        3.86597               0              
        3.86658     6.36639e-09              
        3.86719     6.36639e-09              
         3.8678     3.18319e-09              
        3.86841               0              
        3.86902     3.18319e-09              
        3.86963               0              
        3.87024     3.18319e-09              
        3.87085               0              
        3.87146     6.36639e-09              
        3.87207     3.18319e-09              
        3.87268               0              
        3.87329               0              
         3.8739     3.18319e-09              
        3.87451               0              
        3.87512     9.54958e-09              
        3.87573               0              
        3.87634               0              
        3.87695               0              
        3.87756               0              
        3.87817     3.18319e-09              
        3.87878               0              
        3.87939     3.18319e-09              
           3.88     9.54958e-09              
        3.88062     3.18319e-09              
        3.88123     3.18319e-09              
        3.88184     6.36639e-09              
        3.88245     6.36639e-09              
        3.88306     6.36639e-09              
        3.88367               0              
        3.88428               0              
        3.88489               0              
         3.8855     3.18319e-09              
        3.88611               0              
        3.88672               0              
        3.88733               0              
        3.88794     3.18319e-09              
        3.88855     3.18319e-09              
        3.88916               0              
        3.88977               0              
        3.89038     3.18319e-09              
        3.89099      1.5916e-08              
         3.8916     3.18319e-09              
        3.89221     3.18319e-09              
        3.89282     3.18319e-09              
        3.89343     3.18319e-09              
        3.89404               0              
        3.89465               0              
        3.89526     6.36639e-09              
        3.89587     6.36639e-09              
        3.89648     6.36639e-09              
        3.89709               0              
        3.89771     3.18319e-09              
        3.89832     3.18319e-09              
        3.89893               0              
        3.89954               0              
        3.90015     3.18319e-09              
        3.90076     3.18319e-09              
        3.90137     3.18319e-09              
        3.90198               0              
        3.90259               0              
         3.9032     3.18319e-09              
        3.90381               0              
        3.90442               0              
        3.90503     3.18319e-09              
        3.90564               0              
        3.90625     6.36639e-09              
        3.90686     6.36639e-09              
        3.90747               0              
        3.90808               0              
        3.90869     9.54958e-09              
         3.9093     6.36639e-09              
        3.90991     3.18319e-09              
        3.91052               0              
        3.91113               0              
        3.91174     3.18319e-09              
        3.91235               0              
        3.91296     1.27328e-08              
        3.91357     3.18319e-09              
        3.91418               0              
        3.91479               0              
        3.91541     3.18319e-09              
        3.91602     3.18319e-09              
        3.91663     3.18319e-09              
        3.91724               0              
        3.91785               0              
        3.91846     6.36639e-09              
        3.91907     6.36639e-09              
        3.91968     9.54958e-09              
        3.92029     3.18319e-09              
         3.9209     3.18319e-09              
        3.92151     6.36639e-09              
        3.92212               0              
        3.92273     6.36639e-09              
        3.92334               0              
        3.92395               0              
        3.92456               0              
        3.92517     9.54958e-09              
        3.92578               0              
        3.92639     3.18319e-09              
          3.927     9.54958e-09              
        3.92761     6.36639e-09              
        3.92822               0              
        3.92883               0              
        3.92944     6.36639e-09              
        3.93005     1.27328e-08              
        3.93066               0              
        3.93127               0              
        3.93188               0              
         3.9325               0              
        3.93311     3.18319e-09              
        3.93372     3.18319e-09              
        3.93433     6.36639e-09              
        3.93494     9.54958e-09              
        3.93555     6.36639e-09              
        3.93616               0              
        3.93677     3.18319e-09              
        3.93738     3.18319e-09              
        3.93799     3.18319e-09              
         3.9386               0              
        3.93921     3.18319e-09              
        3.93982     6.36639e-09              
        3.94043     6.36639e-09              
        3.94104     6.36639e-09              
        3.94165               0              
        3.94226               0              
        3.94287     3.18319e-09              
        3.94348     3.18319e-09              
        3.94409     3.18319e-09              
         3.9447     9.54958e-09              
        3.94531     3.18319e-09              
        3.94592               0              
        3.94653     3.18319e-09              
        3.94714     3.18319e-09              
        3.94775               0              
        3.94836     3.18319e-09              
        3.94897     3.18319e-09              
        3.94958     3.18319e-09              
         3.9502               0              
        3.95081               0              
        3.95142               0              
        3.95203               0              
        3.95264               0              
        3.95325     3.18319e-09              
        3.95386     6.36639e-09              
        3.95447     3.18319e-09              
        3.95508     3.18319e-09              
        3.95569               0              
         3.9563     3.18319e-09              
        3.95691     3.18319e-09              
        3.95752     9.54958e-09              
        3.95813               0              
        3.95874               0              
        3.95935               0              
        3.95996     9.54958e-09              
        3.96057     3.18319e-09              
        3.96118               0              
        3.96179               0              
         3.9624     9.54958e-09              
        3.96301               0              
        3.96362     3.18319e-09              
        3.96423               0              
        3.96484     6.36639e-09              
        3.96545     3.18319e-09              
        3.96606               0              
        3.96667               0              
        3.96729               0              
         3.9679               0              
        3.96851     3.18319e-09              
        3.96912     3.18319e-09              
        3.96973     3.18319e-09              
        3.97034     3.18319e-09              
        3.97095               0              
        3.97156               0              
        3.97217     3.18319e-09              
        3.97278      1.5916e-08              
        3.97339     6.36639e-09              
          3.974               0              
        3.97461               0              
        3.97522     3.18319e-09              
        3.97583     3.18319e-09              
        3.97644               0              
        3.97705               0              
        3.97766               0              
        3.97827               0              
        3.97888     3.18319e-09              
        3.97949               0              
         3.9801     3.18319e-09              
        3.98071     3.18319e-09              
        3.98132     3.18319e-09              
        3.98193     3.18319e-09              
        3.98254               0              
        3.98315     6.36639e-09              
        3.98376     3.18319e-09              
        3.98438               0              
        3.98499     3.18319e-09              
         3.9856     6.36639e-09              
        3.98621     3.18319e-09              
        3.98682     6.36639e-09              
        3.98743     3.18319e-09              
        3.98804               0              
        3.98865     6.36639e-09              
        3.98926     3.18319e-09              
        3.98987     6.36639e-09              
        3.99048     3.18319e-09              
        3.99109     6.36639e-09              
         3.9917               0              
        3.99231     3.18319e-09              
        3.99292               0              
        3.99353     3.18319e-09              
        3.99414     3.18319e-09              
        3.99475     3.18319e-09              
        3.99536               0              
        3.99597               0              
        3.99658               0              
        3.99719     3.18319e-09              
         3.9978               0              
        3.99841               0              
