         8.9978     3.18319e-09              
        8.99841     3.18319e-09              
        8.99902               0              
        8.99963               0              
        9.00024               0              
        9.00085     6.36639e-09              
        9.00146     3.18319e-09              
        9.00208               0              
        9.00269               0              
         9.0033               0              
        9.00391               0              
        9.00452               0              
        9.00513               0              
        9.00574               0              
        9.00635     3.18319e-09              
        9.00696               0              
        9.00757               0              
        9.00818               0              
        9.00879     3.18319e-09              
         9.0094               0              
        9.01001     6.36639e-09              
        9.01062     3.18319e-09              
        9.01123               0              
        9.01184     3.18319e-09              
        9.01245     6.36639e-09              
        9.01306     6.36639e-09              
        9.01367               0              
        9.01428               0              
        9.01489     3.18319e-09              
         9.0155               0              
        9.01611               0              
        9.01672               0              
        9.01733     3.18319e-09              
        9.01794     3.18319e-09              
        9.01855               0              
        9.01917               0              
        9.01978     3.18319e-09              
        9.02039               0              
          9.021     3.18319e-09              
        9.02161               0              
        9.02222               0              
        9.02283     3.18319e-09              
        9.02344               0              
        9.02405               0              
        9.02466     3.18319e-09              
        9.02527               0              
        9.02588               0              
        9.02649     6.36639e-09              
         9.0271               0              
        9.02771     3.18319e-09              
        9.02832               0              
        9.02893               0              
        9.02954     3.18319e-09              
        9.03015               0              
        9.03076               0              
        9.03137     3.18319e-09              
        9.03198               0              
        9.03259     3.18319e-09              
         9.0332               0              
        9.03381               0              
        9.03442               0              
        9.03503               0              
        9.03564               0              
        9.03625     3.18319e-09              
        9.03687     3.18319e-09              
        9.03748     3.18319e-09              
        9.03809               0              
         9.0387               0              
        9.03931               0              
        9.03992     6.36639e-09              
        9.04053               0              
        9.04114               0              
        9.04175     3.18319e-09              
        9.04236     3.18319e-09              
        9.04297               0              
        9.04358               0              
        9.04419     3.18319e-09              
         9.0448               0              
        9.04541     3.18319e-09              
        9.04602               0              
        9.04663     3.18319e-09              
        9.04724     3.18319e-09              
        9.04785               0              
        9.04846               0              
        9.04907               0              
        9.04968               0              
        9.05029               0              
         9.0509               0              
        9.05151               0              
        9.05212               0              
        9.05273               0              
        9.05334               0              
        9.05396               0              
        9.05457               0              
        9.05518               0              
        9.05579               0              
         9.0564               0              
        9.05701               0              
        9.05762               0              
        9.05823               0              
        9.05884               0              
        9.05945               0              
        9.06006               0              
        9.06067               0              
        9.06128               0              
        9.06189               0              
         9.0625               0              
        9.06311               0              
        9.06372               0              
        9.06433     3.18319e-09              
        9.06494               0              
        9.06555     3.18319e-09              
        9.06616               0              
        9.06677               0              
        9.06738     3.18319e-09              
        9.06799               0              
         9.0686               0              
        9.06921               0              
        9.06982               0              
        9.07043               0              
        9.07104     6.36639e-09              
        9.07166               0              
        9.07227     3.18319e-09              
        9.07288               0              
        9.07349               0              
         9.0741               0              
        9.07471               0              
        9.07532               0              
        9.07593     3.18319e-09              
        9.07654               0              
        9.07715               0              
        9.07776     3.18319e-09              
        9.07837               0              
        9.07898               0              
        9.07959               0              
         9.0802               0              
        9.08081               0              
        9.08142               0              
        9.08203               0              
        9.08264     3.18319e-09              
        9.08325     3.18319e-09              
        9.08386               0              
        9.08447               0              
        9.08508               0              
        9.08569               0              
         9.0863               0              
        9.08691               0              
        9.08752               0              
        9.08813     3.18319e-09              
        9.08875               0              
        9.08936               0              
        9.08997     3.18319e-09              
        9.09058     3.18319e-09              
        9.09119               0              
         9.0918               0              
        9.09241     3.18319e-09              
        9.09302               0              
        9.09363     6.36639e-09              
        9.09424     3.18319e-09              
        9.09485               0              
        9.09546               0              
        9.09607               0              
        9.09668               0              
        9.09729     3.18319e-09              
         9.0979               0              
        9.09851               0              
        9.09912               0              
        9.09973               0              
        9.10034               0              
        9.10095     3.18319e-09              
        9.10156               0              
        9.10217               0              
        9.10278     3.18319e-09              
        9.10339               0              
          9.104               0              
        9.10461               0              
        9.10522     3.18319e-09              
        9.10583               0              
        9.10645               0              
        9.10706     3.18319e-09              
        9.10767               0              
        9.10828               0              
        9.10889               0              
         9.1095               0              
        9.11011     3.18319e-09              
        9.11072               0              
        9.11133               0              
        9.11194               0              
        9.11255               0              
        9.11316               0              
        9.11377               0              
        9.11438               0              
        9.11499               0              
         9.1156               0              
        9.11621               0              
        9.11682     3.18319e-09              
        9.11743               0              
        9.11804               0              
        9.11865               0              
        9.11926               0              
        9.11987     3.18319e-09              
        9.12048               0              
        9.12109               0              
         9.1217     3.18319e-09              
        9.12231     3.18319e-09              
        9.12292               0              
        9.12354               0              
        9.12415               0              
        9.12476     3.18319e-09              
        9.12537               0              
        9.12598               0              
        9.12659               0              
         9.1272               0              
        9.12781               0              
        9.12842               0              
        9.12903     3.18319e-09              
        9.12964               0              
        9.13025     3.18319e-09              
        9.13086               0              
        9.13147     3.18319e-09              
        9.13208               0              
        9.13269               0              
         9.1333               0              
        9.13391               0              
        9.13452               0              
        9.13513               0              
        9.13574     3.18319e-09              
        9.13635               0              
        9.13696               0              
        9.13757               0              
        9.13818               0              
        9.13879     3.18319e-09              
         9.1394               0              
        9.14001               0              
        9.14062     3.18319e-09              
        9.14124     3.18319e-09              
        9.14185     3.18319e-09              
        9.14246               0              
        9.14307               0              
        9.14368               0              
        9.14429               0              
         9.1449     3.18319e-09              
        9.14551               0              
        9.14612               0              
        9.14673               0              
        9.14734               0              
        9.14795               0              
        9.14856               0              
        9.14917     3.18319e-09              
        9.14978               0              
        9.15039               0              
          9.151               0              
        9.15161               0              
        9.15222     3.18319e-09              
        9.15283               0              
        9.15344               0              
        9.15405               0              
        9.15466               0              
        9.15527               0              
        9.15588               0              
        9.15649               0              
         9.1571     3.18319e-09              
        9.15771               0              
        9.15833               0              
        9.15894     3.18319e-09              
        9.15955               0              
        9.16016               0              
        9.16077     3.18319e-09              
        9.16138     6.36639e-09              
        9.16199               0              
         9.1626               0              
        9.16321               0              
        9.16382     6.36639e-09              
        9.16443               0              
        9.16504               0              
        9.16565               0              
        9.16626               0              
        9.16687               0              
        9.16748               0              
        9.16809               0              
         9.1687               0              
        9.16931               0              
        9.16992               0              
        9.17053               0              
        9.17114               0              
        9.17175               0              
        9.17236               0              
        9.17297               0              
        9.17358               0              
        9.17419     3.18319e-09              
         9.1748               0              
        9.17542               0              
        9.17603               0              
        9.17664               0              
        9.17725               0              
        9.17786               0              
        9.17847               0              
        9.17908               0              
        9.17969               0              
         9.1803     3.18319e-09              
        9.18091     3.18319e-09              
        9.18152               0              
        9.18213               0              
        9.18274               0              
        9.18335     9.54958e-09              
        9.18396     3.18319e-09              
        9.18457     3.18319e-09              
        9.18518               0              
        9.18579               0              
         9.1864     6.36639e-09              
        9.18701     3.18319e-09              
        9.18762               0              
        9.18823     3.18319e-09              
        9.18884               0              
        9.18945               0              
        9.19006               0              
        9.19067               0              
        9.19128     3.18319e-09              
        9.19189               0              
         9.1925               0              
        9.19312     3.18319e-09              
        9.19373               0              
        9.19434               0              
        9.19495     3.18319e-09              
        9.19556               0              
        9.19617     3.18319e-09              
        9.19678               0              
        9.19739               0              
          9.198               0              
        9.19861               0              
        9.19922     3.18319e-09              
        9.19983               0              
        9.20044               0              
        9.20105     3.18319e-09              
        9.20166               0              
        9.20227     6.36639e-09              
        9.20288               0              
        9.20349               0              
         9.2041     3.18319e-09              
        9.20471     3.18319e-09              
        9.20532               0              
        9.20593               0              
        9.20654               0              
        9.20715     3.18319e-09              
        9.20776               0              
        9.20837     3.18319e-09              
        9.20898               0              
        9.20959               0              
        9.21021               0              
        9.21082               0              
        9.21143     3.18319e-09              
        9.21204               0              
        9.21265     3.18319e-09              
        9.21326               0              
        9.21387               0              
        9.21448               0              
        9.21509               0              
         9.2157     3.18319e-09              
        9.21631               0              
        9.21692               0              
        9.21753               0              
        9.21814               0              
        9.21875     3.18319e-09              
        9.21936               0              
        9.21997     6.36639e-09              
        9.22058               0              
        9.22119               0              
         9.2218               0              
        9.22241               0              
        9.22302     3.18319e-09              
        9.22363               0              
        9.22424               0              
        9.22485               0              
        9.22546     6.36639e-09              
        9.22607               0              
        9.22668               0              
        9.22729               0              
        9.22791               0              
        9.22852               0              
        9.22913               0              
        9.22974     3.18319e-09              
        9.23035               0              
        9.23096     3.18319e-09              
        9.23157               0              
        9.23218               0              
        9.23279               0              
         9.2334               0              
        9.23401               0              
        9.23462               0              
        9.23523               0              
        9.23584               0              
        9.23645     3.18319e-09              
        9.23706               0              
        9.23767               0              
        9.23828               0              
        9.23889               0              
         9.2395               0              
        9.24011               0              
        9.24072               0              
        9.24133               0              
        9.24194               0              
        9.24255               0              
        9.24316               0              
        9.24377               0              
        9.24438               0              
          9.245     3.18319e-09              
        9.24561               0              
        9.24622               0              
        9.24683     3.18319e-09              
        9.24744               0              
        9.24805     3.18319e-09              
        9.24866               0              
        9.24927               0              
        9.24988               0              
        9.25049               0              
         9.2511               0              
        9.25171     6.36639e-09              
        9.25232               0              
        9.25293               0              
        9.25354               0              
        9.25415               0              
        9.25476               0              
        9.25537               0              
        9.25598               0              
        9.25659     6.36639e-09              
         9.2572     3.18319e-09              
        9.25781     3.18319e-09              
        9.25842               0              
        9.25903     6.36639e-09              
        9.25964               0              
        9.26025               0              
        9.26086               0              
        9.26147               0              
        9.26208               0              
         9.2627               0              
        9.26331               0              
        9.26392               0              
        9.26453               0              
        9.26514     3.18319e-09              
        9.26575               0              
        9.26636               0              
        9.26697               0              
        9.26758               0              
        9.26819               0              
         9.2688               0              
        9.26941               0              
        9.27002               0              
        9.27063               0              
        9.27124               0              
        9.27185               0              
        9.27246     9.54958e-09              
        9.27307               0              
        9.27368               0              
        9.27429               0              
         9.2749     3.18319e-09              
        9.27551               0              
        9.27612     3.18319e-09              
        9.27673               0              
        9.27734               0              
        9.27795     3.18319e-09              
        9.27856               0              
        9.27917               0              
        9.27979               0              
         9.2804               0              
        9.28101     6.36639e-09              
        9.28162               0              
        9.28223     3.18319e-09              
        9.28284     3.18319e-09              
        9.28345     3.18319e-09              
        9.28406               0              
        9.28467               0              
        9.28528               0              
        9.28589               0              
         9.2865     3.18319e-09              
        9.28711               0              
        9.28772     6.36639e-09              
        9.28833     3.18319e-09              
        9.28894     3.18319e-09              
        9.28955               0              
        9.29016     3.18319e-09              
        9.29077               0              
        9.29138     6.36639e-09              
        9.29199     6.36639e-09              
         9.2926     3.18319e-09              
        9.29321     6.36639e-09              
        9.29382               0              
        9.29443               0              
        9.29504     3.18319e-09              
        9.29565               0              
        9.29626               0              
        9.29688               0              
        9.29749     3.18319e-09              
         9.2981               0              
        9.29871     3.18319e-09              
        9.29932               0              
        9.29993               0              
        9.30054               0              
        9.30115               0              
        9.30176               0              
        9.30237     3.18319e-09              
        9.30298     3.18319e-09              
        9.30359               0              
         9.3042               0              
        9.30481               0              
        9.30542               0              
        9.30603               0              
        9.30664               0              
        9.30725     9.54958e-09              
        9.30786     3.18319e-09              
        9.30847               0              
        9.30908     3.18319e-09              
        9.30969     3.18319e-09              
         9.3103               0              
        9.31091               0              
        9.31152               0              
        9.31213               0              
        9.31274     3.18319e-09              
        9.31335               0              
        9.31396     3.18319e-09              
        9.31458               0              
        9.31519               0              
         9.3158               0              
        9.31641     3.18319e-09              
        9.31702               0              
        9.31763               0              
        9.31824     3.18319e-09              
        9.31885     3.18319e-09              
        9.31946               0              
        9.32007               0              
        9.32068               0              
        9.32129               0              
         9.3219     3.18319e-09              
        9.32251     3.18319e-09              
        9.32312     3.18319e-09              
        9.32373     3.18319e-09              
        9.32434               0              
        9.32495               0              
        9.32556               0              
        9.32617               0              
        9.32678               0              
        9.32739               0              
          9.328               0              
        9.32861               0              
        9.32922               0              
        9.32983     3.18319e-09              
        9.33044               0              
        9.33105               0              
        9.33167               0              
        9.33228               0              
        9.33289               0              
         9.3335               0              
        9.33411               0              
        9.33472     3.18319e-09              
        9.33533     9.54958e-09              
        9.33594               0              
        9.33655               0              
        9.33716               0              
        9.33777               0              
        9.33838     3.18319e-09              
        9.33899               0              
         9.3396               0              
        9.34021     6.36639e-09              
        9.34082               0              
        9.34143               0              
        9.34204     3.18319e-09              
        9.34265               0              
        9.34326     3.18319e-09              
        9.34387               0              
        9.34448               0              
        9.34509               0              
         9.3457               0              
        9.34631               0              
        9.34692               0              
        9.34753               0              
        9.34814               0              
        9.34875               0              
        9.34937               0              
        9.34998               0              
        9.35059               0              
         9.3512               0              
        9.35181               0              
        9.35242               0              
        9.35303               0              
        9.35364               0              
        9.35425               0              
        9.35486               0              
        9.35547               0              
        9.35608               0              
        9.35669               0              
         9.3573               0              
        9.35791               0              
        9.35852               0              
        9.35913               0              
        9.35974               0              
        9.36035               0              
        9.36096               0              
        9.36157     3.18319e-09              
        9.36218               0              
        9.36279               0              
         9.3634     3.18319e-09              
        9.36401               0              
        9.36462               0              
        9.36523               0              
        9.36584               0              
        9.36646               0              
        9.36707               0              
        9.36768               0              
        9.36829               0              
         9.3689               0              
        9.36951     3.18319e-09              
        9.37012               0              
        9.37073               0              
        9.37134               0              
        9.37195     3.18319e-09              
        9.37256               0              
        9.37317               0              
        9.37378               0              
        9.37439               0              
          9.375               0              
        9.37561               0              
        9.37622     3.18319e-09              
        9.37683     3.18319e-09              
        9.37744               0              
        9.37805               0              
        9.37866               0              
        9.37927               0              
        9.37988               0              
        9.38049     3.18319e-09              
         9.3811               0              
        9.38171               0              
        9.38232               0              
        9.38293               0              
        9.38354     3.18319e-09              
        9.38416     3.18319e-09              
        9.38477               0              
        9.38538               0              
        9.38599               0              
         9.3866               0              
        9.38721               0              
        9.38782               0              
        9.38843     3.18319e-09              
        9.38904               0              
        9.38965     3.18319e-09              
        9.39026               0              
        9.39087               0              
        9.39148     3.18319e-09              
        9.39209     3.18319e-09              
         9.3927               0              
        9.39331               0              
        9.39392               0              
        9.39453               0              
        9.39514     3.18319e-09              
        9.39575               0              
        9.39636               0              
        9.39697               0              
        9.39758               0              
        9.39819               0              
         9.3988     3.18319e-09              
        9.39941               0              
        9.40002               0              
        9.40063               0              
        9.40125               0              
        9.40186               0              
        9.40247               0              
        9.40308     3.18319e-09              
        9.40369               0              
         9.4043               0              
        9.40491               0              
        9.40552               0              
        9.40613     3.18319e-09              
        9.40674               0              
        9.40735               0              
        9.40796               0              
        9.40857               0              
        9.40918               0              
        9.40979               0              
         9.4104               0              
        9.41101     3.18319e-09              
        9.41162               0              
        9.41223               0              
        9.41284     3.18319e-09              
        9.41345     3.18319e-09              
        9.41406               0              
        9.41467               0              
        9.41528     3.18319e-09              
        9.41589     3.18319e-09              
         9.4165               0              
        9.41711               0              
        9.41772               0              
        9.41833               0              
        9.41895     3.18319e-09              
        9.41956               0              
        9.42017     3.18319e-09              
        9.42078               0              
        9.42139               0              
          9.422     3.18319e-09              
        9.42261               0              
        9.42322     3.18319e-09              
        9.42383     3.18319e-09              
        9.42444     3.18319e-09              
        9.42505               0              
        9.42566               0              
        9.42627     3.18319e-09              
        9.42688               0              
        9.42749     3.18319e-09              
         9.4281               0              
        9.42871               0              
        9.42932               0              
        9.42993               0              
        9.43054               0              
        9.43115     3.18319e-09              
        9.43176               0              
        9.43237               0              
        9.43298     3.18319e-09              
        9.43359               0              
         9.4342               0              
        9.43481               0              
        9.43542     3.18319e-09              
        9.43604               0              
        9.43665               0              
        9.43726               0              
        9.43787               0              
        9.43848               0              
        9.43909               0              
         9.4397               0              
        9.44031               0              
        9.44092               0              
        9.44153               0              
        9.44214               0              
        9.44275     3.18319e-09              
        9.44336     3.18319e-09              
        9.44397               0              
        9.44458     3.18319e-09              
        9.44519     3.18319e-09              
         9.4458               0              
        9.44641               0              
        9.44702               0              
        9.44763     3.18319e-09              
        9.44824               0              
        9.44885     3.18319e-09              
        9.44946               0              
        9.45007               0              
        9.45068               0              
        9.45129     3.18319e-09              
         9.4519               0              
        9.45251               0              
        9.45312               0              
        9.45374               0              
        9.45435               0              
        9.45496     3.18319e-09              
        9.45557               0              
        9.45618               0              
        9.45679               0              
         9.4574               0              
        9.45801               0              
        9.45862               0              
        9.45923     3.18319e-09              
        9.45984               0              
        9.46045               0              
        9.46106               0              
        9.46167               0              
        9.46228               0              
        9.46289               0              
         9.4635               0              
        9.46411               0              
        9.46472               0              
        9.46533               0              
        9.46594               0              
        9.46655               0              
        9.46716               0              
        9.46777               0              
        9.46838               0              
        9.46899               0              
         9.4696     3.18319e-09              
        9.47021     3.18319e-09              
        9.47083               0              
        9.47144     3.18319e-09              
        9.47205               0              
        9.47266               0              
        9.47327               0              
        9.47388               0              
        9.47449     3.18319e-09              
         9.4751               0              
        9.47571               0              
        9.47632     3.18319e-09              
        9.47693               0              
        9.47754     3.18319e-09              
        9.47815               0              
        9.47876     3.18319e-09              
        9.47937               0              
        9.47998               0              
        9.48059               0              
         9.4812               0              
        9.48181               0              
        9.48242               0              
        9.48303               0              
        9.48364               0              
        9.48425     3.18319e-09              
        9.48486               0              
        9.48547               0              
        9.48608     3.18319e-09              
        9.48669     3.18319e-09              
         9.4873     3.18319e-09              
        9.48792               0              
        9.48853               0              
        9.48914               0              
        9.48975               0              
        9.49036               0              
        9.49097               0              
        9.49158               0              
        9.49219     3.18319e-09              
         9.4928     3.18319e-09              
        9.49341               0              
        9.49402               0              
        9.49463               0              
        9.49524     3.18319e-09              
        9.49585               0              
        9.49646               0              
        9.49707               0              
        9.49768               0              
        9.49829               0              
         9.4989     3.18319e-09              
        9.49951               0              
        9.50012     3.18319e-09              
        9.50073               0              
        9.50134               0              
        9.50195               0              
        9.50256               0              
        9.50317               0              
        9.50378               0              
        9.50439               0              
          9.505     3.18319e-09              
        9.50562               0              
        9.50623     3.18319e-09              
        9.50684               0              
        9.50745               0              
        9.50806               0              
        9.50867               0              
        9.50928     3.18319e-09              
        9.50989               0              
         9.5105               0              
        9.51111               0              
        9.51172     3.18319e-09              
        9.51233               0              
        9.51294               0              
        9.51355               0              
        9.51416               0              
        9.51477     3.18319e-09              
        9.51538     6.36639e-09              
        9.51599               0              
         9.5166     3.18319e-09              
        9.51721     3.18319e-09              
        9.51782               0              
        9.51843               0              
        9.51904               0              
        9.51965               0              
        9.52026               0              
        9.52087               0              
        9.52148               0              
        9.52209               0              
        9.52271               0              
        9.52332               0              
        9.52393               0              
        9.52454               0              
        9.52515               0              
        9.52576               0              
        9.52637               0              
        9.52698               0              
        9.52759               0              
         9.5282               0              
        9.52881               0              
        9.52942               0              
        9.53003               0              
        9.53064               0              
        9.53125               0              
        9.53186               0              
        9.53247               0              
        9.53308               0              
        9.53369               0              
         9.5343               0              
        9.53491               0              
        9.53552     3.18319e-09              
        9.53613               0              
        9.53674               0              
        9.53735               0              
        9.53796     3.18319e-09              
        9.53857               0              
        9.53918     3.18319e-09              
        9.53979               0              
        9.54041               0              
        9.54102               0              
        9.54163               0              
        9.54224               0              
        9.54285               0              
        9.54346               0              
        9.54407               0              
        9.54468               0              
        9.54529               0              
         9.5459               0              
        9.54651               0              
        9.54712               0              
        9.54773               0              
        9.54834               0              
        9.54895               0              
        9.54956               0              
        9.55017               0              
        9.55078               0              
        9.55139               0              
          9.552               0              
        9.55261     3.18319e-09              
        9.55322               0              
        9.55383               0              
        9.55444     3.18319e-09              
        9.55505     3.18319e-09              
        9.55566               0              
        9.55627     3.18319e-09              
        9.55688               0              
         9.5575               0              
        9.55811               0              
        9.55872               0              
        9.55933               0              
        9.55994               0              
        9.56055     3.18319e-09              
        9.56116               0              
        9.56177     3.18319e-09              
        9.56238               0              
        9.56299               0              
         9.5636               0              
        9.56421     3.18319e-09              
        9.56482               0              
        9.56543     3.18319e-09              
        9.56604               0              
        9.56665               0              
        9.56726               0              
        9.56787     3.18319e-09              
        9.56848     3.18319e-09              
        9.56909               0              
         9.5697               0              
        9.57031               0              
        9.57092               0              
        9.57153               0              
        9.57214               0              
        9.57275               0              
        9.57336     3.18319e-09              
        9.57397               0              
        9.57458               0              
         9.5752               0              
        9.57581               0              
        9.57642               0              
        9.57703     3.18319e-09              
        9.57764               0              
        9.57825     3.18319e-09              
        9.57886               0              
        9.57947               0              
        9.58008               0              
        9.58069               0              
         9.5813               0              
        9.58191               0              
        9.58252               0              
        9.58313               0              
        9.58374               0              
        9.58435               0              
        9.58496               0              
        9.58557               0              
        9.58618               0              
        9.58679               0              
         9.5874               0              
        9.58801     3.18319e-09              
        9.58862               0              
        9.58923               0              
        9.58984               0              
        9.59045               0              
        9.59106               0              
        9.59167               0              
        9.59229               0              
         9.5929               0              
        9.59351               0              
        9.59412               0              
        9.59473               0              
        9.59534     3.18319e-09              
        9.59595               0              
        9.59656     3.18319e-09              
        9.59717               0              
        9.59778               0              
        9.59839               0              
          9.599               0              
        9.59961               0              
        9.60022               0              
        9.60083               0              
        9.60144               0              
        9.60205     3.18319e-09              
        9.60266               0              
        9.60327     3.18319e-09              
        9.60388               0              
        9.60449               0              
         9.6051     3.18319e-09              
        9.60571               0              
        9.60632     3.18319e-09              
        9.60693               0              
        9.60754               0              
        9.60815     6.36639e-09              
        9.60876               0              
        9.60938               0              
        9.60999               0              
         9.6106               0              
        9.61121               0              
        9.61182               0              
        9.61243     3.18319e-09              
        9.61304               0              
        9.61365               0              
        9.61426     3.18319e-09              
        9.61487     6.36639e-09              
        9.61548     3.18319e-09              
        9.61609               0              
         9.6167               0              
        9.61731               0              
        9.61792               0              
        9.61853               0              
        9.61914     3.18319e-09              
        9.61975     3.18319e-09              
        9.62036               0              
        9.62097               0              
        9.62158               0              
        9.62219               0              
         9.6228               0              
        9.62341               0              
        9.62402     3.18319e-09              
        9.62463               0              
        9.62524               0              
        9.62585               0              
        9.62646     3.18319e-09              
        9.62708               0              
        9.62769               0              
         9.6283               0              
        9.62891               0              
        9.62952     6.36639e-09              
        9.63013               0              
        9.63074     6.36639e-09              
        9.63135               0              
        9.63196               0              
        9.63257               0              
        9.63318               0              
        9.63379               0              
         9.6344               0              
        9.63501               0              
        9.63562               0              
        9.63623               0              
        9.63684     3.18319e-09              
        9.63745     3.18319e-09              
        9.63806               0              
        9.63867     3.18319e-09              
        9.63928               0              
        9.63989               0              
         9.6405               0              
        9.64111     3.18319e-09              
        9.64172               0              
        9.64233               0              
        9.64294               0              
        9.64355               0              
        9.64417     3.18319e-09              
        9.64478               0              
        9.64539               0              
          9.646               0              
        9.64661     3.18319e-09              
        9.64722               0              
        9.64783     3.18319e-09              
        9.64844               0              
        9.64905               0              
        9.64966               0              
        9.65027               0              
        9.65088               0              
        9.65149               0              
         9.6521               0              
        9.65271               0              
        9.65332               0              
        9.65393               0              
        9.65454     3.18319e-09              
        9.65515               0              
        9.65576               0              
        9.65637               0              
        9.65698               0              
        9.65759               0              
         9.6582               0              
        9.65881               0              
        9.65942               0              
        9.66003               0              
        9.66064               0              
        9.66125               0              
        9.66187               0              
        9.66248               0              
        9.66309     3.18319e-09              
         9.6637               0              
        9.66431               0              
        9.66492               0              
        9.66553     3.18319e-09              
        9.66614     9.54958e-09              
        9.66675               0              
        9.66736               0              
        9.66797               0              
        9.66858               0              
        9.66919               0              
         9.6698               0              
        9.67041               0              
        9.67102     3.18319e-09              
        9.67163               0              
        9.67224               0              
        9.67285               0              
        9.67346     3.18319e-09              
        9.67407               0              
        9.67468               0              
        9.67529               0              
         9.6759               0              
        9.67651               0              
        9.67712               0              
        9.67773               0              
        9.67834               0              
        9.67896               0              
        9.67957               0              
        9.68018               0              
        9.68079     3.18319e-09              
         9.6814               0              
        9.68201     3.18319e-09              
        9.68262               0              
        9.68323               0              
        9.68384               0              
        9.68445               0              
        9.68506               0              
        9.68567     3.18319e-09              
        9.68628     3.18319e-09              
        9.68689               0              
         9.6875     3.18319e-09              
        9.68811               0              
        9.68872               0              
        9.68933     3.18319e-09              
        9.68994               0              
        9.69055               0              
        9.69116               0              
        9.69177     6.36639e-09              
        9.69238     3.18319e-09              
        9.69299               0              
         9.6936     3.18319e-09              
        9.69421               0              
        9.69482               0              
        9.69543               0              
        9.69604               0              
        9.69666               0              
        9.69727               0              
        9.69788               0              
        9.69849     6.36639e-09              
         9.6991     3.18319e-09              
        9.69971               0              
        9.70032               0              
        9.70093               0              
        9.70154               0              
        9.70215               0              
        9.70276     3.18319e-09              
        9.70337               0              
        9.70398     6.36639e-09              
        9.70459               0              
         9.7052               0              
        9.70581               0              
        9.70642               0              
        9.70703               0              
        9.70764               0              
        9.70825               0              
        9.70886               0              
        9.70947               0              
        9.71008               0              
        9.71069               0              
         9.7113               0              
        9.71191               0              
        9.71252               0              
        9.71313               0              
        9.71375               0              
        9.71436               0              
        9.71497               0              
        9.71558     3.18319e-09              
        9.71619               0              
         9.7168               0              
        9.71741               0              
        9.71802               0              
        9.71863               0              
        9.71924               0              
        9.71985               0              
        9.72046               0              
        9.72107               0              
        9.72168               0              
        9.72229               0              
         9.7229               0              
        9.72351     3.18319e-09              
        9.72412               0              
        9.72473               0              
        9.72534     3.18319e-09              
        9.72595               0              
        9.72656               0              
        9.72717               0              
        9.72778               0              
        9.72839               0              
          9.729     6.36639e-09              
        9.72961               0              
        9.73022               0              
        9.73083               0              
        9.73145               0              
        9.73206               0              
        9.73267               0              
        9.73328               0              
        9.73389               0              
         9.7345               0              
        9.73511               0              
        9.73572               0              
        9.73633               0              
        9.73694               0              
        9.73755               0              
        9.73816               0              
        9.73877               0              
        9.73938     3.18319e-09              
        9.73999     3.18319e-09              
         9.7406     3.18319e-09              
        9.74121               0              
        9.74182     3.18319e-09              
        9.74243               0              
        9.74304               0              
        9.74365               0              
        9.74426     3.18319e-09              
        9.74487               0              
        9.74548     3.18319e-09              
        9.74609               0              
         9.7467     3.18319e-09              
        9.74731               0              
        9.74792               0              
        9.74854               0              
        9.74915               0              
        9.74976     3.18319e-09              
        9.75037               0              
        9.75098               0              
        9.75159               0              
         9.7522               0              
        9.75281     6.36639e-09              
        9.75342               0              
        9.75403               0              
        9.75464               0              
        9.75525               0              
        9.75586               0              
        9.75647               0              
        9.75708               0              
        9.75769     3.18319e-09              
         9.7583               0              
        9.75891               0              
        9.75952               0              
        9.76013               0              
        9.76074               0              
        9.76135     6.36639e-09              
        9.76196               0              
        9.76257     3.18319e-09              
        9.76318               0              
        9.76379               0              
         9.7644               0              
        9.76501               0              
        9.76562               0              
        9.76624               0              
        9.76685               0              
        9.76746               0              
        9.76807               0              
        9.76868               0              
        9.76929               0              
         9.7699               0              
        9.77051               0              
        9.77112     3.18319e-09              
        9.77173               0              
        9.77234               0              
        9.77295               0              
        9.77356     3.18319e-09              
        9.77417               0              
        9.77478               0              
        9.77539               0              
          9.776     3.18319e-09              
        9.77661               0              
        9.77722               0              
        9.77783               0              
        9.77844     3.18319e-09              
        9.77905               0              
        9.77966               0              
        9.78027               0              
        9.78088     3.18319e-09              
        9.78149               0              
         9.7821     3.18319e-09              
        9.78271     3.18319e-09              
        9.78333               0              
        9.78394               0              
        9.78455     3.18319e-09              
        9.78516               0              
        9.78577               0              
        9.78638               0              
        9.78699               0              
         9.7876               0              
        9.78821               0              
        9.78882               0              
        9.78943               0              
        9.79004               0              
        9.79065               0              
        9.79126               0              
        9.79187               0              
        9.79248               0              
        9.79309               0              
         9.7937               0              
        9.79431               0              
        9.79492     6.36639e-09              
        9.79553               0              
        9.79614     3.18319e-09              
        9.79675               0              
        9.79736               0              
        9.79797               0              
        9.79858               0              
        9.79919               0              
         9.7998               0              
        9.80042               0              
        9.80103     3.18319e-09              
        9.80164               0              
        9.80225               0              
        9.80286               0              
        9.80347               0              
        9.80408     3.18319e-09              
        9.80469               0              
         9.8053               0              
        9.80591               0              
        9.80652               0              
        9.80713     3.18319e-09              
        9.80774               0              
        9.80835     3.18319e-09              
        9.80896               0              
        9.80957               0              
        9.81018               0              
        9.81079               0              
         9.8114               0              
        9.81201               0              
        9.81262               0              
        9.81323               0              
        9.81384               0              
        9.81445               0              
        9.81506               0              
        9.81567               0              
        9.81628               0              
        9.81689               0              
         9.8175               0              
        9.81812               0              
        9.81873     3.18319e-09              
        9.81934               0              
        9.81995     3.18319e-09              
        9.82056               0              
        9.82117               0              
        9.82178               0              
        9.82239               0              
          9.823               0              
        9.82361               0              
        9.82422     3.18319e-09              
        9.82483               0              
        9.82544     3.18319e-09              
        9.82605               0              
        9.82666               0              
        9.82727               0              
        9.82788               0              
        9.82849     3.18319e-09              
         9.8291               0              
        9.82971     3.18319e-09              
        9.83032               0              
        9.83093               0              
        9.83154               0              
        9.83215               0              
        9.83276               0              
        9.83337               0              
        9.83398               0              
        9.83459               0              
        9.83521               0              
        9.83582               0              
        9.83643               0              
        9.83704               0              
        9.83765               0              
        9.83826     3.18319e-09              
        9.83887               0              
        9.83948               0              
        9.84009               0              
         9.8407               0              
        9.84131     3.18319e-09              
        9.84192               0              
        9.84253               0              
        9.84314               0              
        9.84375               0              
        9.84436               0              
        9.84497               0              
        9.84558               0              
        9.84619               0              
         9.8468               0              
        9.84741               0              
        9.84802               0              
        9.84863               0              
        9.84924     3.18319e-09              
        9.84985               0              
        9.85046               0              
        9.85107               0              
        9.85168               0              
        9.85229               0              
        9.85291               0              
        9.85352               0              
        9.85413               0              
        9.85474               0              
        9.85535               0              
        9.85596     3.18319e-09              
        9.85657               0              
        9.85718               0              
        9.85779               0              
         9.8584               0              
        9.85901               0              
        9.85962               0              
        9.86023     3.18319e-09              
        9.86084               0              
        9.86145               0              
        9.86206               0              
        9.86267     3.18319e-09              
        9.86328     3.18319e-09              
        9.86389               0              
         9.8645               0              
        9.86511     3.18319e-09              
        9.86572               0              
        9.86633               0              
        9.86694               0              
        9.86755               0              
        9.86816               0              
        9.86877               0              
        9.86938               0              
           9.87               0              
        9.87061               0              
        9.87122               0              
        9.87183               0              
        9.87244               0              
        9.87305               0              
        9.87366     3.18319e-09              
        9.87427               0              
        9.87488               0              
        9.87549               0              
         9.8761               0              
        9.87671     3.18319e-09              
        9.87732               0              
        9.87793               0              
        9.87854               0              
        9.87915               0              
        9.87976               0              
        9.88037     3.18319e-09              
        9.88098               0              
        9.88159               0              
         9.8822               0              
        9.88281               0              
        9.88342               0              
        9.88403               0              
        9.88464     3.18319e-09              
        9.88525               0              
        9.88586               0              
        9.88647               0              
        9.88708               0              
         9.8877     3.18319e-09              
        9.88831               0              
        9.88892     3.18319e-09              
        9.88953               0              
        9.89014               0              
        9.89075               0              
        9.89136               0              
        9.89197               0              
        9.89258               0              
        9.89319     3.18319e-09              
         9.8938               0              
        9.89441               0              
        9.89502               0              
        9.89563     3.18319e-09              
        9.89624     3.18319e-09              
        9.89685               0              
        9.89746     3.18319e-09              
        9.89807               0              
        9.89868               0              
        9.89929               0              
         9.8999               0              
        9.90051               0              
        9.90112               0              
        9.90173               0              
        9.90234               0              
        9.90295               0              
        9.90356               0              
        9.90417               0              
        9.90479     3.18319e-09              
         9.9054     3.18319e-09              
        9.90601               0              
        9.90662               0              
        9.90723     3.18319e-09              
        9.90784               0              
        9.90845               0              
        9.90906               0              
        9.90967     3.18319e-09              
        9.91028               0              
        9.91089               0              
         9.9115     3.18319e-09              
        9.91211               0              
        9.91272     3.18319e-09              
        9.91333     3.18319e-09              
        9.91394               0              
        9.91455     3.18319e-09              
        9.91516     6.36639e-09              
        9.91577               0              
        9.91638               0              
        9.91699               0              
         9.9176               0              
        9.91821               0              
        9.91882               0              
        9.91943               0              
        9.92004               0              
        9.92065               0              
        9.92126               0              
        9.92188               0              
        9.92249     3.18319e-09              
         9.9231               0              
        9.92371               0              
        9.92432               0              
        9.92493               0              
        9.92554               0              
        9.92615               0              
        9.92676               0              
        9.92737               0              
        9.92798               0              
        9.92859     3.18319e-09              
         9.9292               0              
        9.92981               0              
        9.93042               0              
        9.93103               0              
        9.93164               0              
        9.93225     3.18319e-09              
        9.93286               0              
        9.93347               0              
        9.93408               0              
        9.93469     3.18319e-09              
         9.9353               0              
        9.93591               0              
        9.93652               0              
        9.93713               0              
        9.93774               0              
        9.93835               0              
        9.93896     3.18319e-09              
        9.93958     3.18319e-09              
        9.94019               0              
         9.9408               0              
        9.94141               0              
        9.94202               0              
        9.94263               0              
        9.94324               0              
        9.94385               0              
        9.94446               0              
        9.94507     6.36639e-09              
        9.94568               0              
        9.94629               0              
         9.9469               0              
        9.94751               0              
        9.94812               0              
        9.94873               0              
        9.94934     3.18319e-09              
        9.94995               0              
        9.95056               0              
        9.95117               0              
        9.95178     3.18319e-09              
        9.95239               0              
          9.953               0              
        9.95361               0              
        9.95422               0              
        9.95483               0              
        9.95544               0              
        9.95605     3.18319e-09              
        9.95667     3.18319e-09              
        9.95728     3.18319e-09              
        9.95789               0              
         9.9585     3.18319e-09              
        9.95911               0              
        9.95972               0              
        9.96033               0              
        9.96094               0              
        9.96155               0              
        9.96216               0              
        9.96277               0              
        9.96338               0              
        9.96399     3.18319e-09              
         9.9646     3.18319e-09              
        9.96521               0              
        9.96582               0              
        9.96643               0              
        9.96704               0              
        9.96765               0              
        9.96826               0              
        9.96887               0              
        9.96948               0              
        9.97009     3.18319e-09              
         9.9707               0              
        9.97131               0              
        9.97192               0              
        9.97253               0              
        9.97314               0              
        9.97375               0              
        9.97437               0              
        9.97498     3.18319e-09              
        9.97559               0              
         9.9762               0              
        9.97681               0              
        9.97742     3.18319e-09              
        9.97803               0              
        9.97864               0              
        9.97925               0              
        9.97986               0              
        9.98047               0              
        9.98108               0              
        9.98169               0              
         9.9823     6.36639e-09              
        9.98291               0              
        9.98352     6.36639e-09              
        9.98413     3.18319e-09              
        9.98474               0              
        9.98535               0              
        9.98596               0              
        9.98657     3.18319e-09              
        9.98718               0              
        9.98779               0              
         9.9884               0              
        9.98901               0              
        9.98962               0              
        9.99023               0              
        9.99084               0              
        9.99146               0              
        9.99207               0              
        9.99268               0              
        9.99329               0              
         9.9939               0              
        9.99451     3.18319e-09              
        9.99512     3.18319e-09              
        9.99573     3.18319e-09              
        9.99634               0              
        9.99695               0              
