        7.99805               0              
        7.99866     3.18319e-09              
        7.99927               0              
        7.99988               0              
        8.00049               0              
         8.0011     3.18319e-09              
        8.00171               0              
        8.00232               0              
        8.00293               0              
        8.00354               0              
        8.00415               0              
        8.00476     3.18319e-09              
        8.00537     6.36639e-09              
        8.00598               0              
        8.00659               0              
         8.0072     3.18319e-09              
        8.00781     6.36639e-09              
        8.00842               0              
        8.00903               0              
        8.00964               0              
        8.01025               0              
        8.01086     3.18319e-09              
        8.01147               0              
        8.01208     6.36639e-09              
         8.0127               0              
        8.01331     3.18319e-09              
        8.01392     3.18319e-09              
        8.01453               0              
        8.01514     3.18319e-09              
        8.01575               0              
        8.01636               0              
        8.01697               0              
        8.01758               0              
        8.01819     3.18319e-09              
         8.0188               0              
        8.01941               0              
        8.02002     3.18319e-09              
        8.02063               0              
        8.02124               0              
        8.02185               0              
        8.02246               0              
        8.02307     3.18319e-09              
        8.02368               0              
        8.02429               0              
         8.0249     3.18319e-09              
        8.02551               0              
        8.02612               0              
        8.02673     3.18319e-09              
        8.02734               0              
        8.02795               0              
        8.02856               0              
        8.02917               0              
        8.02979     3.18319e-09              
         8.0304               0              
        8.03101               0              
        8.03162     6.36639e-09              
        8.03223               0              
        8.03284     3.18319e-09              
        8.03345     3.18319e-09              
        8.03406     3.18319e-09              
        8.03467               0              
        8.03528               0              
        8.03589               0              
         8.0365               0              
        8.03711               0              
        8.03772               0              
        8.03833     9.54958e-09              
        8.03894               0              
        8.03955     3.18319e-09              
        8.04016     3.18319e-09              
        8.04077     3.18319e-09              
        8.04138               0              
        8.04199               0              
         8.0426               0              
        8.04321     3.18319e-09              
        8.04382     3.18319e-09              
        8.04443               0              
        8.04504               0              
        8.04565               0              
        8.04626               0              
        8.04688     3.18319e-09              
        8.04749     6.36639e-09              
         8.0481     3.18319e-09              
        8.04871               0              
        8.04932     3.18319e-09              
        8.04993     3.18319e-09              
        8.05054               0              
        8.05115     3.18319e-09              
        8.05176     3.18319e-09              
        8.05237               0              
        8.05298               0              
        8.05359     3.18319e-09              
         8.0542               0              
        8.05481     3.18319e-09              
        8.05542               0              
        8.05603     3.18319e-09              
        8.05664               0              
        8.05725     3.18319e-09              
        8.05786               0              
        8.05847               0              
        8.05908     3.18319e-09              
        8.05969               0              
         8.0603     3.18319e-09              
        8.06091     3.18319e-09              
        8.06152     3.18319e-09              
        8.06213               0              
        8.06274     3.18319e-09              
        8.06335               0              
        8.06396               0              
        8.06458               0              
        8.06519               0              
         8.0658     3.18319e-09              
        8.06641     3.18319e-09              
        8.06702               0              
        8.06763     6.36639e-09              
        8.06824               0              
        8.06885     3.18319e-09              
        8.06946               0              
        8.07007     3.18319e-09              
        8.07068               0              
        8.07129     3.18319e-09              
         8.0719               0              
        8.07251               0              
        8.07312               0              
        8.07373               0              
        8.07434               0              
        8.07495               0              
        8.07556     3.18319e-09              
        8.07617               0              
        8.07678               0              
        8.07739               0              
          8.078     6.36639e-09              
        8.07861               0              
        8.07922               0              
        8.07983     3.18319e-09              
        8.08044               0              
        8.08105     6.36639e-09              
        8.08167               0              
        8.08228               0              
        8.08289               0              
         8.0835               0              
        8.08411               0              
        8.08472     3.18319e-09              
        8.08533     3.18319e-09              
        8.08594               0              
        8.08655               0              
        8.08716     3.18319e-09              
        8.08777               0              
        8.08838               0              
        8.08899     3.18319e-09              
         8.0896               0              
        8.09021               0              
        8.09082     3.18319e-09              
        8.09143               0              
        8.09204     3.18319e-09              
        8.09265               0              
        8.09326     3.18319e-09              
        8.09387               0              
        8.09448               0              
        8.09509               0              
         8.0957               0              
        8.09631     3.18319e-09              
        8.09692               0              
        8.09753               0              
        8.09814     3.18319e-09              
        8.09875     3.18319e-09              
        8.09937     3.18319e-09              
        8.09998               0              
        8.10059     3.18319e-09              
         8.1012               0              
        8.10181     3.18319e-09              
        8.10242               0              
        8.10303     3.18319e-09              
        8.10364     3.18319e-09              
        8.10425     3.18319e-09              
        8.10486               0              
        8.10547     3.18319e-09              
        8.10608               0              
        8.10669               0              
         8.1073     3.18319e-09              
        8.10791     3.18319e-09              
        8.10852               0              
        8.10913               0              
        8.10974               0              
        8.11035               0              
        8.11096               0              
        8.11157               0              
        8.11218     3.18319e-09              
        8.11279               0              
         8.1134     3.18319e-09              
        8.11401               0              
        8.11462               0              
        8.11523               0              
        8.11584     3.18319e-09              
        8.11646               0              
        8.11707               0              
        8.11768     3.18319e-09              
        8.11829     3.18319e-09              
         8.1189               0              
        8.11951               0              
        8.12012               0              
        8.12073     3.18319e-09              
        8.12134               0              
        8.12195               0              
        8.12256               0              
        8.12317     3.18319e-09              
        8.12378               0              
        8.12439               0              
          8.125               0              
        8.12561               0              
        8.12622     3.18319e-09              
        8.12683               0              
        8.12744     3.18319e-09              
        8.12805     3.18319e-09              
        8.12866               0              
        8.12927               0              
        8.12988               0              
        8.13049     3.18319e-09              
         8.1311     3.18319e-09              
        8.13171     3.18319e-09              
        8.13232               0              
        8.13293               0              
        8.13354               0              
        8.13416               0              
        8.13477               0              
        8.13538               0              
        8.13599     3.18319e-09              
         8.1366     3.18319e-09              
        8.13721               0              
        8.13782     3.18319e-09              
        8.13843               0              
        8.13904               0              
        8.13965     3.18319e-09              
        8.14026     6.36639e-09              
        8.14087               0              
        8.14148               0              
        8.14209               0              
         8.1427               0              
        8.14331               0              
        8.14392               0              
        8.14453     3.18319e-09              
        8.14514               0              
        8.14575               0              
        8.14636     3.18319e-09              
        8.14697     3.18319e-09              
        8.14758     1.27328e-08              
        8.14819               0              
         8.1488     3.18319e-09              
        8.14941               0              
        8.15002     9.54958e-09              
        8.15063     3.18319e-09              
        8.15125     3.18319e-09              
        8.15186     3.18319e-09              
        8.15247               0              
        8.15308               0              
        8.15369      1.5916e-08              
         8.1543               0              
        8.15491               0              
        8.15552               0              
        8.15613               0              
        8.15674               0              
        8.15735               0              
        8.15796               0              
        8.15857               0              
        8.15918               0              
        8.15979               0              
         8.1604               0              
        8.16101               0              
        8.16162               0              
        8.16223               0              
        8.16284               0              
        8.16345     3.18319e-09              
        8.16406               0              
        8.16467               0              
        8.16528     3.18319e-09              
        8.16589               0              
         8.1665     3.18319e-09              
        8.16711               0              
        8.16772     3.18319e-09              
        8.16833     3.18319e-09              
        8.16895     3.18319e-09              
        8.16956               0              
        8.17017               0              
        8.17078               0              
        8.17139               0              
          8.172     3.18319e-09              
        8.17261               0              
        8.17322               0              
        8.17383               0              
        8.17444               0              
        8.17505     3.18319e-09              
        8.17566               0              
        8.17627               0              
        8.17688               0              
        8.17749               0              
         8.1781               0              
        8.17871               0              
        8.17932               0              
        8.17993     3.18319e-09              
        8.18054     6.36639e-09              
        8.18115     3.18319e-09              
        8.18176     3.18319e-09              
        8.18237               0              
        8.18298               0              
        8.18359               0              
         8.1842     6.36639e-09              
        8.18481     3.18319e-09              
        8.18542     3.18319e-09              
        8.18604               0              
        8.18665     3.18319e-09              
        8.18726               0              
        8.18787               0              
        8.18848               0              
        8.18909               0              
         8.1897     3.18319e-09              
        8.19031               0              
        8.19092     3.18319e-09              
        8.19153     3.18319e-09              
        8.19214               0              
        8.19275               0              
        8.19336               0              
        8.19397     3.18319e-09              
        8.19458     3.18319e-09              
        8.19519               0              
         8.1958               0              
        8.19641               0              
        8.19702               0              
        8.19763               0              
        8.19824               0              
        8.19885               0              
        8.19946     3.18319e-09              
        8.20007     3.18319e-09              
        8.20068               0              
        8.20129               0              
         8.2019               0              
        8.20251     3.18319e-09              
        8.20312     3.18319e-09              
        8.20374               0              
        8.20435     3.18319e-09              
        8.20496     6.36639e-09              
        8.20557               0              
        8.20618               0              
        8.20679               0              
         8.2074     3.18319e-09              
        8.20801               0              
        8.20862               0              
        8.20923               0              
        8.20984               0              
        8.21045               0              
        8.21106               0              
        8.21167               0              
        8.21228               0              
        8.21289     6.36639e-09              
         8.2135               0              
        8.21411               0              
        8.21472     3.18319e-09              
        8.21533               0              
        8.21594     3.18319e-09              
        8.21655               0              
        8.21716               0              
        8.21777               0              
        8.21838               0              
        8.21899     3.18319e-09              
         8.2196               0              
        8.22021     3.18319e-09              
        8.22083     3.18319e-09              
        8.22144               0              
        8.22205               0              
        8.22266               0              
        8.22327     6.36639e-09              
        8.22388     6.36639e-09              
        8.22449     3.18319e-09              
         8.2251     3.18319e-09              
        8.22571     9.54958e-09              
        8.22632     3.18319e-09              
        8.22693     3.18319e-09              
        8.22754               0              
        8.22815               0              
        8.22876     3.18319e-09              
        8.22937     3.18319e-09              
        8.22998               0              
        8.23059               0              
         8.2312               0              
        8.23181               0              
        8.23242               0              
        8.23303               0              
        8.23364     6.36639e-09              
        8.23425     6.36639e-09              
        8.23486               0              
        8.23547               0              
        8.23608               0              
        8.23669               0              
         8.2373               0              
        8.23792               0              
        8.23853               0              
        8.23914               0              
        8.23975               0              
        8.24036               0              
        8.24097     6.36639e-09              
        8.24158               0              
        8.24219     6.36639e-09              
         8.2428               0              
        8.24341               0              
        8.24402               0              
        8.24463               0              
        8.24524               0              
        8.24585               0              
        8.24646               0              
        8.24707               0              
        8.24768               0              
        8.24829               0              
         8.2489               0              
        8.24951               0              
        8.25012               0              
        8.25073     3.18319e-09              
        8.25134               0              
        8.25195               0              
        8.25256     3.18319e-09              
        8.25317     6.36639e-09              
        8.25378               0              
        8.25439               0              
          8.255     6.36639e-09              
        8.25562     3.18319e-09              
        8.25623               0              
        8.25684     3.18319e-09              
        8.25745               0              
        8.25806               0              
        8.25867     3.18319e-09              
        8.25928               0              
        8.25989               0              
         8.2605     3.18319e-09              
        8.26111               0              
        8.26172               0              
        8.26233               0              
        8.26294               0              
        8.26355               0              
        8.26416               0              
        8.26477               0              
        8.26538               0              
        8.26599               0              
         8.2666     3.18319e-09              
        8.26721     3.18319e-09              
        8.26782               0              
        8.26843               0              
        8.26904               0              
        8.26965               0              
        8.27026     3.18319e-09              
        8.27087     6.36639e-09              
        8.27148     6.36639e-09              
        8.27209               0              
        8.27271     3.18319e-09              
        8.27332     3.18319e-09              
        8.27393               0              
        8.27454     3.18319e-09              
        8.27515               0              
        8.27576               0              
        8.27637               0              
        8.27698     3.18319e-09              
        8.27759     3.18319e-09              
         8.2782               0              
        8.27881     3.18319e-09              
        8.27942               0              
        8.28003               0              
        8.28064     3.18319e-09              
        8.28125               0              
        8.28186     3.18319e-09              
        8.28247     3.18319e-09              
        8.28308               0              
        8.28369               0              
         8.2843               0              
        8.28491               0              
        8.28552     3.18319e-09              
        8.28613               0              
        8.28674               0              
        8.28735     3.18319e-09              
        8.28796     3.18319e-09              
        8.28857               0              
        8.28918               0              
        8.28979     9.54958e-09              
        8.29041     3.18319e-09              
        8.29102     3.18319e-09              
        8.29163               0              
        8.29224               0              
        8.29285     3.18319e-09              
        8.29346     3.18319e-09              
        8.29407               0              
        8.29468     6.36639e-09              
        8.29529               0              
         8.2959               0              
        8.29651     3.18319e-09              
        8.29712               0              
        8.29773     3.18319e-09              
        8.29834               0              
        8.29895               0              
        8.29956     3.18319e-09              
        8.30017     3.18319e-09              
        8.30078     3.18319e-09              
        8.30139               0              
          8.302     3.18319e-09              
        8.30261               0              
        8.30322               0              
        8.30383               0              
        8.30444     6.36639e-09              
        8.30505     3.18319e-09              
        8.30566               0              
        8.30627               0              
        8.30688     3.18319e-09              
         8.3075     3.18319e-09              
        8.30811               0              
        8.30872     6.36639e-09              
        8.30933               0              
        8.30994               0              
        8.31055     3.18319e-09              
        8.31116               0              
        8.31177     6.36639e-09              
        8.31238     3.18319e-09              
        8.31299     3.18319e-09              
         8.3136               0              
        8.31421               0              
        8.31482               0              
        8.31543               0              
        8.31604               0              
        8.31665               0              
        8.31726               0              
        8.31787     3.18319e-09              
        8.31848               0              
        8.31909               0              
         8.3197               0              
        8.32031               0              
        8.32092               0              
        8.32153     6.36639e-09              
        8.32214               0              
        8.32275     3.18319e-09              
        8.32336     3.18319e-09              
        8.32397               0              
        8.32458               0              
         8.3252     3.18319e-09              
        8.32581               0              
        8.32642               0              
        8.32703               0              
        8.32764     6.36639e-09              
        8.32825               0              
        8.32886               0              
        8.32947     3.18319e-09              
        8.33008               0              
        8.33069     3.18319e-09              
         8.3313               0              
        8.33191               0              
        8.33252               0              
        8.33313     9.54958e-09              
        8.33374               0              
        8.33435               0              
        8.33496     6.36639e-09              
        8.33557               0              
        8.33618               0              
        8.33679               0              
         8.3374               0              
        8.33801               0              
        8.33862               0              
        8.33923     3.18319e-09              
        8.33984               0              
        8.34045               0              
        8.34106     6.36639e-09              
        8.34167               0              
        8.34229               0              
         8.3429               0              
        8.34351     3.18319e-09              
        8.34412               0              
        8.34473               0              
        8.34534               0              
        8.34595               0              
        8.34656     6.36639e-09              
        8.34717     3.18319e-09              
        8.34778               0              
        8.34839     6.36639e-09              
          8.349               0              
        8.34961               0              
        8.35022               0              
        8.35083               0              
        8.35144     6.36639e-09              
        8.35205               0              
        8.35266               0              
        8.35327               0              
        8.35388               0              
        8.35449               0              
         8.3551     3.18319e-09              
        8.35571     3.18319e-09              
        8.35632               0              
        8.35693               0              
        8.35754               0              
        8.35815               0              
        8.35876               0              
        8.35938     3.18319e-09              
        8.35999               0              
         8.3606     3.18319e-09              
        8.36121     3.18319e-09              
        8.36182     3.18319e-09              
        8.36243               0              
        8.36304               0              
        8.36365     3.18319e-09              
        8.36426     6.36639e-09              
        8.36487               0              
        8.36548               0              
        8.36609     3.18319e-09              
         8.3667               0              
        8.36731               0              
        8.36792     6.36639e-09              
        8.36853     3.18319e-09              
        8.36914               0              
        8.36975               0              
        8.37036               0              
        8.37097               0              
        8.37158               0              
        8.37219               0              
         8.3728     3.18319e-09              
        8.37341               0              
        8.37402               0              
        8.37463     3.18319e-09              
        8.37524               0              
        8.37585     3.18319e-09              
        8.37646               0              
        8.37708               0              
        8.37769               0              
         8.3783               0              
        8.37891               0              
        8.37952               0              
        8.38013     6.36639e-09              
        8.38074     3.18319e-09              
        8.38135               0              
        8.38196               0              
        8.38257     3.18319e-09              
        8.38318               0              
        8.38379               0              
         8.3844               0              
        8.38501               0              
        8.38562               0              
        8.38623     3.18319e-09              
        8.38684               0              
        8.38745               0              
        8.38806     3.18319e-09              
        8.38867     6.36639e-09              
        8.38928               0              
        8.38989     3.18319e-09              
         8.3905               0              
        8.39111               0              
        8.39172     3.18319e-09              
        8.39233               0              
        8.39294               0              
        8.39355               0              
        8.39417               0              
        8.39478     3.18319e-09              
        8.39539     3.18319e-09              
          8.396     3.18319e-09              
        8.39661               0              
        8.39722               0              
        8.39783               0              
        8.39844     3.18319e-09              
        8.39905               0              
        8.39966               0              
        8.40027               0              
        8.40088               0              
        8.40149               0              
         8.4021               0              
        8.40271               0              
        8.40332               0              
        8.40393               0              
        8.40454     6.36639e-09              
        8.40515     3.18319e-09              
        8.40576     3.18319e-09              
        8.40637               0              
        8.40698               0              
        8.40759               0              
         8.4082               0              
        8.40881     3.18319e-09              
        8.40942               0              
        8.41003               0              
        8.41064               0              
        8.41125               0              
        8.41187               0              
        8.41248               0              
        8.41309               0              
         8.4137     3.18319e-09              
        8.41431     3.18319e-09              
        8.41492               0              
        8.41553               0              
        8.41614               0              
        8.41675     3.18319e-09              
        8.41736     3.18319e-09              
        8.41797               0              
        8.41858     3.18319e-09              
        8.41919               0              
         8.4198     3.18319e-09              
        8.42041               0              
        8.42102     9.54958e-09              
        8.42163               0              
        8.42224               0              
        8.42285     3.18319e-09              
        8.42346     3.18319e-09              
        8.42407               0              
        8.42468     6.36639e-09              
        8.42529               0              
         8.4259     3.18319e-09              
        8.42651               0              
        8.42712     6.36639e-09              
        8.42773               0              
        8.42834               0              
        8.42896               0              
        8.42957               0              
        8.43018               0              
        8.43079               0              
         8.4314     3.18319e-09              
        8.43201     3.18319e-09              
        8.43262               0              
        8.43323               0              
        8.43384     6.36639e-09              
        8.43445     3.18319e-09              
        8.43506     6.36639e-09              
        8.43567               0              
        8.43628     6.36639e-09              
        8.43689               0              
         8.4375               0              
        8.43811               0              
        8.43872               0              
        8.43933               0              
        8.43994               0              
        8.44055               0              
        8.44116     3.18319e-09              
        8.44177     3.18319e-09              
        8.44238     3.18319e-09              
        8.44299               0              
         8.4436               0              
        8.44421     3.18319e-09              
        8.44482     3.18319e-09              
        8.44543               0              
        8.44604               0              
        8.44666     3.18319e-09              
        8.44727               0              
        8.44788     3.18319e-09              
        8.44849     3.18319e-09              
         8.4491     3.18319e-09              
        8.44971               0              
        8.45032     3.18319e-09              
        8.45093               0              
        8.45154     3.18319e-09              
        8.45215               0              
        8.45276               0              
        8.45337               0              
        8.45398               0              
        8.45459     3.18319e-09              
         8.4552     6.36639e-09              
        8.45581               0              
        8.45642     3.18319e-09              
        8.45703     3.18319e-09              
        8.45764     9.54958e-09              
        8.45825               0              
        8.45886               0              
        8.45947     3.18319e-09              
        8.46008               0              
        8.46069     3.18319e-09              
         8.4613     3.18319e-09              
        8.46191               0              
        8.46252               0              
        8.46313     3.18319e-09              
        8.46375               0              
        8.46436     6.36639e-09              
        8.46497               0              
        8.46558               0              
        8.46619     3.18319e-09              
         8.4668     6.36639e-09              
        8.46741               0              
        8.46802     3.18319e-09              
        8.46863     6.36639e-09              
        8.46924     1.27328e-08              
        8.46985               0              
        8.47046     3.18319e-09              
        8.47107               0              
        8.47168               0              
        8.47229               0              
         8.4729               0              
        8.47351               0              
        8.47412               0              
        8.47473     6.36639e-09              
        8.47534               0              
        8.47595     3.18319e-09              
        8.47656               0              
        8.47717               0              
        8.47778               0              
        8.47839               0              
          8.479     3.18319e-09              
        8.47961               0              
        8.48022     3.18319e-09              
        8.48083     3.18319e-09              
        8.48145     3.18319e-09              
        8.48206     6.36639e-09              
        8.48267     3.18319e-09              
        8.48328               0              
        8.48389     3.18319e-09              
         8.4845               0              
        8.48511               0              
        8.48572               0              
        8.48633               0              
        8.48694               0              
        8.48755               0              
        8.48816               0              
        8.48877     3.18319e-09              
        8.48938     6.36639e-09              
        8.48999     3.18319e-09              
         8.4906               0              
        8.49121     3.18319e-09              
        8.49182               0              
        8.49243     3.18319e-09              
        8.49304               0              
        8.49365               0              
        8.49426     3.18319e-09              
        8.49487     3.18319e-09              
        8.49548               0              
        8.49609               0              
         8.4967               0              
        8.49731               0              
        8.49792               0              
        8.49854               0              
        8.49915               0              
        8.49976               0              
        8.50037               0              
        8.50098               0              
        8.50159               0              
         8.5022               0              
        8.50281               0              
        8.50342     6.36639e-09              
        8.50403     6.36639e-09              
        8.50464               0              
        8.50525               0              
        8.50586               0              
        8.50647     3.18319e-09              
        8.50708     3.18319e-09              
        8.50769               0              
         8.5083               0              
        8.50891               0              
        8.50952     3.18319e-09              
        8.51013               0              
        8.51074               0              
        8.51135               0              
        8.51196               0              
        8.51257     6.36639e-09              
        8.51318     3.18319e-09              
        8.51379               0              
         8.5144               0              
        8.51501     3.18319e-09              
        8.51562               0              
        8.51624     3.18319e-09              
        8.51685     3.18319e-09              
        8.51746               0              
        8.51807               0              
        8.51868     3.18319e-09              
        8.51929               0              
         8.5199     3.18319e-09              
        8.52051               0              
        8.52112               0              
        8.52173               0              
        8.52234               0              
        8.52295     3.18319e-09              
        8.52356               0              
        8.52417               0              
        8.52478               0              
        8.52539     3.18319e-09              
          8.526               0              
        8.52661               0              
        8.52722     6.36639e-09              
        8.52783     3.18319e-09              
        8.52844     3.18319e-09              
        8.52905               0              
        8.52966               0              
        8.53027               0              
        8.53088               0              
        8.53149     3.18319e-09              
         8.5321               0              
        8.53271               0              
        8.53333               0              
        8.53394               0              
        8.53455     3.18319e-09              
        8.53516     3.18319e-09              
        8.53577     3.18319e-09              
        8.53638     3.18319e-09              
        8.53699     3.18319e-09              
         8.5376               0              
        8.53821     9.54958e-09              
        8.53882               0              
        8.53943               0              
        8.54004     3.18319e-09              
        8.54065               0              
        8.54126     3.18319e-09              
        8.54187               0              
        8.54248     6.36639e-09              
        8.54309               0              
         8.5437     6.36639e-09              
        8.54431     6.36639e-09              
        8.54492               0              
        8.54553               0              
        8.54614               0              
        8.54675               0              
        8.54736               0              
        8.54797               0              
        8.54858               0              
        8.54919               0              
         8.5498               0              
        8.55042     3.18319e-09              
        8.55103               0              
        8.55164               0              
        8.55225               0              
        8.55286               0              
        8.55347               0              
        8.55408               0              
        8.55469               0              
         8.5553     3.18319e-09              
        8.55591               0              
        8.55652               0              
        8.55713               0              
        8.55774               0              
        8.55835               0              
        8.55896     3.18319e-09              
        8.55957     3.18319e-09              
        8.56018               0              
        8.56079     3.18319e-09              
         8.5614               0              
        8.56201               0              
        8.56262               0              
        8.56323     3.18319e-09              
        8.56384               0              
        8.56445               0              
        8.56506               0              
        8.56567     3.18319e-09              
        8.56628     3.18319e-09              
        8.56689               0              
         8.5675               0              
        8.56812               0              
        8.56873               0              
        8.56934               0              
        8.56995     3.18319e-09              
        8.57056               0              
        8.57117               0              
        8.57178               0              
        8.57239               0              
          8.573     3.18319e-09              
        8.57361               0              
        8.57422     6.36639e-09              
        8.57483               0              
        8.57544               0              
        8.57605     3.18319e-09              
        8.57666               0              
        8.57727               0              
        8.57788     3.18319e-09              
        8.57849     3.18319e-09              
         8.5791     3.18319e-09              
        8.57971               0              
        8.58032               0              
        8.58093               0              
        8.58154     3.18319e-09              
        8.58215               0              
        8.58276               0              
        8.58337               0              
        8.58398     3.18319e-09              
        8.58459               0              
        8.58521               0              
        8.58582               0              
        8.58643               0              
        8.58704     6.36639e-09              
        8.58765               0              
        8.58826               0              
        8.58887               0              
        8.58948               0              
        8.59009     3.18319e-09              
         8.5907     6.36639e-09              
        8.59131               0              
        8.59192               0              
        8.59253               0              
        8.59314               0              
        8.59375               0              
        8.59436               0              
        8.59497     3.18319e-09              
        8.59558               0              
        8.59619               0              
         8.5968               0              
        8.59741               0              
        8.59802     3.18319e-09              
        8.59863               0              
        8.59924               0              
        8.59985               0              
        8.60046     6.36639e-09              
        8.60107               0              
        8.60168     3.18319e-09              
        8.60229               0              
        8.60291     3.18319e-09              
        8.60352               0              
        8.60413     3.18319e-09              
        8.60474               0              
        8.60535               0              
        8.60596     3.18319e-09              
        8.60657               0              
        8.60718               0              
        8.60779               0              
         8.6084     3.18319e-09              
        8.60901     3.18319e-09              
        8.60962               0              
        8.61023               0              
        8.61084               0              
        8.61145               0              
        8.61206     6.36639e-09              
        8.61267               0              
        8.61328     3.18319e-09              
        8.61389               0              
         8.6145               0              
        8.61511               0              
        8.61572               0              
        8.61633               0              
        8.61694               0              
        8.61755               0              
        8.61816               0              
        8.61877               0              
        8.61938               0              
           8.62               0              
        8.62061               0              
        8.62122               0              
        8.62183               0              
        8.62244               0              
        8.62305               0              
        8.62366     3.18319e-09              
        8.62427     3.18319e-09              
        8.62488               0              
        8.62549               0              
         8.6261               0              
        8.62671               0              
        8.62732               0              
        8.62793     3.18319e-09              
        8.62854     3.18319e-09              
        8.62915     3.18319e-09              
        8.62976               0              
        8.63037     3.18319e-09              
        8.63098               0              
        8.63159     3.18319e-09              
         8.6322               0              
        8.63281               0              
        8.63342               0              
        8.63403     3.18319e-09              
        8.63464               0              
        8.63525               0              
        8.63586               0              
        8.63647               0              
        8.63708     3.18319e-09              
         8.6377               0              
        8.63831     3.18319e-09              
        8.63892               0              
        8.63953               0              
        8.64014               0              
        8.64075     3.18319e-09              
        8.64136               0              
        8.64197               0              
        8.64258     3.18319e-09              
        8.64319     3.18319e-09              
         8.6438     3.18319e-09              
        8.64441               0              
        8.64502     3.18319e-09              
        8.64563               0              
        8.64624               0              
        8.64685               0              
        8.64746     3.18319e-09              
        8.64807               0              
        8.64868               0              
        8.64929               0              
         8.6499               0              
        8.65051               0              
        8.65112               0              
        8.65173     3.18319e-09              
        8.65234               0              
        8.65295               0              
        8.65356               0              
        8.65417     6.36639e-09              
        8.65479               0              
         8.6554     3.18319e-09              
        8.65601               0              
        8.65662               0              
        8.65723               0              
        8.65784               0              
        8.65845               0              
        8.65906               0              
        8.65967     3.18319e-09              
        8.66028               0              
        8.66089               0              
         8.6615     3.18319e-09              
        8.66211               0              
        8.66272               0              
        8.66333               0              
        8.66394               0              
        8.66455     3.18319e-09              
        8.66516               0              
        8.66577               0              
        8.66638               0              
        8.66699     3.18319e-09              
         8.6676               0              
        8.66821               0              
        8.66882     3.18319e-09              
        8.66943               0              
        8.67004               0              
        8.67065               0              
        8.67126               0              
        8.67188               0              
        8.67249               0              
         8.6731               0              
        8.67371               0              
        8.67432     3.18319e-09              
        8.67493               0              
        8.67554               0              
        8.67615               0              
        8.67676     3.18319e-09              
        8.67737     3.18319e-09              
        8.67798     3.18319e-09              
        8.67859     3.18319e-09              
         8.6792               0              
        8.67981               0              
        8.68042               0              
        8.68103               0              
        8.68164               0              
        8.68225               0              
        8.68286               0              
        8.68347               0              
        8.68408               0              
        8.68469     3.18319e-09              
         8.6853               0              
        8.68591               0              
        8.68652               0              
        8.68713               0              
        8.68774               0              
        8.68835     3.18319e-09              
        8.68896     6.36639e-09              
        8.68958     3.18319e-09              
        8.69019               0              
         8.6908               0              
        8.69141               0              
        8.69202     3.18319e-09              
        8.69263               0              
        8.69324     3.18319e-09              
        8.69385               0              
        8.69446               0              
        8.69507     6.36639e-09              
        8.69568     3.18319e-09              
        8.69629               0              
         8.6969               0              
        8.69751               0              
        8.69812               0              
        8.69873               0              
        8.69934     3.18319e-09              
        8.69995               0              
        8.70056               0              
        8.70117               0              
        8.70178               0              
        8.70239     6.36639e-09              
          8.703               0              
        8.70361               0              
        8.70422               0              
        8.70483               0              
        8.70544     3.18319e-09              
        8.70605               0              
        8.70667               0              
        8.70728               0              
        8.70789               0              
         8.7085     3.18319e-09              
        8.70911               0              
        8.70972               0              
        8.71033               0              
        8.71094               0              
        8.71155               0              
        8.71216               0              
        8.71277     3.18319e-09              
        8.71338               0              
        8.71399     3.18319e-09              
         8.7146     3.18319e-09              
        8.71521     3.18319e-09              
        8.71582               0              
        8.71643               0              
        8.71704               0              
        8.71765     3.18319e-09              
        8.71826     3.18319e-09              
        8.71887               0              
        8.71948     3.18319e-09              
        8.72009               0              
         8.7207               0              
        8.72131               0              
        8.72192     3.18319e-09              
        8.72253               0              
        8.72314               0              
        8.72375               0              
        8.72437               0              
        8.72498     3.18319e-09              
        8.72559               0              
         8.7262               0              
        8.72681               0              
        8.72742               0              
        8.72803               0              
        8.72864               0              
        8.72925     3.18319e-09              
        8.72986               0              
        8.73047               0              
        8.73108               0              
        8.73169     6.36639e-09              
         8.7323               0              
        8.73291               0              
        8.73352     6.36639e-09              
        8.73413               0              
        8.73474     3.18319e-09              
        8.73535     3.18319e-09              
        8.73596     6.36639e-09              
        8.73657               0              
        8.73718     6.36639e-09              
        8.73779               0              
         8.7384               0              
        8.73901     3.18319e-09              
        8.73962               0              
        8.74023               0              
        8.74084               0              
        8.74146     3.18319e-09              
        8.74207               0              
        8.74268               0              
        8.74329               0              
         8.7439     3.18319e-09              
        8.74451               0              
        8.74512     3.18319e-09              
        8.74573     3.18319e-09              
        8.74634               0              
        8.74695     3.18319e-09              
        8.74756               0              
        8.74817               0              
        8.74878     3.18319e-09              
        8.74939               0              
           8.75     3.18319e-09              
        8.75061     3.18319e-09              
        8.75122               0              
        8.75183               0              
        8.75244               0              
        8.75305               0              
        8.75366     3.18319e-09              
        8.75427               0              
        8.75488               0              
        8.75549               0              
         8.7561     3.18319e-09              
        8.75671     3.18319e-09              
        8.75732     6.36639e-09              
        8.75793               0              
        8.75854               0              
        8.75916     3.18319e-09              
        8.75977               0              
        8.76038     6.36639e-09              
        8.76099               0              
         8.7616     3.18319e-09              
        8.76221               0              
        8.76282               0              
        8.76343     3.18319e-09              
        8.76404               0              
        8.76465     3.18319e-09              
        8.76526               0              
        8.76587               0              
        8.76648               0              
        8.76709               0              
         8.7677               0              
        8.76831               0              
        8.76892               0              
        8.76953     3.18319e-09              
        8.77014               0              
        8.77075               0              
        8.77136               0              
        8.77197               0              
        8.77258     3.18319e-09              
        8.77319               0              
         8.7738     3.18319e-09              
        8.77441               0              
        8.77502     6.36639e-09              
        8.77563               0              
        8.77625               0              
        8.77686               0              
        8.77747               0              
        8.77808     3.18319e-09              
        8.77869               0              
         8.7793               0              
        8.77991     6.36639e-09              
        8.78052               0              
        8.78113               0              
        8.78174               0              
        8.78235               0              
        8.78296               0              
        8.78357               0              
        8.78418               0              
        8.78479     3.18319e-09              
         8.7854     3.18319e-09              
        8.78601               0              
        8.78662     3.18319e-09              
        8.78723     3.18319e-09              
        8.78784               0              
        8.78845               0              
        8.78906     3.18319e-09              
        8.78967               0              
        8.79028     3.18319e-09              
        8.79089     3.18319e-09              
         8.7915               0              
        8.79211     3.18319e-09              
        8.79272               0              
        8.79333               0              
        8.79395     9.54958e-09              
        8.79456               0              
        8.79517               0              
        8.79578               0              
        8.79639               0              
          8.797               0              
        8.79761     3.18319e-09              
        8.79822               0              
        8.79883               0              
        8.79944               0              
        8.80005               0              
        8.80066     3.18319e-09              
        8.80127               0              
        8.80188               0              
        8.80249     3.18319e-09              
         8.8031     3.18319e-09              
        8.80371               0              
        8.80432     3.18319e-09              
        8.80493               0              
        8.80554               0              
        8.80615               0              
        8.80676               0              
        8.80737     3.18319e-09              
        8.80798               0              
        8.80859     3.18319e-09              
         8.8092               0              
        8.80981     3.18319e-09              
        8.81042               0              
        8.81104               0              
        8.81165     3.18319e-09              
        8.81226     9.54958e-09              
        8.81287               0              
        8.81348               0              
        8.81409               0              
         8.8147     3.18319e-09              
        8.81531     3.18319e-09              
        8.81592               0              
        8.81653               0              
        8.81714               0              
        8.81775               0              
        8.81836               0              
        8.81897               0              
        8.81958               0              
        8.82019     3.18319e-09              
         8.8208               0              
        8.82141               0              
        8.82202               0              
        8.82263               0              
        8.82324               0              
        8.82385               0              
        8.82446               0              
        8.82507     3.18319e-09              
        8.82568               0              
        8.82629               0              
         8.8269               0              
        8.82751               0              
        8.82812               0              
        8.82874               0              
        8.82935     3.18319e-09              
        8.82996               0              
        8.83057               0              
        8.83118     3.18319e-09              
        8.83179     6.36639e-09              
         8.8324               0              
        8.83301               0              
        8.83362               0              
        8.83423     3.18319e-09              
        8.83484               0              
        8.83545               0              
        8.83606     6.36639e-09              
        8.83667               0              
        8.83728     3.18319e-09              
        8.83789               0              
         8.8385     6.36639e-09              
        8.83911     3.18319e-09              
        8.83972               0              
        8.84033               0              
        8.84094               0              
        8.84155               0              
        8.84216               0              
        8.84277               0              
        8.84338               0              
        8.84399               0              
         8.8446     6.36639e-09              
        8.84521               0              
        8.84583               0              
        8.84644               0              
        8.84705     3.18319e-09              
        8.84766               0              
        8.84827               0              
        8.84888     6.36639e-09              
        8.84949     3.18319e-09              
         8.8501               0              
        8.85071     3.18319e-09              
        8.85132     3.18319e-09              
        8.85193     3.18319e-09              
        8.85254               0              
        8.85315               0              
        8.85376     1.27328e-08              
        8.85437               0              
        8.85498               0              
        8.85559               0              
         8.8562               0              
        8.85681               0              
        8.85742               0              
        8.85803               0              
        8.85864     3.18319e-09              
        8.85925               0              
        8.85986               0              
        8.86047               0              
        8.86108     3.18319e-09              
        8.86169               0              
         8.8623               0              
        8.86292               0              
        8.86353               0              
        8.86414     3.18319e-09              
        8.86475               0              
        8.86536               0              
        8.86597               0              
        8.86658     6.36639e-09              
        8.86719     3.18319e-09              
         8.8678               0              
        8.86841     3.18319e-09              
        8.86902               0              
        8.86963     3.18319e-09              
        8.87024               0              
        8.87085               0              
        8.87146               0              
        8.87207               0              
        8.87268     6.36639e-09              
        8.87329     3.18319e-09              
         8.8739     3.18319e-09              
        8.87451     3.18319e-09              
        8.87512     3.18319e-09              
        8.87573               0              
        8.87634               0              
        8.87695               0              
        8.87756     3.18319e-09              
        8.87817               0              
        8.87878     3.18319e-09              
        8.87939     3.18319e-09              
           8.88               0              
        8.88062               0              
        8.88123               0              
        8.88184     3.18319e-09              
        8.88245     3.18319e-09              
        8.88306               0              
        8.88367     3.18319e-09              
        8.88428               0              
        8.88489               0              
         8.8855     3.18319e-09              
        8.88611               0              
        8.88672               0              
        8.88733               0              
        8.88794               0              
        8.88855               0              
        8.88916               0              
        8.88977               0              
        8.89038               0              
        8.89099               0              
         8.8916               0              
        8.89221               0              
        8.89282               0              
        8.89343               0              
        8.89404               0              
        8.89465               0              
        8.89526     3.18319e-09              
        8.89587               0              
        8.89648               0              
        8.89709               0              
        8.89771     3.18319e-09              
        8.89832     3.18319e-09              
        8.89893               0              
        8.89954     3.18319e-09              
        8.90015               0              
        8.90076               0              
        8.90137     3.18319e-09              
        8.90198               0              
        8.90259               0              
         8.9032     3.18319e-09              
        8.90381               0              
        8.90442               0              
        8.90503     3.18319e-09              
        8.90564               0              
        8.90625               0              
        8.90686     3.18319e-09              
        8.90747     3.18319e-09              
        8.90808               0              
        8.90869     3.18319e-09              
         8.9093     3.18319e-09              
        8.90991               0              
        8.91052               0              
        8.91113     3.18319e-09              
        8.91174     3.18319e-09              
        8.91235               0              
        8.91296               0              
        8.91357               0              
        8.91418               0              
        8.91479               0              
        8.91541     3.18319e-09              
        8.91602               0              
        8.91663     3.18319e-09              
        8.91724               0              
        8.91785               0              
        8.91846               0              
        8.91907               0              
        8.91968               0              
        8.92029               0              
         8.9209               0              
        8.92151     3.18319e-09              
        8.92212               0              
        8.92273               0              
        8.92334     6.36639e-09              
        8.92395     3.18319e-09              
        8.92456               0              
        8.92517               0              
        8.92578               0              
        8.92639               0              
          8.927               0              
        8.92761               0              
        8.92822     3.18319e-09              
        8.92883               0              
        8.92944               0              
        8.93005               0              
        8.93066     3.18319e-09              
        8.93127               0              
        8.93188               0              
         8.9325     3.18319e-09              
        8.93311     3.18319e-09              
        8.93372               0              
        8.93433     9.54958e-09              
        8.93494               0              
        8.93555               0              
        8.93616               0              
        8.93677               0              
        8.93738               0              
        8.93799               0              
         8.9386     3.18319e-09              
        8.93921     3.18319e-09              
        8.93982               0              
        8.94043               0              
        8.94104     3.18319e-09              
        8.94165     3.18319e-09              
        8.94226               0              
        8.94287     3.18319e-09              
        8.94348     3.18319e-09              
        8.94409               0              
         8.9447               0              
        8.94531               0              
        8.94592               0              
        8.94653     3.18319e-09              
        8.94714               0              
        8.94775               0              
        8.94836               0              
        8.94897               0              
        8.94958               0              
         8.9502               0              
        8.95081     3.18319e-09              
        8.95142               0              
        8.95203     3.18319e-09              
        8.95264     3.18319e-09              
        8.95325     3.18319e-09              
        8.95386               0              
        8.95447     3.18319e-09              
        8.95508               0              
        8.95569               0              
         8.9563               0              
        8.95691               0              
        8.95752               0              
        8.95813     6.36639e-09              
        8.95874               0              
        8.95935     3.18319e-09              
        8.95996               0              
        8.96057               0              
        8.96118     3.18319e-09              
        8.96179     3.18319e-09              
         8.9624               0              
        8.96301               0              
        8.96362               0              
        8.96423               0              
        8.96484     3.18319e-09              
        8.96545               0              
        8.96606               0              
        8.96667               0              
        8.96729               0              
         8.9679     6.36639e-09              
        8.96851               0              
        8.96912               0              
        8.96973               0              
        8.97034               0              
        8.97095               0              
        8.97156               0              
        8.97217               0              
        8.97278     3.18319e-09              
        8.97339               0              
          8.974               0              
        8.97461               0              
        8.97522               0              
        8.97583     6.36639e-09              
        8.97644     3.18319e-09              
        8.97705               0              
        8.97766     9.54958e-09              
        8.97827     6.36639e-09              
        8.97888               0              
        8.97949     3.18319e-09              
         8.9801               0              
        8.98071               0              
        8.98132               0              
        8.98193               0              
        8.98254               0              
        8.98315               0              
        8.98376     3.18319e-09              
        8.98438     3.18319e-09              
        8.98499               0              
         8.9856     3.18319e-09              
        8.98621     3.18319e-09              
        8.98682     3.18319e-09              
        8.98743               0              
        8.98804               0              
        8.98865               0              
        8.98926     3.18319e-09              
        8.98987     3.18319e-09              
        8.99048               0              
        8.99109               0              
         8.9917     3.18319e-09              
        8.99231     3.18319e-09              
        8.99292               0              
        8.99353               0              
        8.99414               0              
        8.99475               0              
        8.99536               0              
        8.99597               0              
        8.99658     6.36639e-09              
        8.99719               0              
