       0.999756     1.27328e-08              
        1.00037     9.54958e-09              
        1.00098     9.54958e-09              
        1.00159      1.5916e-08              
         1.0022     2.54655e-08              
        1.00281     9.54958e-09              
        1.00342     1.90992e-08              
        1.00403     2.86487e-08              
        1.00464     6.36639e-09              
        1.00525     6.36639e-09              
        1.00586     1.90992e-08              
        1.00647     1.90992e-08              
        1.00708               0              
        1.00769     2.22823e-08              
         1.0083     9.54958e-09              
        1.00891     1.27328e-08              
        1.00952     2.54655e-08              
        1.01013     9.54958e-09              
        1.01074      1.5916e-08              
        1.01135     2.22823e-08              
        1.01196     2.22823e-08              
        1.01257     1.27328e-08              
        1.01318     9.54958e-09              
        1.01379     9.54958e-09              
         1.0144     3.18319e-09              
        1.01501      1.5916e-08              
        1.01562     9.54958e-09              
        1.01624     6.36639e-09              
        1.01685               0              
        1.01746      1.5916e-08              
        1.01807     9.54958e-09              
        1.01868      1.5916e-08              
        1.01929     1.27328e-08              
         1.0199     6.36639e-09              
        1.02051     2.22823e-08              
        1.02112     1.27328e-08              
        1.02173      1.5916e-08              
        1.02234     1.90992e-08              
        1.02295     1.90992e-08              
        1.02356      1.5916e-08              
        1.02417               0              
        1.02478     6.36639e-09              
        1.02539      1.5916e-08              
          1.026     3.18319e-09              
        1.02661     1.90992e-08              
        1.02722     2.54655e-08              
        1.02783      1.5916e-08              
        1.02844               0              
        1.02905     9.54958e-09              
        1.02966     3.18319e-09              
        1.03027     9.54958e-09              
        1.03088     6.36639e-09              
        1.03149     3.18319e-09              
         1.0321     1.27328e-08              
        1.03271     9.54958e-09              
        1.03333     2.22823e-08              
        1.03394     6.36639e-09              
        1.03455     3.18319e-09              
        1.03516     9.54958e-09              
        1.03577     1.90992e-08              
        1.03638     2.54655e-08              
        1.03699     1.90992e-08              
         1.0376     9.54958e-09              
        1.03821      1.5916e-08              
        1.03882     6.36639e-09              
        1.03943     2.22823e-08              
        1.04004      1.5916e-08              
        1.04065     6.36639e-09              
        1.04126     9.54958e-09              
        1.04187     1.27328e-08              
        1.04248     1.90992e-08              
        1.04309     3.18319e-09              
         1.0437     1.27328e-08              
        1.04431     2.22823e-08              
        1.04492     9.54958e-09              
        1.04553     1.90992e-08              
        1.04614     1.27328e-08              
        1.04675     9.54958e-09              
        1.04736     9.54958e-09              
        1.04797     1.90992e-08              
        1.04858     6.36639e-09              
        1.04919     6.36639e-09              
         1.0498     6.36639e-09              
        1.05042     9.54958e-09              
        1.05103     1.90992e-08              
        1.05164      1.5916e-08              
        1.05225     6.36639e-09              
        1.05286     1.27328e-08              
        1.05347     9.54958e-09              
        1.05408     9.54958e-09              
        1.05469     1.90992e-08              
         1.0553     9.54958e-09              
        1.05591     9.54958e-09              
        1.05652     1.90992e-08              
        1.05713     1.27328e-08              
        1.05774     2.86487e-08              
        1.05835     1.27328e-08              
        1.05896     1.27328e-08              
        1.05957     1.27328e-08              
        1.06018      1.5916e-08              
        1.06079     1.27328e-08              
         1.0614     1.27328e-08              
        1.06201     6.36639e-09              
        1.06262     1.27328e-08              
        1.06323     6.36639e-09              
        1.06384     2.22823e-08              
        1.06445     2.22823e-08              
        1.06506     1.27328e-08              
        1.06567     2.22823e-08              
        1.06628     1.27328e-08              
        1.06689     6.36639e-09              
         1.0675     9.54958e-09              
        1.06812     6.36639e-09              
        1.06873     6.36639e-09              
        1.06934     1.90992e-08              
        1.06995     1.27328e-08              
        1.07056     9.54958e-09              
        1.07117     1.90992e-08              
        1.07178      1.5916e-08              
        1.07239     3.18319e-09              
          1.073               0              
        1.07361     1.90992e-08              
        1.07422     3.18319e-09              
        1.07483     1.27328e-08              
        1.07544      1.5916e-08              
        1.07605      1.5916e-08              
        1.07666     9.54958e-09              
        1.07727     2.54655e-08              
        1.07788     9.54958e-09              
        1.07849     1.90992e-08              
         1.0791     6.36639e-09              
        1.07971     1.90992e-08              
        1.08032      1.5916e-08              
        1.08093     1.27328e-08              
        1.08154     1.27328e-08              
        1.08215     1.27328e-08              
        1.08276     6.36639e-09              
        1.08337     6.36639e-09              
        1.08398     2.86487e-08              
        1.08459      1.5916e-08              
        1.08521     9.54958e-09              
        1.08582     9.54958e-09              
        1.08643     6.36639e-09              
        1.08704     2.22823e-08              
        1.08765     6.36639e-09              
        1.08826      1.5916e-08              
        1.08887     6.36639e-09              
        1.08948     9.54958e-09              
        1.09009     1.90992e-08              
         1.0907     9.54958e-09              
        1.09131     1.27328e-08              
        1.09192     1.90992e-08              
        1.09253      1.5916e-08              
        1.09314      1.5916e-08              
        1.09375     9.54958e-09              
        1.09436      1.5916e-08              
        1.09497     9.54958e-09              
        1.09558     1.27328e-08              
        1.09619     3.18319e-09              
         1.0968     1.27328e-08              
        1.09741     9.54958e-09              
        1.09802     1.27328e-08              
        1.09863     3.18319e-09              
        1.09924     2.22823e-08              
        1.09985     1.27328e-08              
        1.10046     1.27328e-08              
        1.10107     6.36639e-09              
        1.10168     9.54958e-09              
        1.10229      1.5916e-08              
        1.10291     3.18319e-09              
        1.10352               0              
        1.10413     6.36639e-09              
        1.10474     9.54958e-09              
        1.10535     9.54958e-09              
        1.10596     3.18319e-09              
        1.10657     9.54958e-09              
        1.10718     6.36639e-09              
        1.10779     9.54958e-09              
         1.1084               0              
        1.10901     1.27328e-08              
        1.10962     1.27328e-08              
        1.11023     9.54958e-09              
        1.11084     9.54958e-09              
        1.11145     1.90992e-08              
        1.11206      1.5916e-08              
        1.11267     9.54958e-09              
        1.11328      1.5916e-08              
        1.11389     1.27328e-08              
         1.1145     1.27328e-08              
        1.11511     1.27328e-08              
        1.11572     9.54958e-09              
        1.11633     6.36639e-09              
        1.11694     6.36639e-09              
        1.11755     1.27328e-08              
        1.11816     1.27328e-08              
        1.11877     6.36639e-09              
        1.11938     1.90992e-08              
           1.12     1.27328e-08              
        1.12061     6.36639e-09              
        1.12122     6.36639e-09              
        1.12183     1.90992e-08              
        1.12244     6.36639e-09              
        1.12305     9.54958e-09              
        1.12366     9.54958e-09              
        1.12427      1.5916e-08              
        1.12488     9.54958e-09              
        1.12549     1.27328e-08              
         1.1261     6.36639e-09              
        1.12671      1.5916e-08              
        1.12732     6.36639e-09              
        1.12793     6.36639e-09              
        1.12854     1.27328e-08              
        1.12915     9.54958e-09              
        1.12976     9.54958e-09              
        1.13037      1.5916e-08              
        1.13098     6.36639e-09              
        1.13159      1.5916e-08              
         1.1322     9.54958e-09              
        1.13281     9.54958e-09              
        1.13342      1.5916e-08              
        1.13403     1.27328e-08              
        1.13464     6.36639e-09              
        1.13525     3.18319e-09              
        1.13586     1.27328e-08              
        1.13647      1.5916e-08              
        1.13708     1.27328e-08              
         1.1377     1.27328e-08              
        1.13831     6.36639e-09              
        1.13892     6.36639e-09              
        1.13953      1.5916e-08              
        1.14014      1.5916e-08              
        1.14075     6.36639e-09              
        1.14136      1.5916e-08              
        1.14197     6.36639e-09              
        1.14258     1.90992e-08              
        1.14319     9.54958e-09              
         1.1438               0              
        1.14441     9.54958e-09              
        1.14502     1.27328e-08              
        1.14563     6.36639e-09              
        1.14624     1.27328e-08              
        1.14685     1.90992e-08              
        1.14746     9.54958e-09              
        1.14807     3.18319e-09              
        1.14868      1.5916e-08              
        1.14929     9.54958e-09              
         1.1499     3.18319e-09              
        1.15051     9.54958e-09              
        1.15112     9.54958e-09              
        1.15173     1.27328e-08              
        1.15234     9.54958e-09              
        1.15295               0              
        1.15356     3.18319e-09              
        1.15417     1.90992e-08              
        1.15479      1.5916e-08              
         1.1554      1.5916e-08              
        1.15601     1.27328e-08              
        1.15662     6.36639e-09              
        1.15723     3.18319e-09              
        1.15784      1.5916e-08              
        1.15845      1.5916e-08              
        1.15906      1.5916e-08              
        1.15967     1.90992e-08              
        1.16028     1.27328e-08              
        1.16089     1.90992e-08              
         1.1615     2.22823e-08              
        1.16211      1.5916e-08              
        1.16272     6.36639e-09              
        1.16333     1.27328e-08              
        1.16394     6.36639e-09              
        1.16455      1.5916e-08              
        1.16516      1.5916e-08              
        1.16577               0              
        1.16638     6.36639e-09              
        1.16699     1.90992e-08              
         1.1676     9.54958e-09              
        1.16821     9.54958e-09              
        1.16882     1.27328e-08              
        1.16943     1.27328e-08              
        1.17004      1.5916e-08              
        1.17065      1.5916e-08              
        1.17126     3.18319e-09              
        1.17188     9.54958e-09              
        1.17249     1.27328e-08              
         1.1731     1.27328e-08              
        1.17371     9.54958e-09              
        1.17432     3.18319e-09              
        1.17493     1.90992e-08              
        1.17554     2.54655e-08              
        1.17615     9.54958e-09              
        1.17676     6.36639e-09              
        1.17737     2.54655e-08              
        1.17798     6.36639e-09              
        1.17859     3.18319e-09              
         1.1792      1.5916e-08              
        1.17981     3.18319e-09              
        1.18042     3.18319e-09              
        1.18103     1.27328e-08              
        1.18164     6.36639e-09              
        1.18225               0              
        1.18286     6.36639e-09              
        1.18347     1.90992e-08              
        1.18408     3.18319e-09              
        1.18469     6.36639e-09              
         1.1853     1.90992e-08              
        1.18591      1.5916e-08              
        1.18652     6.36639e-09              
        1.18713     9.54958e-09              
        1.18774     9.54958e-09              
        1.18835     3.18319e-09              
        1.18896     1.27328e-08              
        1.18958     1.90992e-08              
        1.19019     1.27328e-08              
         1.1908     6.36639e-09              
        1.19141     9.54958e-09              
        1.19202     6.36639e-09              
        1.19263     9.54958e-09              
        1.19324     6.36639e-09              
        1.19385     3.18319e-09              
        1.19446     3.18319e-09              
        1.19507     6.36639e-09              
        1.19568     9.54958e-09              
        1.19629     6.36639e-09              
         1.1969     9.54958e-09              
        1.19751     9.54958e-09              
        1.19812     9.54958e-09              
        1.19873     9.54958e-09              
        1.19934     1.90992e-08              
        1.19995     6.36639e-09              
        1.20056     6.36639e-09              
        1.20117     6.36639e-09              
        1.20178     9.54958e-09              
        1.20239     9.54958e-09              
          1.203     6.36639e-09              
        1.20361      1.5916e-08              
        1.20422               0              
        1.20483               0              
        1.20544     1.27328e-08              
        1.20605     9.54958e-09              
        1.20667     9.54958e-09              
        1.20728     9.54958e-09              
        1.20789     9.54958e-09              
         1.2085      1.5916e-08              
        1.20911     1.27328e-08              
        1.20972      1.5916e-08              
        1.21033     1.27328e-08              
        1.21094     6.36639e-09              
        1.21155      1.5916e-08              
        1.21216      1.5916e-08              
        1.21277     6.36639e-09              
        1.21338     3.18319e-09              
        1.21399               0              
         1.2146     9.54958e-09              
        1.21521     1.27328e-08              
        1.21582     1.27328e-08              
        1.21643      1.5916e-08              
        1.21704     9.54958e-09              
        1.21765     9.54958e-09              
        1.21826     6.36639e-09              
        1.21887      1.5916e-08              
        1.21948     1.27328e-08              
        1.22009     1.27328e-08              
         1.2207     3.18319e-09              
        1.22131     6.36639e-09              
        1.22192     6.36639e-09              
        1.22253      1.5916e-08              
        1.22314     6.36639e-09              
        1.22375     2.86487e-08              
        1.22437     9.54958e-09              
        1.22498      1.5916e-08              
        1.22559      1.5916e-08              
         1.2262     9.54958e-09              
        1.22681     3.18319e-09              
        1.22742     1.27328e-08              
        1.22803     6.36639e-09              
        1.22864     6.36639e-09              
        1.22925     6.36639e-09              
        1.22986     9.54958e-09              
        1.23047     6.36639e-09              
        1.23108     6.36639e-09              
        1.23169      1.5916e-08              
         1.2323     6.36639e-09              
        1.23291     3.18319e-09              
        1.23352     6.36639e-09              
        1.23413     9.54958e-09              
        1.23474     1.90992e-08              
        1.23535     1.27328e-08              
        1.23596     1.27328e-08              
        1.23657               0              
        1.23718     9.54958e-09              
        1.23779     3.18319e-09              
         1.2384     9.54958e-09              
        1.23901     3.18319e-09              
        1.23962     6.36639e-09              
        1.24023     2.22823e-08              
        1.24084     9.54958e-09              
        1.24146     1.27328e-08              
        1.24207      1.5916e-08              
        1.24268     9.54958e-09              
        1.24329     6.36639e-09              
         1.2439     6.36639e-09              
        1.24451     3.18319e-09              
        1.24512     1.90992e-08              
        1.24573     1.27328e-08              
        1.24634      1.5916e-08              
        1.24695     6.36639e-09              
        1.24756     3.18319e-09              
        1.24817     9.54958e-09              
        1.24878     1.27328e-08              
        1.24939     3.18319e-09              
           1.25               0              
        1.25061     9.54958e-09              
        1.25122     9.54958e-09              
        1.25183     1.27328e-08              
        1.25244     1.90992e-08              
        1.25305     1.27328e-08              
        1.25366     3.18319e-09              
        1.25427     9.54958e-09              
        1.25488     3.18319e-09              
        1.25549     6.36639e-09              
         1.2561     1.27328e-08              
        1.25671     6.36639e-09              
        1.25732      1.5916e-08              
        1.25793     9.54958e-09              
        1.25854     6.36639e-09              
        1.25916     1.27328e-08              
        1.25977     1.27328e-08              
        1.26038     1.27328e-08              
        1.26099     9.54958e-09              
         1.2616     6.36639e-09              
        1.26221     1.27328e-08              
        1.26282     1.27328e-08              
        1.26343               0              
        1.26404     2.22823e-08              
        1.26465     3.18319e-09              
        1.26526     3.18319e-09              
        1.26587     6.36639e-09              
        1.26648     9.54958e-09              
        1.26709     6.36639e-09              
         1.2677     1.27328e-08              
        1.26831     3.18319e-09              
        1.26892      1.5916e-08              
        1.26953     1.27328e-08              
        1.27014     3.18319e-09              
        1.27075     6.36639e-09              
        1.27136     1.27328e-08              
        1.27197     1.27328e-08              
        1.27258     9.54958e-09              
        1.27319     6.36639e-09              
         1.2738      1.5916e-08              
        1.27441     9.54958e-09              
        1.27502     1.27328e-08              
        1.27563     1.27328e-08              
        1.27625     9.54958e-09              
        1.27686     6.36639e-09              
        1.27747     1.27328e-08              
        1.27808     1.90992e-08              
        1.27869     6.36639e-09              
         1.2793     9.54958e-09              
        1.27991     6.36639e-09              
        1.28052     1.27328e-08              
        1.28113     3.18319e-09              
        1.28174      1.5916e-08              
        1.28235     9.54958e-09              
        1.28296     1.90992e-08              
        1.28357     9.54958e-09              
        1.28418     9.54958e-09              
        1.28479     6.36639e-09              
         1.2854     9.54958e-09              
        1.28601     3.18319e-09              
        1.28662     9.54958e-09              
        1.28723               0              
        1.28784     9.54958e-09              
        1.28845     9.54958e-09              
        1.28906      1.5916e-08              
        1.28967     3.18319e-09              
        1.29028      1.5916e-08              
        1.29089     1.90992e-08              
         1.2915     9.54958e-09              
        1.29211     6.36639e-09              
        1.29272      1.5916e-08              
        1.29333     1.27328e-08              
        1.29395     6.36639e-09              
        1.29456     1.27328e-08              
        1.29517     6.36639e-09              
        1.29578     6.36639e-09              
        1.29639     9.54958e-09              
          1.297     9.54958e-09              
        1.29761               0              
        1.29822      1.5916e-08              
        1.29883     9.54958e-09              
        1.29944     2.86487e-08              
        1.30005     6.36639e-09              
        1.30066     9.54958e-09              
        1.30127     9.54958e-09              
        1.30188     1.27328e-08              
        1.30249     9.54958e-09              
         1.3031     3.18319e-09              
        1.30371     1.27328e-08              
        1.30432     9.54958e-09              
        1.30493     3.18319e-09              
        1.30554     6.36639e-09              
        1.30615     1.27328e-08              
        1.30676     1.27328e-08              
        1.30737     1.27328e-08              
        1.30798     9.54958e-09              
        1.30859     3.18319e-09              
         1.3092     9.54958e-09              
        1.30981     1.27328e-08              
        1.31042     6.36639e-09              
        1.31104     9.54958e-09              
        1.31165     3.18319e-09              
        1.31226     3.18319e-09              
        1.31287     1.27328e-08              
        1.31348     1.27328e-08              
        1.31409     6.36639e-09              
         1.3147     1.27328e-08              
        1.31531     9.54958e-09              
        1.31592     1.90992e-08              
        1.31653     3.18319e-09              
        1.31714     9.54958e-09              
        1.31775     6.36639e-09              
        1.31836      1.5916e-08              
        1.31897     9.54958e-09              
        1.31958     9.54958e-09              
        1.32019     1.27328e-08              
         1.3208     6.36639e-09              
        1.32141     3.18319e-09              
        1.32202     6.36639e-09              
        1.32263      1.5916e-08              
        1.32324      1.5916e-08              
        1.32385     6.36639e-09              
        1.32446     6.36639e-09              
        1.32507     6.36639e-09              
        1.32568     2.86487e-08              
        1.32629     3.18319e-09              
         1.3269     3.18319e-09              
        1.32751     1.90992e-08              
        1.32812     9.54958e-09              
        1.32874     3.18319e-09              
        1.32935      1.5916e-08              
        1.32996     9.54958e-09              
        1.33057     9.54958e-09              
        1.33118     3.18319e-09              
        1.33179     3.18319e-09              
         1.3324     3.18319e-09              
        1.33301     6.36639e-09              
        1.33362     6.36639e-09              
        1.33423     1.27328e-08              
        1.33484     1.27328e-08              
        1.33545     6.36639e-09              
        1.33606     9.54958e-09              
        1.33667     1.27328e-08              
        1.33728     9.54958e-09              
        1.33789     9.54958e-09              
         1.3385     6.36639e-09              
        1.33911      1.5916e-08              
        1.33972     1.27328e-08              
        1.34033      1.5916e-08              
        1.34094     1.90992e-08              
        1.34155     9.54958e-09              
        1.34216     3.18319e-09              
        1.34277     9.54958e-09              
        1.34338     9.54958e-09              
        1.34399     6.36639e-09              
         1.3446               0              
        1.34521     1.90992e-08              
        1.34583     9.54958e-09              
        1.34644     6.36639e-09              
        1.34705     9.54958e-09              
        1.34766     1.27328e-08              
        1.34827     3.18319e-09              
        1.34888     1.27328e-08              
        1.34949     3.18319e-09              
         1.3501     2.86487e-08              
        1.35071     1.27328e-08              
        1.35132     6.36639e-09              
        1.35193     3.18319e-09              
        1.35254     1.27328e-08              
        1.35315     6.36639e-09              
        1.35376     1.90992e-08              
        1.35437      1.5916e-08              
        1.35498     2.54655e-08              
        1.35559               0              
         1.3562     6.36639e-09              
        1.35681     9.54958e-09              
        1.35742     9.54958e-09              
        1.35803     6.36639e-09              
        1.35864     1.27328e-08              
        1.35925               0              
        1.35986     1.27328e-08              
        1.36047     1.27328e-08              
        1.36108               0              
        1.36169     3.18319e-09              
         1.3623     6.36639e-09              
        1.36292     6.36639e-09              
        1.36353     3.18319e-09              
        1.36414     6.36639e-09              
        1.36475               0              
        1.36536               0              
        1.36597     9.54958e-09              
        1.36658     6.36639e-09              
        1.36719     1.90992e-08              
         1.3678      1.5916e-08              
        1.36841      1.5916e-08              
        1.36902     9.54958e-09              
        1.36963     1.27328e-08              
        1.37024      1.5916e-08              
        1.37085     1.90992e-08              
        1.37146     9.54958e-09              
        1.37207     3.18319e-09              
        1.37268     3.18319e-09              
        1.37329     6.36639e-09              
         1.3739     9.54958e-09              
        1.37451     9.54958e-09              
        1.37512               0              
        1.37573     9.54958e-09              
        1.37634     9.54958e-09              
        1.37695      1.5916e-08              
        1.37756     3.18319e-09              
        1.37817      1.5916e-08              
        1.37878     1.90992e-08              
        1.37939     3.18319e-09              
           1.38     1.27328e-08              
        1.38062     9.54958e-09              
        1.38123      1.5916e-08              
        1.38184     9.54958e-09              
        1.38245     9.54958e-09              
        1.38306     1.27328e-08              
        1.38367      1.5916e-08              
        1.38428               0              
        1.38489     9.54958e-09              
         1.3855     3.18319e-09              
        1.38611     1.27328e-08              
        1.38672     9.54958e-09              
        1.38733     6.36639e-09              
        1.38794     3.18319e-09              
        1.38855     9.54958e-09              
        1.38916     3.18319e-09              
        1.38977     6.36639e-09              
        1.39038     9.54958e-09              
        1.39099     3.18319e-09              
         1.3916     2.54655e-08              
        1.39221     3.18319e-09              
        1.39282     9.54958e-09              
        1.39343     9.54958e-09              
        1.39404     6.36639e-09              
        1.39465     3.18319e-09              
        1.39526               0              
        1.39587     1.27328e-08              
        1.39648     2.22823e-08              
        1.39709               0              
        1.39771     1.27328e-08              
        1.39832     1.90992e-08              
        1.39893     6.36639e-09              
        1.39954     9.54958e-09              
        1.40015     1.27328e-08              
        1.40076     9.54958e-09              
        1.40137     3.18319e-09              
        1.40198               0              
        1.40259     1.27328e-08              
         1.4032     1.90992e-08              
        1.40381     3.18319e-09              
        1.40442     6.36639e-09              
        1.40503     3.18319e-09              
        1.40564     3.18319e-09              
        1.40625      1.5916e-08              
        1.40686     6.36639e-09              
        1.40747     3.18319e-09              
        1.40808     3.18319e-09              
        1.40869     3.18319e-09              
         1.4093     6.36639e-09              
        1.40991     1.27328e-08              
        1.41052     6.36639e-09              
        1.41113     3.18319e-09              
        1.41174     9.54958e-09              
        1.41235     9.54958e-09              
        1.41296     6.36639e-09              
        1.41357     9.54958e-09              
        1.41418     6.36639e-09              
        1.41479     6.36639e-09              
        1.41541               0              
        1.41602     1.90992e-08              
        1.41663     3.18319e-09              
        1.41724     3.18319e-09              
        1.41785     6.36639e-09              
        1.41846     9.54958e-09              
        1.41907     9.54958e-09              
        1.41968     9.54958e-09              
        1.42029     3.18319e-09              
         1.4209     6.36639e-09              
        1.42151     6.36639e-09              
        1.42212      1.5916e-08              
        1.42273     9.54958e-09              
        1.42334     6.36639e-09              
        1.42395      1.5916e-08              
        1.42456     3.18319e-09              
        1.42517               0              
        1.42578     9.54958e-09              
        1.42639      1.5916e-08              
          1.427               0              
        1.42761     3.18319e-09              
        1.42822     9.54958e-09              
        1.42883               0              
        1.42944     9.54958e-09              
        1.43005     1.27328e-08              
        1.43066     6.36639e-09              
        1.43127     9.54958e-09              
        1.43188     9.54958e-09              
         1.4325     9.54958e-09              
        1.43311     6.36639e-09              
        1.43372     6.36639e-09              
        1.43433     1.90992e-08              
        1.43494     1.27328e-08              
        1.43555     6.36639e-09              
        1.43616     3.18319e-09              
        1.43677     3.18319e-09              
        1.43738               0              
        1.43799     6.36639e-09              
         1.4386     1.27328e-08              
        1.43921     6.36639e-09              
        1.43982     3.18319e-09              
        1.44043     9.54958e-09              
        1.44104     6.36639e-09              
        1.44165     1.27328e-08              
        1.44226     3.18319e-09              
        1.44287     3.18319e-09              
        1.44348     1.27328e-08              
        1.44409     3.18319e-09              
         1.4447     3.18319e-09              
        1.44531     8.91294e-08              
        1.44592      1.5916e-08              
        1.44653     3.18319e-09              
        1.44714      1.5916e-08              
        1.44775     3.18319e-09              
        1.44836     3.18319e-09              
        1.44897     9.54958e-09              
        1.44958     9.54958e-09              
         1.4502     1.27328e-08              
        1.45081     1.27328e-08              
        1.45142      1.5916e-08              
        1.45203     3.18319e-09              
        1.45264     1.27328e-08              
        1.45325      1.5916e-08              
        1.45386     6.36639e-09              
        1.45447     1.27328e-08              
        1.45508     9.54958e-09              
        1.45569     6.36639e-09              
         1.4563     9.54958e-09              
        1.45691     9.54958e-09              
        1.45752     6.36639e-09              
        1.45813               0              
        1.45874     9.54958e-09              
        1.45935               0              
        1.45996     1.90992e-08              
        1.46057     1.27328e-08              
        1.46118     1.27328e-08              
        1.46179     6.36639e-09              
         1.4624     9.54958e-09              
        1.46301     9.54958e-09              
        1.46362     1.27328e-08              
        1.46423     3.18319e-09              
        1.46484     9.54958e-09              
        1.46545     1.27328e-08              
        1.46606     1.90992e-08              
        1.46667     3.18319e-09              
        1.46729     6.36639e-09              
         1.4679     6.36639e-09              
        1.46851     6.36639e-09              
        1.46912     9.54958e-09              
        1.46973     6.36639e-09              
        1.47034     9.54958e-09              
        1.47095               0              
        1.47156     9.54958e-09              
        1.47217      1.5916e-08              
        1.47278     1.90992e-08              
        1.47339     3.18319e-09              
          1.474      1.5916e-08              
        1.47461     6.36639e-09              
        1.47522     2.54655e-08              
        1.47583     1.27328e-08              
        1.47644     1.90992e-08              
        1.47705     3.18319e-09              
        1.47766     9.54958e-09              
        1.47827     6.36639e-09              
        1.47888     3.18319e-09              
        1.47949     3.18319e-09              
         1.4801     1.27328e-08              
        1.48071     9.54958e-09              
        1.48132     1.27328e-08              
        1.48193               0              
        1.48254     9.54958e-09              
        1.48315     3.18319e-09              
        1.48376     6.36639e-09              
        1.48438      1.5916e-08              
        1.48499     9.54958e-09              
         1.4856     6.36639e-09              
        1.48621     6.36639e-09              
        1.48682     3.18319e-09              
        1.48743     2.54655e-08              
        1.48804     3.18319e-09              
        1.48865     1.27328e-08              
        1.48926     1.27328e-08              
        1.48987      1.5916e-08              
        1.49048     9.54958e-09              
        1.49109      1.5916e-08              
         1.4917      1.5916e-08              
        1.49231     6.36639e-09              
        1.49292     1.27328e-08              
        1.49353     3.18319e-09              
        1.49414     9.54958e-09              
        1.49475               0              
        1.49536     6.36639e-09              
        1.49597     9.54958e-09              
        1.49658      1.5916e-08              
        1.49719     6.36639e-09              
         1.4978               0              
        1.49841               0              
        1.49902     3.18319e-09              
        1.49963     6.36639e-09              
        1.50024      1.5916e-08              
        1.50085     3.18319e-09              
        1.50146      1.5916e-08              
        1.50208     2.86487e-08              
        1.50269               0              
         1.5033     9.54958e-09              
        1.50391     1.27328e-08              
        1.50452     1.90992e-08              
        1.50513               0              
        1.50574     6.36639e-09              
        1.50635               0              
        1.50696     3.18319e-09              
        1.50757     1.27328e-08              
        1.50818               0              
        1.50879     3.18319e-09              
         1.5094     9.54958e-09              
        1.51001     6.36639e-09              
        1.51062     3.18319e-09              
        1.51123               0              
        1.51184     3.18319e-09              
        1.51245     6.36639e-09              
        1.51306     6.36639e-09              
        1.51367     6.36639e-09              
        1.51428     2.86487e-08              
        1.51489     9.54958e-09              
         1.5155     1.27328e-08              
        1.51611     1.27328e-08              
        1.51672     9.54958e-09              
        1.51733     6.36639e-09              
        1.51794     6.36639e-09              
        1.51855     9.54958e-09              
        1.51917     3.18319e-09              
        1.51978      1.5916e-08              
        1.52039     6.36639e-09              
          1.521     9.54958e-09              
        1.52161     9.54958e-09              
        1.52222     9.54958e-09              
        1.52283     1.27328e-08              
        1.52344     6.36639e-09              
        1.52405     1.27328e-08              
        1.52466     6.36639e-09              
        1.52527     9.54958e-09              
        1.52588     6.36639e-09              
        1.52649     6.36639e-09              
         1.5271     6.36639e-09              
        1.52771               0              
        1.52832     3.18319e-09              
        1.52893     6.36639e-09              
        1.52954     9.54958e-09              
        1.53015     9.54958e-09              
        1.53076     6.36639e-09              
        1.53137     6.36639e-09              
        1.53198               0              
        1.53259     3.18319e-09              
         1.5332     6.36639e-09              
        1.53381     6.36639e-09              
        1.53442     6.36639e-09              
        1.53503     6.36639e-09              
        1.53564     3.18319e-09              
        1.53625     3.18319e-09              
        1.53687     6.36639e-09              
        1.53748     3.18319e-09              
        1.53809     3.18319e-09              
         1.5387     3.18319e-09              
        1.53931     1.27328e-08              
        1.53992     1.27328e-08              
        1.54053     6.36639e-09              
        1.54114     1.27328e-08              
        1.54175     9.54958e-09              
        1.54236     9.54958e-09              
        1.54297     9.54958e-09              
        1.54358     6.36639e-09              
        1.54419     3.18319e-09              
         1.5448     3.18319e-09              
        1.54541     9.54958e-09              
        1.54602     3.18319e-09              
        1.54663      1.5916e-08              
        1.54724     9.54958e-09              
        1.54785     3.18319e-09              
        1.54846     1.27328e-08              
        1.54907      1.5916e-08              
        1.54968     6.36639e-09              
        1.55029     9.54958e-09              
         1.5509     6.36639e-09              
        1.55151     1.27328e-08              
        1.55212     6.36639e-09              
        1.55273     6.36639e-09              
        1.55334     9.54958e-09              
        1.55396     3.18319e-09              
        1.55457     1.90992e-08              
        1.55518     1.27328e-08              
        1.55579     6.36639e-09              
         1.5564     6.36639e-09              
        1.55701     3.18319e-09              
        1.55762     9.54958e-09              
        1.55823     3.18319e-09              
        1.55884     3.18319e-09              
        1.55945     3.18319e-09              
        1.56006     6.36639e-09              
        1.56067      1.5916e-08              
        1.56128     1.90992e-08              
        1.56189     3.18319e-09              
         1.5625     1.90992e-08              
        1.56311     3.18319e-09              
        1.56372               0              
        1.56433     6.36639e-09              
        1.56494     6.36639e-09              
        1.56555     9.54958e-09              
        1.56616      1.5916e-08              
        1.56677     3.18319e-09              
        1.56738     9.54958e-09              
        1.56799      1.5916e-08              
         1.5686     3.18319e-09              
        1.56921               0              
        1.56982     1.27328e-08              
        1.57043     6.36639e-09              
        1.57104     9.54958e-09              
        1.57166      1.5916e-08              
        1.57227      1.5916e-08              
        1.57288               0              
        1.57349     1.27328e-08              
         1.5741     3.18319e-09              
        1.57471     3.18319e-09              
        1.57532     3.18319e-09              
        1.57593     6.36639e-09              
        1.57654     9.54958e-09              
        1.57715     9.54958e-09              
        1.57776     3.18319e-09              
        1.57837     9.54958e-09              
        1.57898               0              
        1.57959     6.36639e-09              
         1.5802     6.36639e-09              
        1.58081     6.36639e-09              
        1.58142     6.36639e-09              
        1.58203      1.5916e-08              
        1.58264               0              
        1.58325               0              
        1.58386     6.36639e-09              
        1.58447     9.54958e-09              
        1.58508     3.18319e-09              
        1.58569     9.54958e-09              
         1.5863               0              
        1.58691     1.27328e-08              
        1.58752     3.18319e-09              
        1.58813      1.5916e-08              
        1.58875     9.54958e-09              
        1.58936     3.18319e-09              
        1.58997      1.5916e-08              
        1.59058     3.18319e-09              
        1.59119     6.36639e-09              
         1.5918     9.54958e-09              
        1.59241     2.22823e-08              
        1.59302     6.36639e-09              
        1.59363     9.54958e-09              
        1.59424     1.90992e-08              
        1.59485     3.18319e-09              
        1.59546     9.54958e-09              
        1.59607     3.18319e-09              
        1.59668     3.18319e-09              
        1.59729     9.54958e-09              
         1.5979     6.36639e-09              
        1.59851     3.18319e-09              
        1.59912               0              
        1.59973     3.18319e-09              
        1.60034      1.5916e-08              
        1.60095     6.36639e-09              
        1.60156      1.5916e-08              
        1.60217     3.18319e-09              
        1.60278     6.36639e-09              
        1.60339               0              
          1.604     1.27328e-08              
        1.60461     1.27328e-08              
        1.60522     6.36639e-09              
        1.60583     9.54958e-09              
        1.60645     9.54958e-09              
        1.60706     1.27328e-08              
        1.60767     6.36639e-09              
        1.60828     1.27328e-08              
        1.60889     3.18319e-09              
         1.6095               0              
        1.61011     3.18319e-09              
        1.61072     9.54958e-09              
        1.61133     6.36639e-09              
        1.61194               0              
        1.61255               0              
        1.61316     9.54958e-09              
        1.61377     3.18319e-09              
        1.61438     9.54958e-09              
        1.61499     9.54958e-09              
         1.6156     6.36639e-09              
        1.61621     3.18319e-09              
        1.61682     3.18319e-09              
        1.61743     9.54958e-09              
        1.61804     3.18319e-09              
        1.61865     6.36639e-09              
        1.61926               0              
        1.61987     6.36639e-09              
        1.62048     3.18319e-09              
        1.62109     6.36639e-09              
         1.6217     2.22823e-08              
        1.62231     6.36639e-09              
        1.62292      1.5916e-08              
        1.62354     6.36639e-09              
        1.62415     6.36639e-09              
        1.62476     6.36639e-09              
        1.62537     3.18319e-09              
        1.62598     6.36639e-09              
        1.62659     9.54958e-09              
         1.6272     3.18319e-09              
        1.62781     9.54958e-09              
        1.62842     9.54958e-09              
        1.62903      1.5916e-08              
        1.62964     9.54958e-09              
        1.63025               0              
        1.63086     3.18319e-09              
        1.63147               0              
        1.63208     6.36639e-09              
        1.63269               0              
         1.6333     1.27328e-08              
        1.63391     9.54958e-09              
        1.63452     9.54958e-09              
        1.63513     1.27328e-08              
        1.63574               0              
        1.63635               0              
        1.63696     9.54958e-09              
        1.63757     2.22823e-08              
        1.63818     6.36639e-09              
        1.63879     9.54958e-09              
         1.6394     6.36639e-09              
        1.64001     9.54958e-09              
        1.64062     3.18319e-09              
        1.64124     3.18319e-09              
        1.64185     3.18319e-09              
        1.64246     1.27328e-08              
        1.64307     3.18319e-09              
        1.64368     3.18319e-09              
        1.64429     2.22823e-08              
         1.6449               0              
        1.64551               0              
        1.64612     6.36639e-09              
        1.64673     3.18319e-09              
        1.64734     3.18319e-09              
        1.64795     1.27328e-08              
        1.64856     6.36639e-09              
        1.64917     6.36639e-09              
        1.64978               0              
        1.65039     3.18319e-09              
          1.651     6.36639e-09              
        1.65161     6.36639e-09              
        1.65222     1.27328e-08              
        1.65283     1.27328e-08              
        1.65344     1.27328e-08              
        1.65405     6.36639e-09              
        1.65466               0              
        1.65527     1.27328e-08              
        1.65588     3.18319e-09              
        1.65649     9.54958e-09              
         1.6571     6.36639e-09              
        1.65771     6.36639e-09              
        1.65833     1.27328e-08              
        1.65894     1.27328e-08              
        1.65955     9.54958e-09              
        1.66016     9.54958e-09              
        1.66077     9.54958e-09              
        1.66138     1.90992e-08              
        1.66199     1.27328e-08              
         1.6626               0              
        1.66321     1.27328e-08              
        1.66382     6.36639e-09              
        1.66443     3.18319e-09              
        1.66504     6.36639e-09              
        1.66565     6.36639e-09              
        1.66626     6.36639e-09              
        1.66687     3.18319e-09              
        1.66748     6.36639e-09              
        1.66809     3.18319e-09              
         1.6687     6.36639e-09              
        1.66931     9.54958e-09              
        1.66992     6.36639e-09              
        1.67053      1.5916e-08              
        1.67114     6.36639e-09              
        1.67175     3.18319e-09              
        1.67236     9.54958e-09              
        1.67297      1.5916e-08              
        1.67358     1.90992e-08              
        1.67419     6.36639e-09              
         1.6748     3.18319e-09              
        1.67542     9.54958e-09              
        1.67603     9.54958e-09              
        1.67664     6.36639e-09              
        1.67725     6.36639e-09              
        1.67786     6.36639e-09              
        1.67847     9.54958e-09              
        1.67908     6.36639e-09              
        1.67969     1.90992e-08              
         1.6803               0              
        1.68091     1.27328e-08              
        1.68152     3.18319e-09              
        1.68213     6.36639e-09              
        1.68274     1.27328e-08              
        1.68335     3.18319e-09              
        1.68396               0              
        1.68457     9.54958e-09              
        1.68518               0              
        1.68579     6.36639e-09              
         1.6864     3.18319e-09              
        1.68701     1.27328e-08              
        1.68762     9.54958e-09              
        1.68823     3.18319e-09              
        1.68884     6.36639e-09              
        1.68945     3.18319e-09              
        1.69006               0              
        1.69067     9.54958e-09              
        1.69128      1.5916e-08              
        1.69189     6.36639e-09              
         1.6925     3.18319e-09              
        1.69312     6.36639e-09              
        1.69373     2.22823e-08              
        1.69434     1.27328e-08              
        1.69495     9.54958e-09              
        1.69556     1.90992e-08              
        1.69617     9.54958e-09              
        1.69678               0              
        1.69739     1.27328e-08              
          1.698     3.18319e-09              
        1.69861     9.54958e-09              
        1.69922     6.36639e-09              
        1.69983     6.36639e-09              
        1.70044     1.27328e-08              
        1.70105               0              
        1.70166      1.5916e-08              
        1.70227     1.27328e-08              
        1.70288     9.54958e-09              
        1.70349     1.27328e-08              
         1.7041     3.18319e-09              
        1.70471     1.27328e-08              
        1.70532     3.18319e-09              
        1.70593     3.18319e-09              
        1.70654     3.18319e-09              
        1.70715     3.18319e-09              
        1.70776     9.54958e-09              
        1.70837     6.36639e-09              
        1.70898               0              
        1.70959               0              
        1.71021     1.27328e-08              
        1.71082     3.18319e-09              
        1.71143     6.36639e-09              
        1.71204     3.18319e-09              
        1.71265     9.54958e-09              
        1.71326     6.36639e-09              
        1.71387     1.27328e-08              
        1.71448     9.54958e-09              
        1.71509     9.54958e-09              
         1.7157               0              
        1.71631     3.18319e-09              
        1.71692     9.54958e-09              
        1.71753     9.54958e-09              
        1.71814               0              
        1.71875     9.54958e-09              
        1.71936               0              
        1.71997     3.18319e-09              
        1.72058     9.54958e-09              
        1.72119     6.36639e-09              
         1.7218     9.54958e-09              
        1.72241     1.27328e-08              
        1.72302     9.54958e-09              
        1.72363     9.54958e-09              
        1.72424     3.18319e-09              
        1.72485               0              
        1.72546     3.18319e-09              
        1.72607     6.36639e-09              
        1.72668     3.18319e-09              
        1.72729               0              
        1.72791     6.36639e-09              
        1.72852     3.18319e-09              
        1.72913     9.54958e-09              
        1.72974     6.36639e-09              
        1.73035     3.18319e-09              
        1.73096     1.27328e-08              
        1.73157     6.36639e-09              
        1.73218     9.54958e-09              
        1.73279     9.54958e-09              
         1.7334     6.36639e-09              
        1.73401     6.36639e-09              
        1.73462               0              
        1.73523     3.18319e-09              
        1.73584     9.54958e-09              
        1.73645     3.18319e-09              
        1.73706               0              
        1.73767     3.18319e-09              
        1.73828     3.18319e-09              
        1.73889     1.27328e-08              
         1.7395     9.54958e-09              
        1.74011     3.18319e-09              
        1.74072     1.27328e-08              
        1.74133     9.54958e-09              
        1.74194     6.36639e-09              
        1.74255     1.90992e-08              
        1.74316     9.54958e-09              
        1.74377     9.54958e-09              
        1.74438     6.36639e-09              
          1.745     6.36639e-09              
        1.74561               0              
        1.74622     3.18319e-09              
        1.74683     9.54958e-09              
        1.74744     2.22823e-08              
        1.74805     3.18319e-09              
        1.74866     9.54958e-09              
        1.74927     9.54958e-09              
        1.74988     3.18319e-09              
        1.75049     9.54958e-09              
         1.7511     6.36639e-09              
        1.75171     9.54958e-09              
        1.75232     9.54958e-09              
        1.75293     9.54958e-09              
        1.75354     3.18319e-09              
        1.75415     9.54958e-09              
        1.75476               0              
        1.75537     9.54958e-09              
        1.75598     9.54958e-09              
        1.75659     6.36639e-09              
         1.7572      1.5916e-08              
        1.75781     1.27328e-08              
        1.75842     9.54958e-09              
        1.75903     6.36639e-09              
        1.75964      1.5916e-08              
        1.76025     9.54958e-09              
        1.76086     1.27328e-08              
        1.76147     9.54958e-09              
        1.76208     3.18319e-09              
         1.7627     9.54958e-09              
        1.76331     3.18319e-09              
        1.76392     6.36639e-09              
        1.76453     3.18319e-09              
        1.76514               0              
        1.76575     6.36639e-09              
        1.76636     3.18319e-09              
        1.76697     3.18319e-09              
        1.76758     3.18319e-09              
        1.76819               0              
         1.7688     6.36639e-09              
        1.76941               0              
        1.77002     1.27328e-08              
        1.77063     3.18319e-09              
        1.77124     9.54958e-09              
        1.77185     9.54958e-09              
        1.77246     3.18319e-09              
        1.77307     3.18319e-09              
        1.77368     3.18319e-09              
        1.77429      1.5916e-08              
         1.7749     1.27328e-08              
        1.77551     1.27328e-08              
        1.77612      1.5916e-08              
        1.77673     6.36639e-09              
        1.77734     1.27328e-08              
        1.77795     3.18319e-09              
        1.77856      1.5916e-08              
        1.77917      1.5916e-08              
        1.77979     6.36639e-09              
         1.7804     9.54958e-09              
        1.78101               0              
        1.78162     3.18319e-09              
        1.78223     3.18319e-09              
        1.78284     6.36639e-09              
        1.78345     9.54958e-09              
        1.78406     6.36639e-09              
        1.78467     6.36639e-09              
        1.78528     2.22823e-08              
        1.78589      1.5916e-08              
         1.7865     6.36639e-09              
        1.78711               0              
        1.78772     9.54958e-09              
        1.78833               0              
        1.78894     3.18319e-09              
        1.78955     9.54958e-09              
        1.79016     6.36639e-09              
        1.79077     6.36639e-09              
        1.79138     3.18319e-09              
        1.79199     1.27328e-08              
         1.7926     3.18319e-09              
        1.79321     6.36639e-09              
        1.79382     9.54958e-09              
        1.79443     3.18319e-09              
        1.79504     9.54958e-09              
        1.79565     3.18319e-09              
        1.79626     3.18319e-09              
        1.79688      1.5916e-08              
        1.79749     6.36639e-09              
         1.7981     6.36639e-09              
        1.79871     6.36639e-09              
        1.79932     1.27328e-08              
        1.79993     9.54958e-09              
        1.80054     6.36639e-09              
        1.80115     6.36639e-09              
        1.80176     3.18319e-09              
        1.80237     9.54958e-09              
        1.80298     3.18319e-09              
        1.80359     6.36639e-09              
         1.8042     3.18319e-09              
        1.80481               0              
        1.80542     6.36639e-09              
        1.80603     1.27328e-08              
        1.80664     1.27328e-08              
        1.80725               0              
        1.80786      1.5916e-08              
        1.80847      1.5916e-08              
        1.80908     6.36639e-09              
        1.80969     9.54958e-09              
         1.8103     6.36639e-09              
        1.81091     6.36639e-09              
        1.81152     1.27328e-08              
        1.81213     3.18319e-09              
        1.81274     3.18319e-09              
        1.81335     3.18319e-09              
        1.81396     9.54958e-09              
        1.81458               0              
        1.81519     6.36639e-09              
         1.8158     3.18319e-09              
        1.81641     9.54958e-09              
        1.81702     3.18319e-09              
        1.81763               0              
        1.81824     1.27328e-08              
        1.81885     6.36639e-09              
        1.81946     3.18319e-09              
        1.82007               0              
        1.82068     9.54958e-09              
        1.82129               0              
         1.8219               0              
        1.82251     6.36639e-09              
        1.82312               0              
        1.82373     3.18319e-09              
        1.82434     9.54958e-09              
        1.82495     3.18319e-09              
        1.82556     6.36639e-09              
        1.82617     3.18319e-09              
        1.82678     9.54958e-09              
        1.82739     3.18319e-09              
          1.828     6.36639e-09              
        1.82861     6.36639e-09              
        1.82922               0              
        1.82983     6.36639e-09              
        1.83044     6.36639e-09              
        1.83105     1.27328e-08              
        1.83167     3.18319e-09              
        1.83228     3.18319e-09              
        1.83289     6.36639e-09              
         1.8335     6.36639e-09              
        1.83411     6.36639e-09              
        1.83472     9.54958e-09              
        1.83533     6.36639e-09              
        1.83594     6.36639e-09              
        1.83655     9.54958e-09              
        1.83716     6.36639e-09              
        1.83777               0              
        1.83838      1.5916e-08              
        1.83899     9.54958e-09              
         1.8396     6.36639e-09              
        1.84021     6.36639e-09              
        1.84082     3.18319e-09              
        1.84143     3.18319e-09              
        1.84204      1.5916e-08              
        1.84265     3.18319e-09              
        1.84326     6.36639e-09              
        1.84387     3.18319e-09              
        1.84448     3.18319e-09              
        1.84509     3.18319e-09              
         1.8457     6.36639e-09              
        1.84631     9.54958e-09              
        1.84692     6.36639e-09              
        1.84753     6.36639e-09              
        1.84814     3.18319e-09              
        1.84875      1.5916e-08              
        1.84937     3.18319e-09              
        1.84998     6.36639e-09              
        1.85059     6.36639e-09              
         1.8512     9.54958e-09              
        1.85181     1.27328e-08              
        1.85242     6.36639e-09              
        1.85303     3.18319e-09              
        1.85364     6.36639e-09              
        1.85425     6.36639e-09              
        1.85486     9.54958e-09              
        1.85547     6.36639e-09              
        1.85608     1.27328e-08              
        1.85669     1.27328e-08              
         1.8573     6.36639e-09              
        1.85791     1.27328e-08              
        1.85852     3.18319e-09              
        1.85913     1.27328e-08              
        1.85974               0              
        1.86035     3.18319e-09              
        1.86096     3.18319e-09              
        1.86157               0              
        1.86218      1.5916e-08              
        1.86279     3.18319e-09              
         1.8634               0              
        1.86401     3.18319e-09              
        1.86462     3.18319e-09              
        1.86523     1.27328e-08              
        1.86584     3.18319e-09              
        1.86646     6.36639e-09              
        1.86707      1.5916e-08              
        1.86768     6.36639e-09              
        1.86829               0              
         1.8689     6.36639e-09              
        1.86951     9.54958e-09              
        1.87012     9.54958e-09              
        1.87073     3.18319e-09              
        1.87134     6.36639e-09              
        1.87195     9.54958e-09              
        1.87256     1.27328e-08              
        1.87317     1.27328e-08              
        1.87378     1.27328e-08              
        1.87439     6.36639e-09              
          1.875     9.54958e-09              
        1.87561     3.18319e-09              
        1.87622     6.36639e-09              
        1.87683     9.54958e-09              
        1.87744     3.18319e-09              
        1.87805               0              
        1.87866     9.54958e-09              
        1.87927     1.27328e-08              
        1.87988     6.36639e-09              
        1.88049     3.18319e-09              
         1.8811     3.18319e-09              
        1.88171     6.36639e-09              
        1.88232               0              
        1.88293     1.27328e-08              
        1.88354     3.18319e-09              
        1.88416     3.18319e-09              
        1.88477     3.18319e-09              
        1.88538     3.18319e-09              
        1.88599     6.36639e-09              
         1.8866     6.36639e-09              
        1.88721     3.18319e-09              
        1.88782     9.54958e-09              
        1.88843     9.54958e-09              
        1.88904     9.54958e-09              
        1.88965     3.18319e-09              
        1.89026     3.18319e-09              
        1.89087               0              
        1.89148     9.54958e-09              
        1.89209     6.36639e-09              
         1.8927     9.54958e-09              
        1.89331     9.54958e-09              
        1.89392     6.36639e-09              
        1.89453     9.54958e-09              
        1.89514     6.36639e-09              
        1.89575               0              
        1.89636     1.27328e-08              
        1.89697     6.36639e-09              
        1.89758     3.18319e-09              
        1.89819     6.36639e-09              
         1.8988     6.36639e-09              
        1.89941     9.54958e-09              
        1.90002     6.36639e-09              
        1.90063     6.36639e-09              
        1.90125     1.27328e-08              
        1.90186     9.54958e-09              
        1.90247     6.36639e-09              
        1.90308     6.36639e-09              
        1.90369               0              
         1.9043     9.54958e-09              
        1.90491     9.54958e-09              
        1.90552     6.36639e-09              
        1.90613     6.36639e-09              
        1.90674     9.54958e-09              
        1.90735     6.36639e-09              
        1.90796     9.54958e-09              
        1.90857     9.54958e-09              
        1.90918               0              
        1.90979     3.18319e-09              
         1.9104     3.18319e-09              
        1.91101               0              
        1.91162     3.18319e-09              
        1.91223     3.18319e-09              
        1.91284     9.54958e-09              
        1.91345     1.27328e-08              
        1.91406     3.18319e-09              
        1.91467     9.54958e-09              
        1.91528     3.18319e-09              
        1.91589     3.18319e-09              
         1.9165     1.27328e-08              
        1.91711     6.36639e-09              
        1.91772     1.27328e-08              
        1.91833               0              
        1.91895     3.18319e-09              
        1.91956     1.27328e-08              
        1.92017     6.36639e-09              
        1.92078     6.36639e-09              
        1.92139     3.18319e-09              
          1.922     1.90992e-08              
        1.92261     3.18319e-09              
        1.92322     3.18319e-09              
        1.92383               0              
        1.92444     6.36639e-09              
        1.92505     6.36639e-09              
        1.92566     3.18319e-09              
        1.92627     6.36639e-09              
        1.92688     6.36639e-09              
        1.92749     3.18319e-09              
         1.9281     1.27328e-08              
        1.92871               0              
        1.92932     6.36639e-09              
        1.92993     3.18319e-09              
        1.93054     3.18319e-09              
        1.93115     9.54958e-09              
        1.93176     6.36639e-09              
        1.93237     3.18319e-09              
        1.93298               0              
        1.93359     3.18319e-09              
         1.9342     9.54958e-09              
        1.93481     3.18319e-09              
        1.93542               0              
        1.93604               0              
        1.93665     3.18319e-09              
        1.93726     3.18319e-09              
        1.93787     6.36639e-09              
        1.93848     9.54958e-09              
        1.93909     3.18319e-09              
         1.9397     1.27328e-08              
        1.94031     6.36639e-09              
        1.94092     6.36639e-09              
        1.94153               0              
        1.94214     3.18319e-09              
        1.94275               0              
        1.94336     6.36639e-09              
        1.94397     6.36639e-09              
        1.94458               0              
        1.94519               0              
         1.9458               0              
        1.94641     6.36639e-09              
        1.94702     6.36639e-09              
        1.94763               0              
        1.94824     9.54958e-09              
        1.94885     1.27328e-08              
        1.94946               0              
        1.95007     9.54958e-09              
        1.95068     6.36639e-09              
        1.95129     9.54958e-09              
         1.9519     3.18319e-09              
        1.95251     6.36639e-09              
        1.95312     6.36639e-09              
        1.95374     9.54958e-09              
        1.95435     6.36639e-09              
        1.95496     1.27328e-08              
        1.95557     6.36639e-09              
        1.95618               0              
        1.95679     6.36639e-09              
         1.9574     9.54958e-09              
        1.95801     6.36639e-09              
        1.95862     9.54958e-09              
        1.95923     3.18319e-09              
        1.95984               0              
        1.96045     9.54958e-09              
        1.96106     6.36639e-09              
        1.96167               0              
        1.96228     6.36639e-09              
        1.96289     3.18319e-09              
         1.9635               0              
        1.96411     2.22823e-08              
        1.96472     6.36639e-09              
        1.96533     6.36639e-09              
        1.96594     6.36639e-09              
        1.96655     9.54958e-09              
        1.96716     6.36639e-09              
        1.96777     1.27328e-08              
        1.96838     9.54958e-09              
        1.96899     6.36639e-09              
         1.9696               0              
        1.97021     1.27328e-08              
        1.97083     9.54958e-09              
        1.97144     6.36639e-09              
        1.97205     6.36639e-09              
        1.97266     3.18319e-09              
        1.97327     1.27328e-08              
        1.97388     9.54958e-09              
        1.97449     9.54958e-09              
         1.9751     6.36639e-09              
        1.97571     3.18319e-09              
        1.97632     6.36639e-09              
        1.97693     6.36639e-09              
        1.97754     6.36639e-09              
        1.97815               0              
        1.97876     1.27328e-08              
        1.97937     1.27328e-08              
        1.97998     1.27328e-08              
        1.98059     1.27328e-08              
         1.9812     3.18319e-09              
        1.98181     1.90992e-08              
        1.98242     6.36639e-09              
        1.98303     1.27328e-08              
        1.98364     6.36639e-09              
        1.98425     6.36639e-09              
        1.98486     1.27328e-08              
        1.98547     6.36639e-09              
        1.98608     9.54958e-09              
        1.98669     9.54958e-09              
         1.9873     3.18319e-09              
        1.98792     3.18319e-09              
        1.98853     3.18319e-09              
        1.98914     3.18319e-09              
        1.98975     6.36639e-09              
        1.99036     9.54958e-09              
        1.99097     6.36639e-09              
        1.99158      1.5916e-08              
        1.99219               0              
         1.9928     3.18319e-09              
        1.99341     1.27328e-08              
        1.99402     9.54958e-09              
        1.99463     1.27328e-08              
        1.99524     3.18319e-09              
        1.99585     1.27328e-08              
        1.99646     3.18319e-09              
        1.99707     6.36639e-09              
        1.99768     6.36639e-09              
        1.99829     1.27328e-08              
         1.9989     9.54958e-09              
