        3.99902     6.36639e-09              
        3.99963     6.36639e-09              
        4.00024     3.18319e-09              
        4.00085     3.18319e-09              
        4.00146     3.18319e-09              
        4.00208     6.36639e-09              
        4.00269     3.18319e-09              
         4.0033     3.18319e-09              
        4.00391     6.36639e-09              
        4.00452     3.18319e-09              
        4.00513               0              
        4.00574     6.36639e-09              
        4.00635               0              
        4.00696               0              
        4.00757               0              
        4.00818               0              
        4.00879     3.18319e-09              
         4.0094               0              
        4.01001               0              
        4.01062     3.18319e-09              
        4.01123               0              
        4.01184               0              
        4.01245               0              
        4.01306               0              
        4.01367     3.18319e-09              
        4.01428               0              
        4.01489     3.18319e-09              
         4.0155     6.36639e-09              
        4.01611     3.18319e-09              
        4.01672     6.36639e-09              
        4.01733               0              
        4.01794     6.36639e-09              
        4.01855     3.18319e-09              
        4.01917     6.36639e-09              
        4.01978               0              
        4.02039               0              
          4.021     3.18319e-09              
        4.02161     3.18319e-09              
        4.02222     6.36639e-09              
        4.02283     6.36639e-09              
        4.02344               0              
        4.02405               0              
        4.02466               0              
        4.02527     3.18319e-09              
        4.02588     3.18319e-09              
        4.02649               0              
         4.0271               0              
        4.02771     3.18319e-09              
        4.02832     3.18319e-09              
        4.02893               0              
        4.02954     3.18319e-09              
        4.03015               0              
        4.03076     6.36639e-09              
        4.03137               0              
        4.03198               0              
        4.03259     3.18319e-09              
         4.0332               0              
        4.03381     3.18319e-09              
        4.03442               0              
        4.03503     3.18319e-09              
        4.03564               0              
        4.03625     3.18319e-09              
        4.03687               0              
        4.03748     3.18319e-09              
        4.03809     6.36639e-09              
         4.0387     6.36639e-09              
        4.03931     3.18319e-09              
        4.03992               0              
        4.04053               0              
        4.04114               0              
        4.04175     6.36639e-09              
        4.04236               0              
        4.04297     3.18319e-09              
        4.04358     3.18319e-09              
        4.04419      1.5916e-08              
         4.0448               0              
        4.04541               0              
        4.04602     3.18319e-09              
        4.04663     9.54958e-09              
        4.04724               0              
        4.04785     3.18319e-09              
        4.04846               0              
        4.04907     6.36639e-09              
        4.04968     6.36639e-09              
        4.05029               0              
         4.0509     6.36639e-09              
        4.05151     9.54958e-09              
        4.05212               0              
        4.05273     3.18319e-09              
        4.05334     3.18319e-09              
        4.05396               0              
        4.05457               0              
        4.05518               0              
        4.05579     3.18319e-09              
         4.0564               0              
        4.05701     9.54958e-09              
        4.05762     3.18319e-09              
        4.05823     3.18319e-09              
        4.05884     6.36639e-09              
        4.05945               0              
        4.06006               0              
        4.06067     3.18319e-09              
        4.06128     6.36639e-09              
        4.06189               0              
         4.0625     3.18319e-09              
        4.06311     1.90992e-08              
        4.06372               0              
        4.06433               0              
        4.06494               0              
        4.06555     9.54958e-09              
        4.06616     9.54958e-09              
        4.06677               0              
        4.06738     3.18319e-09              
        4.06799               0              
         4.0686     3.18319e-09              
        4.06921               0              
        4.06982               0              
        4.07043     9.54958e-09              
        4.07104     3.18319e-09              
        4.07166               0              
        4.07227               0              
        4.07288     3.18319e-09              
        4.07349               0              
         4.0741               0              
        4.07471     3.18319e-09              
        4.07532               0              
        4.07593     6.36639e-09              
        4.07654     9.54958e-09              
        4.07715     9.54958e-09              
        4.07776     3.18319e-09              
        4.07837     6.36639e-09              
        4.07898               0              
        4.07959               0              
         4.0802               0              
        4.08081     6.36639e-09              
        4.08142     3.18319e-09              
        4.08203     9.54958e-09              
        4.08264               0              
        4.08325     6.36639e-09              
        4.08386               0              
        4.08447     6.36639e-09              
        4.08508     9.54958e-09              
        4.08569     3.18319e-09              
         4.0863               0              
        4.08691               0              
        4.08752     9.54958e-09              
        4.08813               0              
        4.08875               0              
        4.08936               0              
        4.08997               0              
        4.09058     3.18319e-09              
        4.09119               0              
         4.0918               0              
        4.09241     3.18319e-09              
        4.09302               0              
        4.09363               0              
        4.09424               0              
        4.09485     3.18319e-09              
        4.09546     6.36639e-09              
        4.09607     3.18319e-09              
        4.09668               0              
        4.09729     3.18319e-09              
         4.0979     3.18319e-09              
        4.09851     3.18319e-09              
        4.09912               0              
        4.09973     3.18319e-09              
        4.10034     3.18319e-09              
        4.10095     3.18319e-09              
        4.10156               0              
        4.10217               0              
        4.10278     3.18319e-09              
        4.10339     3.18319e-09              
          4.104               0              
        4.10461               0              
        4.10522     3.18319e-09              
        4.10583               0              
        4.10645               0              
        4.10706               0              
        4.10767               0              
        4.10828     1.27328e-08              
        4.10889               0              
         4.1095               0              
        4.11011               0              
        4.11072     3.18319e-09              
        4.11133               0              
        4.11194     3.18319e-09              
        4.11255               0              
        4.11316     3.18319e-09              
        4.11377               0              
        4.11438     3.18319e-09              
        4.11499     3.18319e-09              
         4.1156     3.18319e-09              
        4.11621     6.36639e-09              
        4.11682               0              
        4.11743     3.18319e-09              
        4.11804     3.18319e-09              
        4.11865               0              
        4.11926     3.18319e-09              
        4.11987     1.27328e-08              
        4.12048               0              
        4.12109     3.18319e-09              
         4.1217     6.36639e-09              
        4.12231               0              
        4.12292     3.18319e-09              
        4.12354               0              
        4.12415               0              
        4.12476     3.18319e-09              
        4.12537     9.54958e-09              
        4.12598     3.18319e-09              
        4.12659     3.18319e-09              
         4.1272     3.18319e-09              
        4.12781               0              
        4.12842               0              
        4.12903               0              
        4.12964     3.18319e-09              
        4.13025     6.36639e-09              
        4.13086     6.36639e-09              
        4.13147     3.18319e-09              
        4.13208               0              
        4.13269               0              
         4.1333     3.18319e-09              
        4.13391               0              
        4.13452               0              
        4.13513     6.36639e-09              
        4.13574     3.18319e-09              
        4.13635     3.18319e-09              
        4.13696               0              
        4.13757     3.18319e-09              
        4.13818               0              
        4.13879               0              
         4.1394               0              
        4.14001     3.18319e-09              
        4.14062     3.18319e-09              
        4.14124     3.18319e-09              
        4.14185     3.18319e-09              
        4.14246     6.36639e-09              
        4.14307               0              
        4.14368               0              
        4.14429     3.18319e-09              
         4.1449               0              
        4.14551               0              
        4.14612               0              
        4.14673               0              
        4.14734     9.54958e-09              
        4.14795     6.36639e-09              
        4.14856     3.18319e-09              
        4.14917               0              
        4.14978               0              
        4.15039               0              
          4.151     3.18319e-09              
        4.15161               0              
        4.15222     3.18319e-09              
        4.15283     6.36639e-09              
        4.15344     3.18319e-09              
        4.15405     6.36639e-09              
        4.15466               0              
        4.15527               0              
        4.15588     3.18319e-09              
        4.15649     3.18319e-09              
         4.1571               0              
        4.15771     3.18319e-09              
        4.15833     3.18319e-09              
        4.15894               0              
        4.15955     9.54958e-09              
        4.16016     3.18319e-09              
        4.16077               0              
        4.16138     6.36639e-09              
        4.16199     6.36639e-09              
         4.1626               0              
        4.16321     6.36639e-09              
        4.16382     3.18319e-09              
        4.16443               0              
        4.16504     3.18319e-09              
        4.16565     3.18319e-09              
        4.16626               0              
        4.16687     1.27328e-08              
        4.16748     6.36639e-09              
        4.16809               0              
         4.1687               0              
        4.16931     6.36639e-09              
        4.16992               0              
        4.17053     6.36639e-09              
        4.17114     6.36639e-09              
        4.17175               0              
        4.17236     3.18319e-09              
        4.17297     3.18319e-09              
        4.17358     3.18319e-09              
        4.17419               0              
         4.1748     9.54958e-09              
        4.17542     6.36639e-09              
        4.17603     3.18319e-09              
        4.17664     6.36639e-09              
        4.17725               0              
        4.17786     6.36639e-09              
        4.17847               0              
        4.17908               0              
        4.17969     6.36639e-09              
         4.1803     3.18319e-09              
        4.18091     3.18319e-09              
        4.18152     3.18319e-09              
        4.18213     6.36639e-09              
        4.18274     9.54958e-09              
        4.18335     6.36639e-09              
        4.18396               0              
        4.18457               0              
        4.18518     3.18319e-09              
        4.18579     3.18319e-09              
         4.1864     6.36639e-09              
        4.18701               0              
        4.18762     6.36639e-09              
        4.18823               0              
        4.18884     6.36639e-09              
        4.18945               0              
        4.19006               0              
        4.19067     3.18319e-09              
        4.19128               0              
        4.19189     3.18319e-09              
         4.1925     6.36639e-09              
        4.19312     6.36639e-09              
        4.19373     3.18319e-09              
        4.19434     3.18319e-09              
        4.19495               0              
        4.19556               0              
        4.19617     6.36639e-09              
        4.19678               0              
        4.19739     3.18319e-09              
          4.198               0              
        4.19861               0              
        4.19922     6.36639e-09              
        4.19983               0              
        4.20044     6.36639e-09              
        4.20105               0              
        4.20166     6.36639e-09              
        4.20227     3.18319e-09              
        4.20288     3.18319e-09              
        4.20349     6.36639e-09              
         4.2041     3.18319e-09              
        4.20471     6.36639e-09              
        4.20532     6.36639e-09              
        4.20593     3.18319e-09              
        4.20654     6.36639e-09              
        4.20715     3.18319e-09              
        4.20776     6.36639e-09              
        4.20837     3.18319e-09              
        4.20898     3.18319e-09              
        4.20959     3.18319e-09              
        4.21021               0              
        4.21082               0              
        4.21143     9.54958e-09              
        4.21204     3.18319e-09              
        4.21265     3.18319e-09              
        4.21326               0              
        4.21387               0              
        4.21448               0              
        4.21509               0              
         4.2157     6.36639e-09              
        4.21631               0              
        4.21692     3.18319e-09              
        4.21753               0              
        4.21814     3.18319e-09              
        4.21875     3.18319e-09              
        4.21936     3.18319e-09              
        4.21997               0              
        4.22058               0              
        4.22119     3.18319e-09              
         4.2218     6.36639e-09              
        4.22241               0              
        4.22302               0              
        4.22363     3.18319e-09              
        4.22424     6.36639e-09              
        4.22485     3.18319e-09              
        4.22546               0              
        4.22607               0              
        4.22668               0              
        4.22729     3.18319e-09              
        4.22791               0              
        4.22852     3.18319e-09              
        4.22913     3.18319e-09              
        4.22974               0              
        4.23035               0              
        4.23096               0              
        4.23157     6.36639e-09              
        4.23218     3.18319e-09              
        4.23279     6.36639e-09              
         4.2334               0              
        4.23401     6.36639e-09              
        4.23462               0              
        4.23523               0              
        4.23584     3.18319e-09              
        4.23645     6.36639e-09              
        4.23706     3.18319e-09              
        4.23767     3.18319e-09              
        4.23828     6.36639e-09              
        4.23889               0              
         4.2395               0              
        4.24011               0              
        4.24072               0              
        4.24133     1.27328e-08              
        4.24194     3.18319e-09              
        4.24255               0              
        4.24316     3.18319e-09              
        4.24377     3.18319e-09              
        4.24438     6.36639e-09              
          4.245     6.36639e-09              
        4.24561     3.18319e-09              
        4.24622     3.18319e-09              
        4.24683     3.18319e-09              
        4.24744     3.18319e-09              
        4.24805     3.18319e-09              
        4.24866     6.36639e-09              
        4.24927     3.18319e-09              
        4.24988               0              
        4.25049               0              
         4.2511               0              
        4.25171               0              
        4.25232     6.36639e-09              
        4.25293               0              
        4.25354     3.18319e-09              
        4.25415     9.54958e-09              
        4.25476               0              
        4.25537               0              
        4.25598     9.54958e-09              
        4.25659     3.18319e-09              
         4.2572     6.36639e-09              
        4.25781     6.36639e-09              
        4.25842               0              
        4.25903     6.36639e-09              
        4.25964               0              
        4.26025               0              
        4.26086     3.18319e-09              
        4.26147               0              
        4.26208     3.18319e-09              
         4.2627               0              
        4.26331               0              
        4.26392               0              
        4.26453     3.18319e-09              
        4.26514               0              
        4.26575     3.18319e-09              
        4.26636     6.36639e-09              
        4.26697     3.18319e-09              
        4.26758               0              
        4.26819     3.18319e-09              
         4.2688     3.18319e-09              
        4.26941     6.36639e-09              
        4.27002     3.18319e-09              
        4.27063               0              
        4.27124     3.18319e-09              
        4.27185     3.18319e-09              
        4.27246     3.18319e-09              
        4.27307               0              
        4.27368               0              
        4.27429     3.18319e-09              
         4.2749     3.18319e-09              
        4.27551     6.36639e-09              
        4.27612     3.18319e-09              
        4.27673     3.18319e-09              
        4.27734     3.18319e-09              
        4.27795     3.18319e-09              
        4.27856               0              
        4.27917     3.18319e-09              
        4.27979     9.54958e-09              
         4.2804               0              
        4.28101     6.36639e-09              
        4.28162               0              
        4.28223     3.18319e-09              
        4.28284     3.18319e-09              
        4.28345               0              
        4.28406               0              
        4.28467     6.36639e-09              
        4.28528               0              
        4.28589     6.36639e-09              
         4.2865     6.36639e-09              
        4.28711     6.36639e-09              
        4.28772               0              
        4.28833     3.18319e-09              
        4.28894     6.36639e-09              
        4.28955               0              
        4.29016     3.18319e-09              
        4.29077               0              
        4.29138               0              
        4.29199     3.18319e-09              
         4.2926               0              
        4.29321     3.18319e-09              
        4.29382               0              
        4.29443     9.54958e-09              
        4.29504     3.18319e-09              
        4.29565               0              
        4.29626     3.18319e-09              
        4.29688     3.18319e-09              
        4.29749               0              
         4.2981               0              
        4.29871     3.18319e-09              
        4.29932     3.18319e-09              
        4.29993     6.36639e-09              
        4.30054     3.18319e-09              
        4.30115     3.18319e-09              
        4.30176     9.54958e-09              
        4.30237     3.18319e-09              
        4.30298               0              
        4.30359     3.18319e-09              
         4.3042     3.18319e-09              
        4.30481     6.36639e-09              
        4.30542     6.36639e-09              
        4.30603               0              
        4.30664               0              
        4.30725     3.18319e-09              
        4.30786               0              
        4.30847               0              
        4.30908     3.18319e-09              
        4.30969     9.54958e-09              
         4.3103     9.54958e-09              
        4.31091     6.36639e-09              
        4.31152               0              
        4.31213               0              
        4.31274     3.18319e-09              
        4.31335               0              
        4.31396     3.18319e-09              
        4.31458     3.18319e-09              
        4.31519     3.18319e-09              
         4.3158               0              
        4.31641     3.18319e-09              
        4.31702     3.18319e-09              
        4.31763     3.18319e-09              
        4.31824     6.36639e-09              
        4.31885     3.18319e-09              
        4.31946               0              
        4.32007     6.36639e-09              
        4.32068     6.36639e-09              
        4.32129     3.18319e-09              
         4.3219               0              
        4.32251               0              
        4.32312     3.18319e-09              
        4.32373               0              
        4.32434     6.36639e-09              
        4.32495               0              
        4.32556     6.36639e-09              
        4.32617               0              
        4.32678               0              
        4.32739     3.18319e-09              
          4.328     6.36639e-09              
        4.32861     3.18319e-09              
        4.32922               0              
        4.32983     6.36639e-09              
        4.33044               0              
        4.33105               0              
        4.33167     3.18319e-09              
        4.33228               0              
        4.33289     6.36639e-09              
         4.3335     3.18319e-09              
        4.33411     6.36639e-09              
        4.33472     3.18319e-09              
        4.33533               0              
        4.33594               0              
        4.33655     3.18319e-09              
        4.33716               0              
        4.33777     6.36639e-09              
        4.33838     6.36639e-09              
        4.33899     3.18319e-09              
         4.3396               0              
        4.34021     3.18319e-09              
        4.34082     6.36639e-09              
        4.34143               0              
        4.34204     3.18319e-09              
        4.34265               0              
        4.34326     6.36639e-09              
        4.34387     3.18319e-09              
        4.34448     3.18319e-09              
        4.34509     3.18319e-09              
         4.3457               0              
        4.34631               0              
        4.34692               0              
        4.34753               0              
        4.34814     6.36639e-09              
        4.34875     9.54958e-09              
        4.34937     3.18319e-09              
        4.34998     3.18319e-09              
        4.35059               0              
         4.3512     3.18319e-09              
        4.35181               0              
        4.35242     3.18319e-09              
        4.35303     3.18319e-09              
        4.35364     3.18319e-09              
        4.35425     3.18319e-09              
        4.35486               0              
        4.35547               0              
        4.35608     6.36639e-09              
        4.35669     3.18319e-09              
         4.3573     3.18319e-09              
        4.35791     6.36639e-09              
        4.35852     3.18319e-09              
        4.35913     3.18319e-09              
        4.35974               0              
        4.36035     6.36639e-09              
        4.36096               0              
        4.36157     3.18319e-09              
        4.36218     3.18319e-09              
        4.36279     6.36639e-09              
         4.3634               0              
        4.36401               0              
        4.36462     3.18319e-09              
        4.36523     3.18319e-09              
        4.36584     3.18319e-09              
        4.36646     3.18319e-09              
        4.36707               0              
        4.36768     6.36639e-09              
        4.36829     6.36639e-09              
         4.3689               0              
        4.36951               0              
        4.37012     6.36639e-09              
        4.37073               0              
        4.37134               0              
        4.37195     3.18319e-09              
        4.37256               0              
        4.37317               0              
        4.37378     3.18319e-09              
        4.37439     3.18319e-09              
          4.375     6.36639e-09              
        4.37561     3.18319e-09              
        4.37622               0              
        4.37683               0              
        4.37744               0              
        4.37805               0              
        4.37866               0              
        4.37927     3.18319e-09              
        4.37988     3.18319e-09              
        4.38049     6.36639e-09              
         4.3811     3.18319e-09              
        4.38171               0              
        4.38232               0              
        4.38293               0              
        4.38354               0              
        4.38416               0              
        4.38477     6.36639e-09              
        4.38538               0              
        4.38599     3.18319e-09              
         4.3866               0              
        4.38721               0              
        4.38782               0              
        4.38843     9.54958e-09              
        4.38904     3.18319e-09              
        4.38965     3.18319e-09              
        4.39026     9.54958e-09              
        4.39087               0              
        4.39148     6.36639e-09              
        4.39209     3.18319e-09              
         4.3927               0              
        4.39331     3.18319e-09              
        4.39392               0              
        4.39453     3.18319e-09              
        4.39514     3.18319e-09              
        4.39575               0              
        4.39636     6.36639e-09              
        4.39697     3.18319e-09              
        4.39758     6.36639e-09              
        4.39819     3.18319e-09              
         4.3988     3.18319e-09              
        4.39941               0              
        4.40002     6.36639e-09              
        4.40063               0              
        4.40125               0              
        4.40186               0              
        4.40247     6.36639e-09              
        4.40308               0              
        4.40369     3.18319e-09              
         4.4043               0              
        4.40491               0              
        4.40552     3.18319e-09              
        4.40613     3.18319e-09              
        4.40674     1.27328e-08              
        4.40735     6.36639e-09              
        4.40796     3.18319e-09              
        4.40857               0              
        4.40918               0              
        4.40979     3.18319e-09              
         4.4104     3.18319e-09              
        4.41101     3.18319e-09              
        4.41162               0              
        4.41223     3.18319e-09              
        4.41284     9.54958e-09              
        4.41345     6.36639e-09              
        4.41406     1.27328e-08              
        4.41467     6.36639e-09              
        4.41528     6.36639e-09              
        4.41589     3.18319e-09              
         4.4165               0              
        4.41711               0              
        4.41772               0              
        4.41833               0              
        4.41895               0              
        4.41956     3.18319e-09              
        4.42017               0              
        4.42078     3.18319e-09              
        4.42139     9.54958e-09              
          4.422               0              
        4.42261     3.18319e-09              
        4.42322     6.36639e-09              
        4.42383     3.18319e-09              
        4.42444     3.18319e-09              
        4.42505               0              
        4.42566               0              
        4.42627               0              
        4.42688               0              
        4.42749               0              
         4.4281     3.18319e-09              
        4.42871     1.27328e-08              
        4.42932               0              
        4.42993     3.18319e-09              
        4.43054     3.18319e-09              
        4.43115               0              
        4.43176               0              
        4.43237               0              
        4.43298     3.18319e-09              
        4.43359     9.54958e-09              
         4.4342     3.18319e-09              
        4.43481     6.36639e-09              
        4.43542     3.18319e-09              
        4.43604     6.36639e-09              
        4.43665     9.54958e-09              
        4.43726     1.27328e-08              
        4.43787     6.36639e-09              
        4.43848     3.18319e-09              
        4.43909               0              
         4.4397     3.18319e-09              
        4.44031     1.27328e-08              
        4.44092               0              
        4.44153     6.36639e-09              
        4.44214     6.36639e-09              
        4.44275               0              
        4.44336     3.18319e-09              
        4.44397     3.18319e-09              
        4.44458     3.18319e-09              
        4.44519               0              
         4.4458               0              
        4.44641     6.36639e-09              
        4.44702               0              
        4.44763               0              
        4.44824               0              
        4.44885               0              
        4.44946               0              
        4.45007      1.5916e-08              
        4.45068               0              
        4.45129               0              
         4.4519               0              
        4.45251     3.18319e-09              
        4.45312     6.36639e-09              
        4.45374     3.18319e-09              
        4.45435     3.18319e-09              
        4.45496               0              
        4.45557     3.18319e-09              
        4.45618               0              
        4.45679               0              
         4.4574     6.36639e-09              
        4.45801               0              
        4.45862     3.18319e-09              
        4.45923     6.36639e-09              
        4.45984               0              
        4.46045     6.36639e-09              
        4.46106               0              
        4.46167               0              
        4.46228     3.18319e-09              
        4.46289     3.18319e-09              
         4.4635               0              
        4.46411     3.18319e-09              
        4.46472     6.36639e-09              
        4.46533     6.36639e-09              
        4.46594     6.36639e-09              
        4.46655     3.18319e-09              
        4.46716     3.18319e-09              
        4.46777     3.18319e-09              
        4.46838               0              
        4.46899     6.36639e-09              
         4.4696     6.36639e-09              
        4.47021     3.18319e-09              
        4.47083     3.18319e-09              
        4.47144     1.27328e-08              
        4.47205     3.18319e-09              
        4.47266               0              
        4.47327               0              
        4.47388               0              
        4.47449     3.18319e-09              
         4.4751     6.36639e-09              
        4.47571               0              
        4.47632               0              
        4.47693               0              
        4.47754               0              
        4.47815     3.18319e-09              
        4.47876               0              
        4.47937     6.36639e-09              
        4.47998     3.18319e-09              
        4.48059               0              
         4.4812               0              
        4.48181               0              
        4.48242     6.36639e-09              
        4.48303               0              
        4.48364               0              
        4.48425     3.18319e-09              
        4.48486     3.18319e-09              
        4.48547     6.36639e-09              
        4.48608               0              
        4.48669     6.36639e-09              
         4.4873     3.18319e-09              
        4.48792               0              
        4.48853     3.18319e-09              
        4.48914     6.36639e-09              
        4.48975     3.18319e-09              
        4.49036               0              
        4.49097               0              
        4.49158               0              
        4.49219     3.18319e-09              
         4.4928     9.54958e-09              
        4.49341               0              
        4.49402     3.18319e-09              
        4.49463               0              
        4.49524     6.36639e-09              
        4.49585     6.36639e-09              
        4.49646               0              
        4.49707     3.18319e-09              
        4.49768     3.18319e-09              
        4.49829               0              
         4.4989     9.54958e-09              
        4.49951     6.36639e-09              
        4.50012               0              
        4.50073     3.18319e-09              
        4.50134     9.54958e-09              
        4.50195               0              
        4.50256     3.18319e-09              
        4.50317     3.18319e-09              
        4.50378               0              
        4.50439               0              
          4.505               0              
        4.50562     3.18319e-09              
        4.50623               0              
        4.50684     3.18319e-09              
        4.50745     3.18319e-09              
        4.50806               0              
        4.50867     3.18319e-09              
        4.50928               0              
        4.50989               0              
         4.5105     3.18319e-09              
        4.51111     3.18319e-09              
        4.51172               0              
        4.51233               0              
        4.51294     6.36639e-09              
        4.51355     3.18319e-09              
        4.51416     3.18319e-09              
        4.51477               0              
        4.51538     3.18319e-09              
        4.51599     3.18319e-09              
         4.5166     6.36639e-09              
        4.51721     6.36639e-09              
        4.51782     3.18319e-09              
        4.51843     3.18319e-09              
        4.51904               0              
        4.51965     6.36639e-09              
        4.52026               0              
        4.52087     3.18319e-09              
        4.52148     3.18319e-09              
        4.52209     6.36639e-09              
        4.52271               0              
        4.52332               0              
        4.52393     3.18319e-09              
        4.52454     6.36639e-09              
        4.52515     6.36639e-09              
        4.52576               0              
        4.52637               0              
        4.52698     6.36639e-09              
        4.52759               0              
         4.5282     3.18319e-09              
        4.52881     6.36639e-09              
        4.52942               0              
        4.53003     6.36639e-09              
        4.53064     3.18319e-09              
        4.53125     3.18319e-09              
        4.53186     6.36639e-09              
        4.53247               0              
        4.53308     6.36639e-09              
        4.53369     3.18319e-09              
         4.5343     3.18319e-09              
        4.53491               0              
        4.53552               0              
        4.53613     6.36639e-09              
        4.53674     6.36639e-09              
        4.53735     3.18319e-09              
        4.53796     6.36639e-09              
        4.53857               0              
        4.53918               0              
        4.53979     6.36639e-09              
        4.54041     6.36639e-09              
        4.54102               0              
        4.54163     6.36639e-09              
        4.54224     3.18319e-09              
        4.54285     3.18319e-09              
        4.54346     3.18319e-09              
        4.54407               0              
        4.54468               0              
        4.54529     6.36639e-09              
         4.5459               0              
        4.54651               0              
        4.54712               0              
        4.54773     3.18319e-09              
        4.54834     3.18319e-09              
        4.54895               0              
        4.54956     3.18319e-09              
        4.55017     6.36639e-09              
        4.55078               0              
        4.55139               0              
          4.552     3.18319e-09              
        4.55261     3.18319e-09              
        4.55322     3.18319e-09              
        4.55383     3.18319e-09              
        4.55444     6.36639e-09              
        4.55505               0              
        4.55566     3.18319e-09              
        4.55627     6.36639e-09              
        4.55688               0              
         4.5575     3.18319e-09              
        4.55811     3.18319e-09              
        4.55872               0              
        4.55933               0              
        4.55994               0              
        4.56055     3.18319e-09              
        4.56116     3.18319e-09              
        4.56177     3.18319e-09              
        4.56238               0              
        4.56299     3.18319e-09              
         4.5636     6.36639e-09              
        4.56421               0              
        4.56482               0              
        4.56543     3.18319e-09              
        4.56604     3.18319e-09              
        4.56665     3.18319e-09              
        4.56726     3.18319e-09              
        4.56787     3.18319e-09              
        4.56848               0              
        4.56909               0              
         4.5697               0              
        4.57031     6.36639e-09              
        4.57092               0              
        4.57153     9.54958e-09              
        4.57214               0              
        4.57275     6.36639e-09              
        4.57336     3.18319e-09              
        4.57397     9.54958e-09              
        4.57458               0              
         4.5752     9.54958e-09              
        4.57581     3.18319e-09              
        4.57642     3.18319e-09              
        4.57703               0              
        4.57764               0              
        4.57825               0              
        4.57886               0              
        4.57947     3.18319e-09              
        4.58008     3.18319e-09              
        4.58069     3.18319e-09              
         4.5813     3.18319e-09              
        4.58191               0              
        4.58252     3.18319e-09              
        4.58313               0              
        4.58374     3.18319e-09              
        4.58435               0              
        4.58496               0              
        4.58557     3.18319e-09              
        4.58618     3.18319e-09              
        4.58679               0              
         4.5874               0              
        4.58801     9.54958e-09              
        4.58862     6.36639e-09              
        4.58923               0              
        4.58984     3.18319e-09              
        4.59045     3.18319e-09              
        4.59106     6.36639e-09              
        4.59167               0              
        4.59229     3.18319e-09              
         4.5929     6.36639e-09              
        4.59351     6.36639e-09              
        4.59412               0              
        4.59473               0              
        4.59534               0              
        4.59595     3.18319e-09              
        4.59656               0              
        4.59717               0              
        4.59778               0              
        4.59839               0              
          4.599               0              
        4.59961     6.36639e-09              
        4.60022     6.36639e-09              
        4.60083     3.18319e-09              
        4.60144     3.18319e-09              
        4.60205     3.18319e-09              
        4.60266               0              
        4.60327               0              
        4.60388               0              
        4.60449     1.27328e-08              
         4.6051               0              
        4.60571               0              
        4.60632     9.54958e-09              
        4.60693     6.36639e-09              
        4.60754     6.36639e-09              
        4.60815     3.18319e-09              
        4.60876     3.18319e-09              
        4.60938     6.36639e-09              
        4.60999               0              
         4.6106     3.18319e-09              
        4.61121     6.36639e-09              
        4.61182     6.36639e-09              
        4.61243     3.18319e-09              
        4.61304     3.18319e-09              
        4.61365               0              
        4.61426               0              
        4.61487               0              
        4.61548     9.54958e-09              
        4.61609     3.18319e-09              
         4.6167               0              
        4.61731     3.18319e-09              
        4.61792               0              
        4.61853               0              
        4.61914     3.18319e-09              
        4.61975               0              
        4.62036     6.36639e-09              
        4.62097               0              
        4.62158     3.18319e-09              
        4.62219               0              
         4.6228     3.18319e-09              
        4.62341     3.18319e-09              
        4.62402               0              
        4.62463     3.18319e-09              
        4.62524               0              
        4.62585     3.18319e-09              
        4.62646     3.18319e-09              
        4.62708               0              
        4.62769     3.18319e-09              
         4.6283     3.18319e-09              
        4.62891               0              
        4.62952               0              
        4.63013     6.36639e-09              
        4.63074               0              
        4.63135               0              
        4.63196               0              
        4.63257               0              
        4.63318     6.36639e-09              
        4.63379               0              
         4.6344     3.18319e-09              
        4.63501               0              
        4.63562               0              
        4.63623               0              
        4.63684               0              
        4.63745               0              
        4.63806     3.18319e-09              
        4.63867     6.36639e-09              
        4.63928     3.18319e-09              
        4.63989               0              
         4.6405               0              
        4.64111     6.36639e-09              
        4.64172               0              
        4.64233     6.36639e-09              
        4.64294               0              
        4.64355     9.54958e-09              
        4.64417               0              
        4.64478     3.18319e-09              
        4.64539     3.18319e-09              
          4.646     3.18319e-09              
        4.64661     3.18319e-09              
        4.64722               0              
        4.64783               0              
        4.64844     3.18319e-09              
        4.64905               0              
        4.64966     6.36639e-09              
        4.65027     3.18319e-09              
        4.65088               0              
        4.65149     3.18319e-09              
         4.6521     3.18319e-09              
        4.65271     9.54958e-09              
        4.65332               0              
        4.65393     1.27328e-08              
        4.65454     3.18319e-09              
        4.65515               0              
        4.65576               0              
        4.65637     9.54958e-09              
        4.65698     6.36639e-09              
        4.65759               0              
         4.6582     3.18319e-09              
        4.65881     3.18319e-09              
        4.65942     6.36639e-09              
        4.66003               0              
        4.66064               0              
        4.66125               0              
        4.66187               0              
        4.66248               0              
        4.66309               0              
         4.6637               0              
        4.66431               0              
        4.66492               0              
        4.66553     3.18319e-09              
        4.66614     6.36639e-09              
        4.66675     6.36639e-09              
        4.66736     6.36639e-09              
        4.66797     3.18319e-09              
        4.66858     3.18319e-09              
        4.66919               0              
         4.6698     3.18319e-09              
        4.67041     6.36639e-09              
        4.67102               0              
        4.67163     3.18319e-09              
        4.67224     3.18319e-09              
        4.67285     3.18319e-09              
        4.67346     3.18319e-09              
        4.67407               0              
        4.67468               0              
        4.67529               0              
         4.6759     3.18319e-09              
        4.67651     3.18319e-09              
        4.67712               0              
        4.67773     3.18319e-09              
        4.67834               0              
        4.67896     3.18319e-09              
        4.67957               0              
        4.68018     3.18319e-09              
        4.68079     3.18319e-09              
         4.6814               0              
        4.68201               0              
        4.68262               0              
        4.68323               0              
        4.68384     3.18319e-09              
        4.68445               0              
        4.68506     3.18319e-09              
        4.68567     3.18319e-09              
        4.68628     6.36639e-09              
        4.68689               0              
         4.6875     3.18319e-09              
        4.68811               0              
        4.68872     9.54958e-09              
        4.68933     3.18319e-09              
        4.68994     3.18319e-09              
        4.69055               0              
        4.69116     3.18319e-09              
        4.69177     9.54958e-09              
        4.69238               0              
        4.69299     6.36639e-09              
         4.6936               0              
        4.69421               0              
        4.69482     3.18319e-09              
        4.69543     3.18319e-09              
        4.69604               0              
        4.69666               0              
        4.69727               0              
        4.69788               0              
        4.69849               0              
         4.6991     3.18319e-09              
        4.69971     3.18319e-09              
        4.70032     3.18319e-09              
        4.70093     3.18319e-09              
        4.70154               0              
        4.70215     3.18319e-09              
        4.70276               0              
        4.70337               0              
        4.70398     6.36639e-09              
        4.70459               0              
         4.7052     6.36639e-09              
        4.70581     6.36639e-09              
        4.70642     3.18319e-09              
        4.70703     3.18319e-09              
        4.70764               0              
        4.70825     6.36639e-09              
        4.70886     1.27328e-08              
        4.70947     9.54958e-09              
        4.71008               0              
        4.71069     6.36639e-09              
         4.7113               0              
        4.71191               0              
        4.71252     9.54958e-09              
        4.71313     3.18319e-09              
        4.71375               0              
        4.71436               0              
        4.71497     3.18319e-09              
        4.71558     6.36639e-09              
        4.71619     6.36639e-09              
         4.7168     3.18319e-09              
        4.71741     3.18319e-09              
        4.71802     3.18319e-09              
        4.71863               0              
        4.71924               0              
        4.71985               0              
        4.72046               0              
        4.72107     3.18319e-09              
        4.72168     3.18319e-09              
        4.72229               0              
         4.7229               0              
        4.72351               0              
        4.72412               0              
        4.72473     3.18319e-09              
        4.72534     9.54958e-09              
        4.72595     6.36639e-09              
        4.72656               0              
        4.72717     6.36639e-09              
        4.72778               0              
        4.72839     3.18319e-09              
          4.729               0              
        4.72961               0              
        4.73022     6.36639e-09              
        4.73083     3.18319e-09              
        4.73145               0              
        4.73206     6.36639e-09              
        4.73267     3.18319e-09              
        4.73328     3.18319e-09              
        4.73389     3.18319e-09              
         4.7345     3.18319e-09              
        4.73511               0              
        4.73572     3.18319e-09              
        4.73633               0              
        4.73694               0              
        4.73755               0              
        4.73816     6.36639e-09              
        4.73877               0              
        4.73938     3.18319e-09              
        4.73999               0              
         4.7406     3.18319e-09              
        4.74121     6.36639e-09              
        4.74182     3.18319e-09              
        4.74243               0              
        4.74304     6.36639e-09              
        4.74365               0              
        4.74426               0              
        4.74487               0              
        4.74548     3.18319e-09              
        4.74609               0              
         4.7467     3.18319e-09              
        4.74731     9.54958e-09              
        4.74792     6.36639e-09              
        4.74854               0              
        4.74915     3.18319e-09              
        4.74976     3.18319e-09              
        4.75037               0              
        4.75098     3.18319e-09              
        4.75159               0              
         4.7522     3.18319e-09              
        4.75281     3.18319e-09              
        4.75342     3.18319e-09              
        4.75403               0              
        4.75464               0              
        4.75525               0              
        4.75586     6.36639e-09              
        4.75647     3.18319e-09              
        4.75708     3.18319e-09              
        4.75769     3.18319e-09              
         4.7583               0              
        4.75891     6.36639e-09              
        4.75952               0              
        4.76013               0              
        4.76074     9.54958e-09              
        4.76135     9.54958e-09              
        4.76196               0              
        4.76257     6.36639e-09              
        4.76318     3.18319e-09              
        4.76379     3.18319e-09              
         4.7644     3.18319e-09              
        4.76501     6.36639e-09              
        4.76562     3.18319e-09              
        4.76624     3.18319e-09              
        4.76685     3.18319e-09              
        4.76746               0              
        4.76807     3.18319e-09              
        4.76868               0              
        4.76929     6.36639e-09              
         4.7699     3.18319e-09              
        4.77051     1.27328e-08              
        4.77112     3.18319e-09              
        4.77173     3.18319e-09              
        4.77234     3.18319e-09              
        4.77295     3.18319e-09              
        4.77356     3.18319e-09              
        4.77417               0              
        4.77478               0              
        4.77539     3.18319e-09              
          4.776     3.18319e-09              
        4.77661               0              
        4.77722     3.18319e-09              
        4.77783               0              
        4.77844               0              
        4.77905     6.36639e-09              
        4.77966               0              
        4.78027     3.18319e-09              
        4.78088     3.18319e-09              
        4.78149               0              
         4.7821     3.18319e-09              
        4.78271     6.36639e-09              
        4.78333     3.18319e-09              
        4.78394               0              
        4.78455     3.18319e-09              
        4.78516     6.36639e-09              
        4.78577     3.18319e-09              
        4.78638               0              
        4.78699     3.18319e-09              
         4.7876     3.18319e-09              
        4.78821               0              
        4.78882               0              
        4.78943               0              
        4.79004               0              
        4.79065               0              
        4.79126     3.18319e-09              
        4.79187     3.18319e-09              
        4.79248     6.36639e-09              
        4.79309               0              
         4.7937     3.18319e-09              
        4.79431               0              
        4.79492               0              
        4.79553               0              
        4.79614               0              
        4.79675     9.54958e-09              
        4.79736     3.18319e-09              
        4.79797               0              
        4.79858               0              
        4.79919               0              
         4.7998     9.54958e-09              
        4.80042     3.18319e-09              
        4.80103     3.18319e-09              
        4.80164     3.18319e-09              
        4.80225               0              
        4.80286     3.18319e-09              
        4.80347               0              
        4.80408     3.18319e-09              
        4.80469     6.36639e-09              
         4.8053     3.18319e-09              
        4.80591     9.54958e-09              
        4.80652     3.18319e-09              
        4.80713     6.36639e-09              
        4.80774     3.18319e-09              
        4.80835     3.18319e-09              
        4.80896               0              
        4.80957               0              
        4.81018     3.18319e-09              
        4.81079     3.18319e-09              
         4.8114               0              
        4.81201     9.54958e-09              
        4.81262     9.54958e-09              
        4.81323     9.54958e-09              
        4.81384               0              
        4.81445     3.18319e-09              
        4.81506               0              
        4.81567     3.18319e-09              
        4.81628               0              
        4.81689     6.36639e-09              
         4.8175     3.18319e-09              
        4.81812     3.18319e-09              
        4.81873               0              
        4.81934     3.18319e-09              
        4.81995               0              
        4.82056     3.18319e-09              
        4.82117               0              
        4.82178               0              
        4.82239               0              
          4.823     3.18319e-09              
        4.82361               0              
        4.82422     9.54958e-09              
        4.82483     3.18319e-09              
        4.82544     3.18319e-09              
        4.82605               0              
        4.82666     3.18319e-09              
        4.82727               0              
        4.82788     6.36639e-09              
        4.82849               0              
         4.8291     3.18319e-09              
        4.82971     6.36639e-09              
        4.83032     3.18319e-09              
        4.83093     3.18319e-09              
        4.83154     6.36639e-09              
        4.83215     6.36639e-09              
        4.83276               0              
        4.83337     3.18319e-09              
        4.83398     3.18319e-09              
        4.83459               0              
        4.83521               0              
        4.83582               0              
        4.83643     3.18319e-09              
        4.83704     3.18319e-09              
        4.83765     3.18319e-09              
        4.83826               0              
        4.83887     3.18319e-09              
        4.83948     6.36639e-09              
        4.84009     3.18319e-09              
         4.8407     6.36639e-09              
        4.84131     3.18319e-09              
        4.84192               0              
        4.84253     6.36639e-09              
        4.84314               0              
        4.84375               0              
        4.84436               0              
        4.84497     3.18319e-09              
        4.84558               0              
        4.84619               0              
         4.8468     6.36639e-09              
        4.84741               0              
        4.84802               0              
        4.84863               0              
        4.84924               0              
        4.84985               0              
        4.85046     3.18319e-09              
        4.85107               0              
        4.85168     3.18319e-09              
        4.85229     9.54958e-09              
        4.85291     6.36639e-09              
        4.85352     3.18319e-09              
        4.85413     6.36639e-09              
        4.85474               0              
        4.85535     3.18319e-09              
        4.85596               0              
        4.85657     6.36639e-09              
        4.85718               0              
        4.85779               0              
         4.8584     3.18319e-09              
        4.85901     3.18319e-09              
        4.85962     3.18319e-09              
        4.86023               0              
        4.86084     3.18319e-09              
        4.86145     3.18319e-09              
        4.86206               0              
        4.86267     3.18319e-09              
        4.86328               0              
        4.86389     3.18319e-09              
         4.8645     6.36639e-09              
        4.86511     3.18319e-09              
        4.86572               0              
        4.86633               0              
        4.86694     3.18319e-09              
        4.86755               0              
        4.86816               0              
        4.86877               0              
        4.86938     3.18319e-09              
           4.87               0              
        4.87061     3.18319e-09              
        4.87122               0              
        4.87183               0              
        4.87244     6.36639e-09              
        4.87305     9.54958e-09              
        4.87366               0              
        4.87427               0              
        4.87488               0              
        4.87549     3.18319e-09              
         4.8761               0              
        4.87671               0              
        4.87732     3.18319e-09              
        4.87793     3.18319e-09              
        4.87854     3.18319e-09              
        4.87915               0              
        4.87976     3.18319e-09              
        4.88037     3.18319e-09              
        4.88098     3.18319e-09              
        4.88159     6.36639e-09              
         4.8822     9.54958e-09              
        4.88281               0              
        4.88342     3.18319e-09              
        4.88403     3.18319e-09              
        4.88464               0              
        4.88525               0              
        4.88586               0              
        4.88647     3.18319e-09              
        4.88708     3.18319e-09              
         4.8877     9.54958e-09              
        4.88831     9.54958e-09              
        4.88892               0              
        4.88953     3.18319e-09              
        4.89014               0              
        4.89075               0              
        4.89136     3.18319e-09              
        4.89197     3.18319e-09              
        4.89258     6.36639e-09              
        4.89319               0              
         4.8938               0              
        4.89441               0              
        4.89502     3.18319e-09              
        4.89563     6.36639e-09              
        4.89624     6.36639e-09              
        4.89685     3.18319e-09              
        4.89746               0              
        4.89807               0              
        4.89868               0              
        4.89929     3.18319e-09              
         4.8999     3.18319e-09              
        4.90051               0              
        4.90112               0              
        4.90173               0              
        4.90234               0              
        4.90295               0              
        4.90356     6.36639e-09              
        4.90417     3.18319e-09              
        4.90479     3.18319e-09              
         4.9054     3.18319e-09              
        4.90601               0              
        4.90662     3.18319e-09              
        4.90723     3.18319e-09              
        4.90784     3.18319e-09              
        4.90845               0              
        4.90906     3.18319e-09              
        4.90967     3.18319e-09              
        4.91028               0              
        4.91089               0              
         4.9115               0              
        4.91211               0              
        4.91272               0              
        4.91333     3.18319e-09              
        4.91394     3.18319e-09              
        4.91455               0              
        4.91516               0              
        4.91577     3.18319e-09              
        4.91638     3.18319e-09              
        4.91699     6.36639e-09              
         4.9176     3.18319e-09              
        4.91821     3.18319e-09              
        4.91882     3.18319e-09              
        4.91943     3.18319e-09              
        4.92004     6.36639e-09              
        4.92065               0              
        4.92126               0              
        4.92188               0              
        4.92249               0              
         4.9231     3.18319e-09              
        4.92371               0              
        4.92432     3.18319e-09              
        4.92493               0              
        4.92554               0              
        4.92615     9.54958e-09              
        4.92676               0              
        4.92737     6.36639e-09              
        4.92798               0              
        4.92859               0              
         4.9292               0              
        4.92981               0              
        4.93042     3.18319e-09              
        4.93103     3.18319e-09              
        4.93164     3.18319e-09              
        4.93225     3.18319e-09              
        4.93286               0              
        4.93347               0              
        4.93408               0              
        4.93469     6.36639e-09              
         4.9353               0              
        4.93591               0              
        4.93652               0              
        4.93713     3.18319e-09              
        4.93774               0              
        4.93835     3.18319e-09              
        4.93896     3.18319e-09              
        4.93958               0              
        4.94019     3.18319e-09              
         4.9408               0              
        4.94141     3.18319e-09              
        4.94202     6.36639e-09              
        4.94263     3.18319e-09              
        4.94324               0              
        4.94385     3.18319e-09              
        4.94446               0              
        4.94507     3.18319e-09              
        4.94568               0              
        4.94629               0              
         4.9469     9.54958e-09              
        4.94751     3.18319e-09              
        4.94812               0              
        4.94873               0              
        4.94934     6.36639e-09              
        4.94995               0              
        4.95056     3.18319e-09              
        4.95117               0              
        4.95178               0              
        4.95239     3.18319e-09              
          4.953               0              
        4.95361     3.18319e-09              
        4.95422     3.18319e-09              
        4.95483               0              
        4.95544     3.18319e-09              
        4.95605               0              
        4.95667     3.18319e-09              
        4.95728               0              
        4.95789               0              
         4.9585     3.18319e-09              
        4.95911               0              
        4.95972     6.36639e-09              
        4.96033     9.54958e-09              
        4.96094     3.18319e-09              
        4.96155     3.18319e-09              
        4.96216               0              
        4.96277     6.36639e-09              
        4.96338               0              
        4.96399     3.18319e-09              
         4.9646               0              
        4.96521     6.36639e-09              
        4.96582     3.18319e-09              
        4.96643               0              
        4.96704               0              
        4.96765               0              
        4.96826     6.36639e-09              
        4.96887     3.18319e-09              
        4.96948               0              
        4.97009               0              
         4.9707               0              
        4.97131     3.18319e-09              
        4.97192               0              
        4.97253     3.18319e-09              
        4.97314     3.18319e-09              
        4.97375               0              
        4.97437     3.18319e-09              
        4.97498               0              
        4.97559     3.18319e-09              
         4.9762               0              
        4.97681     3.18319e-09              
        4.97742               0              
        4.97803               0              
        4.97864     1.27328e-08              
        4.97925     6.36639e-09              
        4.97986     3.18319e-09              
        4.98047               0              
        4.98108               0              
        4.98169     9.54958e-09              
         4.9823               0              
        4.98291     6.36639e-09              
        4.98352     3.18319e-09              
        4.98413               0              
        4.98474               0              
        4.98535     3.18319e-09              
        4.98596               0              
        4.98657     3.18319e-09              
        4.98718     3.18319e-09              
        4.98779     3.18319e-09              
         4.9884     6.36639e-09              
        4.98901               0              
        4.98962               0              
        4.99023               0              
        4.99084     9.54958e-09              
        4.99146     3.18319e-09              
        4.99207     3.18319e-09              
        4.99268               0              
        4.99329     3.18319e-09              
         4.9939     6.36639e-09              
        4.99451               0              
        4.99512               0              
        4.99573               0              
        4.99634               0              
        4.99695     3.18319e-09              
        4.99756               0              
        4.99817     6.36639e-09              
