Energy N
0 3284
0.00125 0
0.0025 0
0.00375 0
0.005 0
0.00625 0
0.0075 0
0.00875 39
0.01 11
0.01125 0
0.0125 0
0.01375 0
0.015 0
0.01625 1
0.0175 0
0.01875 1
0.02 1
0.02125 0
0.0225 0
0.02375 0
0.025 0
0.02625 1
0.0275 1
0.02875 0
0.03 1
0.03125 0
0.0325 0
0.03375 0
0.035 1
0.03625 1
0.0375 0
0.03875 1
0.04 0
0.04125 0
0.0425 2
0.04375 1
0.045 1
0.04625 0
0.0475 0
0.04875 2
0.05 0
0.05125 3
0.0525 0
0.05375 1
0.055 1
0.05625 2
0.0575 5
0.05875 2
0.06 5
0.06125 5
0.0625 7
0.06375 2
0.065 4
0.06625 6
0.0675 3
0.06875 8
0.07 11
0.07125 15
0.0725 11
0.07375 15
0.075 11
0.07625 5
0.0775 5
0.07875 5
0.08 16
0.08125 7
0.0825 7
0.08375 12
0.085 7
0.08625 11
0.0875 9
0.08875 13
0.09 11
0.09125 18
0.0925 18
0.09375 12
0.095 9
0.09625 15
0.0975 22
0.09875 22
0.1 11
0.10125 13
0.1025 20
0.10375 17
0.105 22
0.10625 17
0.1075 18
0.10875 15
0.11 14
0.11125 11
0.1125 22
0.11375 17
0.115 31
0.11625 11
0.1175 20
0.11875 24
0.12 20
0.12125 31
0.1225 25
0.12375 15
0.125 28
0.12625 21
0.1275 16
0.12875 30
0.13 15
0.13125 25
0.1325 32
0.13375 28
0.135 22
0.13625 21
0.1375 22
0.13875 30
0.14 36
0.14125 27
0.1425 24
0.14375 26
0.145 22
0.14625 16
0.1475 25
0.14875 24
0.15 17
0.15125 27
0.1525 29
0.15375 18
0.155 23
0.15625 24
0.1575 39
0.15875 31
0.16 32
0.16125 26
0.1625 22
0.16375 27
0.165 18
0.16625 23
0.1675 30
0.16875 33
0.17 32
0.17125 24
0.1725 28
0.17375 25
0.175 15
0.17625 18
0.1775 15
0.17875 31
0.18 25
0.18125 26
0.1825 26
0.18375 28
0.185 22
0.18625 24
0.1875 23
0.18875 26
0.19 31
0.19125 29
0.1925 16
0.19375 15
0.195 32
0.19625 37
0.1975 34
0.19875 25
0.2 21
0.20125 24
0.2025 19
0.20375 22
0.205 27
0.20625 25
0.2075 20
0.20875 18
0.21 20
0.21125 29
0.2125 22
0.21375 19
0.215 25
0.21625 16
0.2175 24
0.21875 24
0.22 29
0.22125 34
0.2225 28
0.22375 13
0.225 14
0.22625 20
0.2275 27
0.22875 22
0.23 25
0.23125 17
0.2325 22
0.23375 19
0.235 17
0.23625 22
0.2375 20
0.23875 22
0.24 20
0.24125 28
0.2425 26
0.24375 24
0.245 15
0.24625 16
0.2475 13
0.24875 18
0.25 19
0.25125 14
0.2525 8
0.25375 20
0.255 15
0.25625 11
0.2575 19
0.25875 12
0.26 24
0.26125 10
0.2625 35
0.26375 21
0.265 21
0.26625 18
0.2675 17
0.26875 17
0.27 21
0.27125 14
0.2725 12
0.27375 12
0.275 27
0.27625 14
0.2775 13
0.27875 15
0.28 16
0.28125 12
0.2825 19
0.28375 16
0.285 17
0.28625 16
0.2875 12
0.28875 13
0.29 15
0.29125 15
0.2925 12
0.29375 13
0.295 20
0.29625 7
0.2975 12
0.29875 14
0.3 19
0.30125 9
0.3025 20
0.30375 14
0.305 10
0.30625 16
0.3075 7
0.30875 11
0.31 21
0.31125 15
0.3125 20
0.31375 11
0.315 14
0.31625 17
0.3175 12
0.31875 11
0.32 12
0.32125 16
0.3225 12
0.32375 21
0.325 17
0.32625 9
0.3275 14
0.32875 14
0.33 8
0.33125 13
0.3325 23
0.33375 3
0.335 18
0.33625 4
0.3375 8
0.33875 8
0.34 14
0.34125 4
0.3425 7
0.34375 20
0.345 11
0.34625 6
0.3475 5
0.34875 9
0.35 10
0.35125 12
0.3525 7
0.35375 13
0.355 7
0.35625 12
0.3575 11
0.35875 8
0.36 6
0.36125 7
0.3625 11
0.36375 15
0.365 11
0.36625 9
0.3675 23
0.36875 8
0.37 5
0.37125 10
0.3725 9
0.37375 2
0.375 12
0.37625 8
0.3775 7
0.37875 1
0.38 5
0.38125 5
0.3825 11
0.38375 10
0.385 16
0.38625 11
0.3875 8
0.38875 9
0.39 7
0.39125 7
0.3925 4
0.39375 13
0.395 12
0.39625 7
0.3975 10
0.39875 10
0.4 9
0.40125 6
0.4025 5
0.40375 10
0.405 8
0.40625 2
0.4075 6
0.40875 9
0.41 11
0.41125 17
0.4125 6
0.41375 8
0.415 6
0.41625 5
0.4175 7
0.41875 7
0.42 10
0.42125 8
0.4225 8
0.42375 6
0.425 3
0.42625 3
0.4275 7
0.42875 5
0.43 6
0.43125 7
0.4325 5
0.43375 6
0.435 7
0.43625 7
0.4375 8
0.43875 9
0.44 7
0.44125 3
0.4425 12
0.44375 11
0.445 7
0.44625 3
0.4475 4
0.44875 14
0.45 12
0.45125 5
0.4525 7
0.45375 8
0.455 18
0.45625 5
0.4575 6
0.45875 5
0.46 8
0.46125 4
0.4625 5
0.46375 0
0.465 11
0.46625 9
0.4675 6
0.46875 3
0.47 4
0.47125 9
0.4725 5
0.47375 7
0.475 12
0.47625 16
0.4775 7
0.47875 6
0.48 3
0.48125 7
0.4825 11
0.48375 10
0.485 1
0.48625 8
0.4875 3
0.48875 4
0.49 10
0.49125 8
0.4925 0
0.49375 13
0.495 9
0.49625 9
0.4975 8
0.49875 9
0.5 13
0.50125 6
0.5025 7
0.50375 8
0.505 7
0.50625 3
0.5075 10
0.50875 4
0.51 175
0.51125 5
0.5125 1
0.51375 2
0.515 7
0.51625 4
0.5175 14
0.51875 5
0.52 5
0.52125 2
0.5225 5
0.52375 0
0.525 3
0.52625 2
0.5275 1
0.52875 6
0.53 4
0.53125 10
0.5325 6
0.53375 7
0.535 4
0.53625 9
0.5375 5
0.53875 8
0.54 7
0.54125 1
0.5425 12
0.54375 5
0.545 7
0.54625 3
0.5475 10
0.54875 3
0.55 5
0.55125 3
0.5525 4
0.55375 3
0.555 2
0.55625 4
0.5575 3
0.55875 5
0.56 0
0.56125 3
0.5625 10
0.56375 2
0.565 1
0.56625 9
0.5675 13
0.56875 7
0.57 3
0.57125 2
0.5725 1
0.57375 10
0.575 4
0.57625 4
0.5775 3
0.57875 0
0.58 5
0.58125 5
0.5825 4
0.58375 1
0.585 5
0.58625 4
0.5875 5
0.58875 1
0.59 2
0.59125 3
0.5925 6
0.59375 1
0.595 30
0.59625 3
0.5975 5
0.59875 2
0.6 4
0.60125 6
0.6025 2
0.60375 5
0.605 5
0.60625 2
0.6075 3
0.60875 0
0.61 2
0.61125 3
0.6125 3
0.61375 4
0.615 10
0.61625 1
0.6175 1
0.61875 6
0.62 6
0.62125 0
0.6225 1
0.62375 1
0.625 7
0.62625 6
0.6275 4
0.62875 6
0.63 6
0.63125 1
0.6325 4
0.63375 3
0.635 1
0.63625 7
0.6375 0
0.63875 9
0.64 6
0.64125 1
0.6425 2
0.64375 4
0.645 8
0.64625 1
0.6475 4
0.64875 1
0.65 3
0.65125 5
0.6525 1
0.65375 1
0.655 1
0.65625 3
0.6575 3
0.65875 5
0.66 3
0.66125 3
0.6625 4
0.66375 13
0.665 2
0.66625 10
0.6675 3
0.66875 2
0.67 4
0.67125 2
0.6725 5
0.67375 5
0.675 2
0.67625 2
0.6775 4
0.67875 5
0.68 6
0.68125 6
0.6825 2
0.68375 7
0.685 11
0.68625 4
0.6875 3
0.68875 0
0.69 9
0.69125 8
0.6925 0
0.69375 4
0.695 2
0.69625 2
0.6975 2
0.69875 3
0.7 0
0.70125 3
0.7025 3
0.70375 4
0.705 8
0.70625 0
0.7075 3
0.70875 3
0.71 2
0.71125 1
0.7125 7
0.71375 4
0.715 4
0.71625 4
0.7175 3
0.71875 10
0.72 5
0.72125 0
0.7225 1
0.72375 3
0.725 6
0.72625 0
0.7275 5
0.72875 3
0.73 2
0.73125 3
0.7325 2
0.73375 2
0.735 6
0.73625 0
0.7375 1
0.73875 0
0.74 3
0.74125 2
0.7425 2
0.74375 6
0.745 0
0.74625 1
0.7475 1
0.74875 0
0.75 2
0.75125 3
0.7525 5
0.75375 1
0.755 5
0.75625 4
0.7575 1
0.75875 3
0.76 2
0.76125 2
0.7625 4
0.76375 4
0.765 3
0.76625 4
0.7675 1
0.76875 3
0.77 1
0.77125 3
0.7725 9
0.77375 6
0.775 0
0.77625 3
0.7775 0
0.77875 1
0.78 4
0.78125 1
0.7825 2
0.78375 3
0.785 2
0.78625 5
0.7875 4
0.78875 4
0.79 6
0.79125 2
0.7925 0
0.79375 5
0.795 4
0.79625 2
0.7975 0
0.79875 3
0.8 5
0.80125 5
0.8025 3
0.80375 3
0.805 3
0.80625 3
0.8075 0
0.80875 0
0.81 1
0.81125 7
0.8125 1
0.81375 1
0.815 0
0.81625 1
0.8175 2
0.81875 7
0.82 0
0.82125 3
0.8225 4
0.82375 0
0.825 0
0.82625 3
0.8275 5
0.82875 3
0.83 2
0.83125 2
0.8325 6
0.83375 16
0.835 3
0.83625 5
0.8375 2
0.83875 6
0.84 4
0.84125 2
0.8425 1
0.84375 2
0.845 0
0.84625 4
0.8475 1
0.84875 5
0.85 1
0.85125 0
0.8525 3
0.85375 5
0.855 4
0.85625 5
0.8575 2
0.85875 3
0.86 6
0.86125 1
0.8625 1
0.86375 1
0.865 1
0.86625 7
0.8675 1
0.86875 3
0.87 5
0.87125 2
0.8725 3
0.87375 2
0.875 0
0.87625 1
0.8775 3
0.87875 0
0.88 2
0.88125 1
0.8825 2
0.88375 1
0.885 2
0.88625 1
0.8875 2
0.88875 1
0.89 3
0.89125 1
0.8925 1
0.89375 1
0.895 4
0.89625 1
0.8975 4
0.89875 0
0.9 0
0.90125 0
0.9025 1
0.90375 0
0.905 2
0.90625 4
0.9075 1
0.90875 1
0.91 0
0.91125 2
0.9125 6
0.91375 3
0.915 5
0.91625 1
0.9175 6
0.91875 0
0.92 2
0.92125 1
0.9225 0
0.92375 2
0.925 3
0.92625 0
0.9275 4
0.92875 3
0.93 0
0.93125 7
0.9325 0
0.93375 3
0.935 0
0.93625 4
0.9375 4
0.93875 3
0.94 1
0.94125 0
0.9425 1
0.94375 2
0.945 2
0.94625 2
0.9475 3
0.94875 3
0.95 1
0.95125 5
0.9525 0
0.95375 4
0.955 1
0.95625 3
0.9575 7
0.95875 3
0.96 0
0.96125 2
0.9625 2
0.96375 0
0.965 0
0.96625 4
0.9675 2
0.96875 0
0.97 2
0.97125 7
0.9725 3
0.97375 1
0.975 4
0.97625 4
0.9775 2
0.97875 1
0.98 5
0.98125 0
0.9825 0
0.98375 2
0.985 5
0.98625 5
0.9875 1
0.98875 4
0.99 2
0.99125 0
0.9925 1
0.99375 0
0.995 3
0.99625 0
0.9975 1
0.99875 4
1 0
1.00125 2
1.0025 2
1.00375 0
1.005 0
1.00625 0
1.0075 3
1.00875 2
1.01 3
1.01125 0
1.0125 3
1.01375 0
1.015 4
1.01625 6
1.0175 0
1.01875 2
1.02 2
1.02125 0
1.0225 0
1.02375 2
1.025 3
1.02625 5
1.0275 2
1.02875 0
1.03 0
1.03125 1
1.0325 3
1.03375 1
1.035 0
1.03625 1
1.0375 3
1.03875 9
1.04 2
1.04125 0
1.0425 0
1.04375 3
1.045 0
1.04625 2
1.0475 0
1.04875 2
1.05 3
1.05125 2
1.0525 2
1.05375 4
1.055 2
1.05625 2
1.0575 3
1.05875 3
1.06 0
1.06125 3
1.0625 0
1.06375 3
1.065 0
1.06625 2
1.0675 0
1.06875 0
1.07 2
1.07125 0
1.0725 0
1.07375 0
1.075 2
1.07625 1
1.0775 2
1.07875 1
1.08 3
1.08125 4
1.0825 3
1.08375 5
1.085 3
1.08625 0
1.0875 0
1.08875 0
1.09 0
1.09125 1
1.0925 1
1.09375 2
1.095 1
1.09625 0
1.0975 7
1.09875 2
1.1 1
1.10125 0
1.1025 0
1.10375 3
1.105 2
1.10625 0
1.1075 2
1.10875 1
1.11 1
1.11125 4
1.1125 0
1.11375 3
1.115 2
1.11625 1
1.1175 2
1.11875 1
1.12 1
1.12125 1
1.1225 3
1.12375 1
1.125 1
1.12625 3
1.1275 2
1.12875 0
1.13 1
1.13125 2
1.1325 0
1.13375 3
1.135 0
1.13625 2
1.1375 2
1.13875 2
1.14 0
1.14125 1
1.1425 2
1.14375 4
1.145 2
1.14625 0
1.1475 0
1.14875 2
1.15 1
1.15125 0
1.1525 2
1.15375 2
1.155 2
1.15625 0
1.1575 4
1.15875 2
1.16 2
1.16125 0
1.1625 1
1.16375 3
1.165 0
1.16625 0
1.1675 2
1.16875 1
1.17 1
1.17125 4
1.1725 0
1.17375 0
1.175 5
1.17625 2
1.1775 0
1.17875 2
1.18 0
1.18125 2
1.1825 0
1.18375 1
1.185 0
1.18625 1
1.1875 4
1.18875 4
1.19 3
1.19125 3
1.1925 0
1.19375 3
1.195 0
1.19625 0
1.1975 1
1.19875 3
1.2 3
1.20125 2
1.2025 4
1.20375 3
1.205 1
1.20625 0
1.2075 3
1.20875 1
1.21 0
1.21125 0
1.2125 4
1.21375 1
1.215 2
1.21625 1
1.2175 2
1.21875 1
1.22 1
1.22125 3
1.2225 0
1.22375 4
1.225 1
1.22625 3
1.2275 0
1.22875 0
1.23 0
1.23125 0
1.2325 2
1.23375 0
1.235 1
1.23625 1
1.2375 4
1.23875 0
1.24 1
1.24125 0
1.2425 2
1.24375 0
1.245 2
1.24625 1
1.2475 0
1.24875 0
1.25 3
1.25125 5
1.2525 0
1.25375 0
1.255 1
1.25625 3
1.2575 0
1.25875 0
1.26 2
1.26125 0
1.2625 2
1.26375 2
1.265 2
1.26625 0
1.2675 1
1.26875 1
1.27 2
1.27125 0
1.2725 3
1.27375 0
1.275 2
1.27625 0
1.2775 3
1.27875 2
1.28 0
1.28125 1
1.2825 2
1.28375 5
1.285 0
1.28625 2
1.2875 2
1.28875 1
1.29 2
1.29125 2
1.2925 0
1.29375 0
1.295 0
1.29625 0
1.2975 2
1.29875 3
1.3 1
1.30125 1
1.3025 3
1.30375 0
1.305 3
1.30625 0
1.3075 2
1.30875 3
1.31 3
1.31125 5
1.3125 3
1.31375 3
1.315 0
1.31625 0
1.3175 3
1.31875 1
1.32 0
1.32125 0
1.3225 0
1.32375 0
1.325 3
1.32625 3
1.3275 0
1.32875 1
1.33 2
1.33125 0
1.3325 0
1.33375 0
1.335 1
1.33625 0
1.3375 3
1.33875 1
1.34 0
1.34125 1
1.3425 2
1.34375 0
1.345 0
1.34625 7
1.3475 4
1.34875 2
1.35 0
1.35125 0
1.3525 3
1.35375 0
1.355 0
1.35625 5
1.3575 0
1.35875 2
1.36 3
1.36125 0
1.3625 3
1.36375 3
1.365 1
1.36625 2
1.3675 1
1.36875 1
1.37 2
1.37125 0
1.3725 2
1.37375 4
1.375 2
1.37625 2
1.3775 0
1.37875 0
1.38 1
1.38125 0
1.3825 1
1.38375 0
1.385 3
1.38625 0
1.3875 0
1.38875 2
1.39 2
1.39125 3
1.3925 1
1.39375 2
1.395 0
1.39625 1
1.3975 0
1.39875 2
1.4 2
1.40125 0
1.4025 0
1.40375 0
1.405 0
1.40625 2
1.4075 3
1.40875 0
1.41 0
1.41125 3
1.4125 1
1.41375 0
1.415 1
1.41625 0
1.4175 0
1.41875 2
1.42 0
1.42125 2
1.4225 0
1.42375 1
1.425 3
1.42625 1
1.4275 0
1.42875 3
1.43 0
1.43125 0
1.4325 1
1.43375 0
1.435 0
1.43625 0
1.4375 3
1.43875 0
1.44 3
1.44125 0
1.4425 1
1.44375 2
1.445 1
1.44625 1
1.4475 0
1.44875 3
1.45 2
1.45125 1
1.4525 2
1.45375 3
1.455 0
1.45625 1
1.4575 0
1.45875 2
1.46 0
1.46125 2
1.4625 0
1.46375 2
1.465 0
1.46625 0
1.4675 1
1.46875 1
1.47 0
1.47125 3
1.4725 0
1.47375 1
1.475 0
1.47625 4
1.4775 1
1.47875 4
1.48 0
1.48125 1
1.4825 0
1.48375 1
1.485 2
1.48625 2
1.4875 2
1.48875 1
1.49 0
1.49125 3
1.4925 3
1.49375 1
1.495 4
1.49625 3
1.4975 1
1.49875 1
1.5 0
1.50125 0
1.5025 0
1.50375 4
1.505 3
1.50625 1
1.5075 1
1.50875 3
1.51 1
1.51125 0
1.5125 2
1.51375 0
1.515 1
1.51625 3
1.5175 2
1.51875 2
1.52 0
1.52125 0
1.5225 3
1.52375 1
1.525 3
1.52625 0
1.5275 2
1.52875 1
1.53 0
1.53125 4
1.5325 3
1.53375 1
1.535 4
1.53625 1
1.5375 5
1.53875 1
1.54 3
1.54125 4
1.5425 1
1.54375 1
1.545 0
1.54625 0
1.5475 1
1.54875 0
1.55 1
1.55125 1
1.5525 0
1.55375 1
1.555 0
1.55625 1
1.5575 2
1.55875 2
1.56 4
1.56125 0
1.5625 2
1.56375 1
1.565 0
1.56625 0
1.5675 0
1.56875 2
1.57 0
1.57125 0
1.5725 0
1.57375 0
1.575 1
1.57625 1
1.5775 0
1.57875 1
1.58 0
1.58125 2
1.5825 0
1.58375 1
1.585 3
1.58625 0
1.5875 2
1.58875 0
1.59 1
1.59125 0
1.5925 1
1.59375 0
1.595 0
1.59625 2
1.5975 1
1.59875 0
1.6 0
1.60125 2
1.6025 3
1.60375 0
1.605 2
1.60625 0
1.6075 3
1.60875 0
1.61 2
1.61125 1
1.6125 2
1.61375 0
1.615 3
1.61625 2
1.6175 0
1.61875 0
1.62 6
1.62125 3
1.6225 0
1.62375 1
1.625 2
1.62625 8
1.6275 2
1.62875 1
1.63 2
1.63125 1
1.6325 2
1.63375 2
1.635 1
1.63625 0
1.6375 1
1.63875 1
1.64 1
1.64125 1
1.6425 0
1.64375 0
1.645 2
1.64625 1
1.6475 1
1.64875 0
1.65 2
1.65125 1
1.6525 0
1.65375 1
1.655 1
1.65625 0
1.6575 1
1.65875 1
1.66 1
1.66125 0
1.6625 3
1.66375 0
1.665 0
1.66625 0
1.6675 1
1.66875 2
1.67 2
1.67125 3
1.6725 0
1.67375 4
1.675 0
1.67625 0
1.6775 5
1.67875 1
1.68 0
1.68125 1
1.6825 1
1.68375 0
1.685 2
1.68625 1
1.6875 0
1.68875 0
1.69 2
1.69125 0
1.6925 1
1.69375 2
1.695 0
1.69625 5
1.6975 1
1.69875 0
1.7 1
1.70125 0
1.7025 2
1.70375 1
1.705 0
1.70625 2
1.7075 0
1.70875 0
1.71 2
1.71125 2
1.7125 0
1.71375 0
1.715 1
1.71625 1
1.7175 1
1.71875 0
1.72 2
1.72125 0
1.7225 5
1.72375 0
1.725 0
1.72625 1
1.7275 0
1.72875 1
1.73 1
1.73125 0
1.7325 0
1.73375 0
1.735 4
1.73625 2
1.7375 1
1.73875 2
1.74 0
1.74125 0
1.7425 0
1.74375 2
1.745 3
1.74625 1
1.7475 0
1.74875 0
1.75 0
1.75125 0
1.7525 2
1.75375 0
1.755 0
1.75625 0
1.7575 1
1.75875 1
1.76 2
1.76125 2
1.7625 0
1.76375 0
1.765 2
1.76625 0
1.7675 1
1.76875 0
1.77 0
1.77125 2
1.7725 1
1.77375 1
1.775 6
1.77625 3
1.7775 0
1.77875 12
1.78 3
1.78125 0
1.7825 0
1.78375 0
1.785 1
1.78625 1
1.7875 2
1.78875 2
1.79 0
1.79125 0
1.7925 0
1.79375 4
1.795 0
1.79625 0
1.7975 0
1.79875 0
1.8 2
1.80125 2
1.8025 3
1.80375 0
1.805 1
1.80625 0
1.8075 1
1.80875 1
1.81 1
1.81125 0
1.8125 1
1.81375 1
1.815 0
1.81625 2
1.8175 1
1.81875 3
1.82 1
1.82125 0
1.8225 0
1.82375 0
1.825 1
1.82625 0
1.8275 0
1.82875 4
1.83 0
1.83125 0
1.8325 0
1.83375 0
1.835 2
1.83625 2
1.8375 0
1.83875 1
1.84 0
1.84125 1
1.8425 1
1.84375 1
1.845 1
1.84625 0
1.8475 1
1.84875 0
1.85 0
1.85125 2
1.8525 0
1.85375 0
1.855 2
1.85625 1
1.8575 1
1.85875 0
1.86 2
1.86125 3
1.8625 1
1.86375 0
1.865 1
1.86625 1
1.8675 0
1.86875 3
1.87 1
1.87125 0
1.8725 0
1.87375 0
1.875 0
1.87625 1
1.8775 0
1.87875 0
1.88 1
1.88125 0
1.8825 5
1.88375 0
1.885 0
1.88625 3
1.8875 0
1.88875 1
1.89 1
1.89125 1
1.8925 1
1.89375 0
1.895 0
1.89625 0
1.8975 0
1.89875 1
1.9 0
1.90125 0
1.9025 2
1.90375 1
1.905 2
1.90625 0
1.9075 2
1.90875 0
1.91 0
1.91125 1
1.9125 0
1.91375 4
1.915 2
1.91625 0
1.9175 0
1.91875 1
1.92 2
1.92125 1
1.9225 0
1.92375 0
1.925 2
1.92625 1
1.9275 1
1.92875 2
1.93 3
1.93125 0
1.9325 2
1.93375 2
1.935 0
1.93625 3
1.9375 1
1.93875 0
1.94 0
1.94125 0
1.9425 1
1.94375 2
1.945 1
1.94625 1
1.9475 0
1.94875 0
1.95 3
1.95125 0
1.9525 0
1.95375 1
1.955 0
1.95625 0
1.9575 0
1.95875 2
1.96 1
1.96125 3
1.9625 1
1.96375 1
1.965 1
1.96625 3
1.9675 1
1.96875 1
1.97 2
1.97125 0
1.9725 0
1.97375 1
1.975 0
1.97625 1
1.9775 0
1.97875 1
1.98 0
1.98125 1
1.9825 0
1.98375 1
1.985 0
1.98625 2
1.9875 0
1.98875 1
1.99 0
1.99125 2
1.9925 0
1.99375 0
1.995 2
1.99625 2
1.9975 1
1.99875 0
2 1
2.00125 1
2.0025 0
2.00375 0
2.005 1
2.00625 1
2.0075 2
2.00875 1
2.01 1
2.01125 6
2.0125 2
2.01375 0
2.015 2
2.01625 2
2.0175 0
2.01875 0
2.02 2
2.02125 1
2.0225 0
2.02375 0
2.025 0
2.02625 0
2.0275 0
2.02875 1
2.03 0
2.03125 0
2.0325 0
2.03375 0
2.035 0
2.03625 0
2.0375 0
2.03875 0
2.04 1
2.04125 2
2.0425 0
2.04375 0
2.045 2
2.04625 0
2.0475 1
2.04875 0
2.05 0
2.05125 1
2.0525 2
2.05375 1
2.055 0
2.05625 1
2.0575 2
2.05875 1
2.06 0
2.06125 1
2.0625 1
2.06375 0
2.065 0
2.06625 1
2.0675 0
2.06875 0
2.07 0
2.07125 0
2.0725 2
2.07375 1
2.075 2
2.07625 0
2.0775 0
2.07875 2
2.08 0
2.08125 4
2.0825 0
2.08375 0
2.085 3
2.08625 1
2.0875 0
2.08875 0
2.09 0
2.09125 0
2.0925 0
2.09375 0
2.095 0
2.09625 1
2.0975 3
2.09875 0
2.1 3
2.10125 0
2.1025 0
2.10375 0
2.105 0
2.10625 1
2.1075 2
2.10875 0
2.11 0
2.11125 1
2.1125 0
2.11375 0
2.115 2
2.11625 0
2.1175 0
2.11875 1
2.12 2
2.12125 0
2.1225 0
2.12375 0
2.125 0
2.12625 0
2.1275 0
2.12875 0
2.13 6
2.13125 1
2.1325 0
2.13375 0
2.135 0
2.13625 1
2.1375 1
2.13875 0
2.14 1
2.14125 2
2.1425 1
2.14375 3
2.145 0
2.14625 0
2.1475 0
2.14875 0
2.15 0
2.15125 2
2.1525 0
2.15375 0
2.155 0
2.15625 0
2.1575 0
2.15875 0
2.16 1
2.16125 1
2.1625 1
2.16375 0
2.165 3
2.16625 0
2.1675 0
2.16875 0
2.17 0
2.17125 1
2.1725 3
2.17375 1
2.175 0
2.17625 2
2.1775 0
2.17875 0
2.18 0
2.18125 0
2.1825 0
2.18375 2
2.185 0
2.18625 0
2.1875 0
2.18875 0
2.19 0
2.19125 2
2.1925 0
2.19375 1
2.195 0
2.19625 1
2.1975 2
2.19875 1
2.2 0
2.20125 1
2.2025 1
2.20375 1
2.205 0
2.20625 0
2.2075 1
2.20875 2
2.21 1
2.21125 2
2.2125 2
2.21375 1
2.215 0
2.21625 0
2.2175 2
2.21875 0
2.22 0
2.22125 0
2.2225 0
2.22375 71
2.225 1
2.22625 0
2.2275 0
2.22875 0
2.23 1
2.23125 0
2.2325 0
2.23375 1
2.235 0
2.23625 5
2.2375 0
2.23875 0
2.24 0
2.24125 0
2.2425 0
2.24375 0
2.245 1
2.24625 3
2.2475 0
2.24875 1
2.25 0
2.25125 0
2.2525 0
2.25375 0
2.255 0
2.25625 0
2.2575 0
2.25875 0
2.26 0
2.26125 2
2.2625 0
2.26375 0
2.265 2
2.26625 1
2.2675 1
2.26875 0
2.27 0
2.27125 0
2.2725 0
2.27375 0
2.275 2
2.27625 2
2.2775 1
2.27875 0
2.28 0
2.28125 1
2.2825 3
2.28375 2
2.285 1
2.28625 1
2.2875 0
2.28875 0
2.29 0
2.29125 0
2.2925 1
2.29375 2
2.295 1
2.29625 1
2.2975 0
2.29875 0
2.3 1
2.30125 1
2.3025 0
2.30375 0
2.305 0
2.30625 0
2.3075 1
2.30875 1
2.31 0
2.31125 0
2.3125 0
2.31375 1
2.315 1
2.31625 0
2.3175 0
2.31875 1
2.32 0
2.32125 0
2.3225 0
2.32375 1
2.325 1
2.32625 0
2.3275 2
2.32875 0
2.33 0
2.33125 1
2.3325 1
2.33375 2
2.335 0
2.33625 0
2.3375 1
2.33875 2
2.34 0
2.34125 0
2.3425 0
2.34375 0
2.345 0
2.34625 0
2.3475 0
2.34875 1
2.35 0
2.35125 3
2.3525 0
2.35375 0
2.355 0
2.35625 1
2.3575 2
2.35875 0
2.36 0
2.36125 1
2.3625 1
2.36375 0
2.365 0
2.36625 0
2.3675 1
2.36875 0
2.37 1
2.37125 1
2.3725 1
2.37375 1
2.375 0
2.37625 0
2.3775 1
2.37875 0
2.38 1
2.38125 0
2.3825 1
2.38375 0
2.385 0
2.38625 0
2.3875 0
2.38875 0
2.39 1
2.39125 1
2.3925 1
2.39375 0
2.395 1
2.39625 0
2.3975 0
2.39875 0
2.4 1
2.40125 1
2.4025 0
2.40375 0
2.405 0
2.40625 0
2.4075 0
2.40875 0
2.41 0
2.41125 2
2.4125 2
2.41375 2
2.415 3
2.41625 0
2.4175 1
2.41875 2
2.42 1
2.42125 0
2.4225 1
2.42375 0
2.425 0
2.42625 2
2.4275 1
2.42875 0
2.43 0
2.43125 0
2.4325 1
2.43375 0
2.435 0
2.43625 0
2.4375 1
2.43875 0
2.44 0
2.44125 0
2.4425 2
2.44375 2
2.445 0
2.44625 1
2.4475 0
2.44875 0
2.45 0
2.45125 1
2.4525 0
2.45375 0
2.455 1
2.45625 0
2.4575 2
2.45875 1
2.46 1
2.46125 0
2.4625 0
2.46375 2
2.465 0
2.46625 0
2.4675 0
2.46875 0
2.47 1
2.47125 0
2.4725 0
2.47375 1
2.475 0
2.47625 0
2.4775 0
2.47875 0
2.48 1
2.48125 0
2.4825 1
2.48375 0
2.485 0
2.48625 1
2.4875 0
2.48875 0
2.49 0
2.49125 2
2.4925 0
2.49375 1
2.495 0
2.49625 0
2.4975 2
2.49875 0
2.5 0
2.50125 0
2.5025 0
2.50375 0
2.505 0
2.50625 1
2.5075 5
2.50875 0
2.51 1
2.51125 0
2.5125 1
2.51375 1
2.515 0
2.51625 0
2.5175 1
2.51875 0
2.52 1
2.52125 1
2.5225 2
2.52375 0
2.525 0
2.52625 0
2.5275 0
2.52875 0
2.53 0
2.53125 0
2.5325 0
2.53375 1
2.535 0
2.53625 0
2.5375 2
2.53875 1
2.54 0
2.54125 1
2.5425 1
2.54375 1
2.545 3
2.54625 0
2.5475 0
2.54875 0
2.55 0
2.55125 0
2.5525 0
2.55375 3
2.555 0
2.55625 0
2.5575 0
2.55875 0
2.56 0
2.56125 1
2.5625 0
2.56375 0
2.565 0
2.56625 0
2.5675 0
2.56875 1
2.57 1
2.57125 0
2.5725 1
2.57375 0
2.575 1
2.57625 0
2.5775 2
2.57875 0
2.58 0
2.58125 2
2.5825 1
2.58375 0
2.585 1
2.58625 0
2.5875 0
2.58875 0
2.59 0
2.59125 0
2.5925 0
2.59375 1
2.595 0
2.59625 3
2.5975 1
2.59875 2
2.6 0
2.60125 0
2.6025 0
2.60375 1
2.605 2
2.60625 0
2.6075 0
2.60875 0
2.61 0
2.61125 1
2.6125 2
2.61375 4
2.615 0
2.61625 0
2.6175 0
2.61875 1
2.62 2
2.62125 0
2.6225 0
2.62375 0
2.625 3
2.62625 0
2.6275 1
2.62875 1
2.63 1
2.63125 1
2.6325 1
2.63375 0
2.635 0
2.63625 0
2.6375 0
2.63875 1
2.64 1
2.64125 0
2.6425 0
2.64375 1
2.645 1
2.64625 2
2.6475 0
2.64875 0
2.65 2
2.65125 0
2.6525 0
2.65375 0
2.655 1
2.65625 2
2.6575 0
2.65875 0
2.66 0
2.66125 0
2.6625 0
2.66375 0
2.665 0
2.66625 0
2.6675 1
2.66875 0
2.67 0
2.67125 0
2.6725 0
2.67375 1
2.675 1
2.67625 0
2.6775 2
2.67875 0
2.68 0
2.68125 3
2.6825 1
2.68375 0
2.685 0
2.68625 0
2.6875 0
2.68875 1
2.69 0
2.69125 0
2.6925 0
2.69375 0
2.695 1
2.69625 1
2.6975 1
2.69875 0
2.7 1
2.70125 0
2.7025 0
2.70375 0
2.705 0
2.70625 0
2.7075 0
2.70875 0
2.71 0
2.71125 0
2.7125 0
2.71375 0
2.715 0
2.71625 1
2.7175 2
2.71875 0
2.72 0
2.72125 0
2.7225 1
2.72375 0
2.725 0
2.72625 0
2.7275 1
2.72875 0
2.73 4
2.73125 1
2.7325 0
2.73375 1
2.735 1
2.73625 2
2.7375 0
2.73875 0
2.74 0
2.74125 1
2.7425 2
2.74375 0
2.745 0
2.74625 2
2.7475 0
2.74875 0
2.75 0
2.75125 1
2.7525 0
2.75375 1
2.755 0
2.75625 0
2.7575 0
2.75875 0
2.76 0
2.76125 0
2.7625 0
2.76375 0
2.765 0
2.76625 0
2.7675 2
2.76875 0
2.77 1
2.77125 0
2.7725 0
2.77375 3
2.775 0
2.77625 1
2.7775 1
2.77875 0
2.78 0
2.78125 0
2.7825 1
2.78375 0
2.785 1
2.78625 0
2.7875 0
2.78875 0
2.79 0
2.79125 0
2.7925 0
2.79375 0
2.795 0
2.79625 1
2.7975 0
2.79875 3
2.8 1
2.80125 2
2.8025 0
2.80375 1
2.805 2
2.80625 0
2.8075 0
2.80875 1
2.81 2
2.81125 2
2.8125 0
2.81375 0
2.815 0
2.81625 1
2.8175 2
2.81875 0
2.82 0
2.82125 0
2.8225 0
2.82375 0
2.825 0
2.82625 0
2.8275 1
2.82875 0
2.83 0
2.83125 0
2.8325 0
2.83375 1
2.835 0
2.83625 0
2.8375 0
2.83875 0
2.84 0
2.84125 0
2.8425 0
2.84375 0
2.845 0
2.84625 0
2.8475 0
2.84875 0
2.85 0
2.85125 1
2.8525 0
2.85375 0
2.855 1
2.85625 0
2.8575 0
2.85875 0
2.86 0
2.86125 1
2.8625 0
2.86375 1
2.865 0
2.86625 0
2.8675 0
2.86875 0
2.87 0
2.87125 1
2.8725 0
2.87375 0
2.875 1
2.87625 0
2.8775 0
2.87875 0
2.88 0
2.88125 1
2.8825 1
2.88375 0
2.885 0
2.88625 0
2.8875 0
2.88875 0
2.89 3
2.89125 0
2.8925 0
2.89375 2
2.895 0
2.89625 2
2.8975 0
2.89875 0
2.9 0
2.90125 0
2.9025 0
2.90375 1
2.905 1
2.90625 1
2.9075 1
2.90875 0
2.91 1
2.91125 0
2.9125 0
2.91375 1
2.915 0
2.91625 1
2.9175 0
2.91875 0
2.92 0
2.92125 0
2.9225 0
2.92375 0
2.925 1
2.92625 0
2.9275 4
2.92875 0
2.93 0
2.93125 1
2.9325 0
2.93375 0
2.935 0
2.93625 1
2.9375 0
2.93875 0
2.94 0
2.94125 0
2.9425 1
2.94375 2
2.945 0
2.94625 0
2.9475 0
2.94875 0
2.95 0
2.95125 1
2.9525 0
2.95375 0
2.955 1
2.95625 1
2.9575 1
2.95875 0
2.96 0
2.96125 0
2.9625 0
2.96375 0
2.965 0
2.96625 0
2.9675 0
2.96875 1
2.97 0
2.97125 2
2.9725 0
2.97375 0
2.975 1
2.97625 1
2.9775 1
2.97875 2
2.98 1
2.98125 0
2.9825 0
2.98375 2
2.985 0
2.98625 0
2.9875 0
2.98875 0
2.99 3
2.99125 0
2.9925 0
2.99375 0
2.995 2
2.99625 1
2.9975 2
2.99875 0
3 0
3.00125 0
3.0025 1
3.00375 0
3.005 1
3.00625 0
3.0075 0
3.00875 0
3.01 1
3.01125 3
3.0125 0
3.01375 0
3.015 1
3.01625 0
3.0175 0
3.01875 1
3.02 0
3.02125 0
3.0225 2
3.02375 0
3.025 1
3.02625 1
3.0275 0
3.02875 0
3.03 0
3.03125 0
3.0325 2
3.03375 0
3.035 1
3.03625 1
3.0375 0
3.03875 0
3.04 0
3.04125 2
3.0425 1
3.04375 0
3.045 0
3.04625 2
3.0475 0
3.04875 0
3.05 0
3.05125 0
3.0525 2
3.05375 1
3.055 0
3.05625 0
3.0575 1
3.05875 1
3.06 1
3.06125 1
3.0625 0
3.06375 2
3.065 0
3.06625 0
3.0675 0
3.06875 0
3.07 1
3.07125 0
3.0725 0
3.07375 0
3.075 0
3.07625 1
3.0775 0
3.07875 0
3.08 0
3.08125 0
3.0825 0
3.08375 1
3.085 0
3.08625 0
3.0875 0
3.08875 4
3.09 0
3.09125 3
3.0925 1
3.09375 0
3.095 0
3.09625 1
3.0975 0
3.09875 0
3.1 0
3.10125 0
3.1025 0
3.10375 1
3.105 0
3.10625 0
3.1075 0
3.10875 0
3.11 1
3.11125 1
3.1125 0
3.11375 0
3.115 0
3.11625 3
3.1175 1
3.11875 1
3.12 1
3.12125 0
3.1225 1
3.12375 0
3.125 0
3.12625 1
3.1275 0
3.12875 0
3.13 0
3.13125 0
3.1325 0
3.13375 0
3.135 0
3.13625 0
3.1375 0
3.13875 0
3.14 0
3.14125 0
3.1425 0
3.14375 0
3.145 0
3.14625 0
3.1475 0
3.14875 1
3.15 0
3.15125 0
3.1525 0
3.15375 0
3.155 0
3.15625 0
3.1575 0
3.15875 1
3.16 0
3.16125 0
3.1625 0
3.16375 0
3.165 0
3.16625 0
3.1675 0
3.16875 0
3.17 0
3.17125 0
3.1725 1
3.17375 0
3.175 0
3.17625 0
3.1775 0
3.17875 1
3.18 0
3.18125 0
3.1825 1
3.18375 1
3.185 0
3.18625 0
3.1875 0
3.18875 0
3.19 0
3.19125 0
3.1925 0
3.19375 1
3.195 3
3.19625 0
3.1975 1
3.19875 0
3.2 0
3.20125 2
3.2025 0
3.20375 2
3.205 0
3.20625 0
3.2075 0
3.20875 0
3.21 4
3.21125 0
3.2125 1
3.21375 1
3.215 0
3.21625 0
3.2175 0
3.21875 0
3.22 1
3.22125 0
3.2225 0
3.22375 0
3.225 2
3.22625 0
3.2275 0
3.22875 0
3.23 1
3.23125 0
3.2325 1
3.23375 0
3.235 0
3.23625 0
3.2375 0
3.23875 0
3.24 0
3.24125 0
3.2425 0
3.24375 0
3.245 2
3.24625 0
3.2475 1
3.24875 0
3.25 1
3.25125 0
3.2525 0
3.25375 0
3.255 0
3.25625 0
3.2575 0
3.25875 2
3.26 0
3.26125 1
3.2625 0
3.26375 0
3.265 1
3.26625 0
3.2675 0
3.26875 0
3.27 1
3.27125 0
3.2725 0
3.27375 0
3.275 0
3.27625 0
3.2775 0
3.27875 0
3.28 2
3.28125 1
3.2825 0
3.28375 0
3.285 0
3.28625 0
3.2875 0
3.28875 0
3.29 0
3.29125 1
3.2925 0
3.29375 0
3.295 0
3.29625 0
3.2975 1
3.29875 0
3.3 0
3.30125 0
3.3025 1
3.30375 0
3.305 1
3.30625 0
3.3075 0
3.30875 0
3.31 0
3.31125 2
3.3125 0
3.31375 0
3.315 0
3.31625 0
3.3175 0
3.31875 1
3.32 0
3.32125 2
3.3225 0
3.32375 0
3.325 1
3.32625 3
3.3275 0
3.32875 0
3.33 0
3.33125 0
3.3325 0
3.33375 1
3.335 0
3.33625 0
3.3375 2
3.33875 0
3.34 0
3.34125 0
3.3425 0
3.34375 1
3.345 0
3.34625 0
3.3475 0
3.34875 0
3.35 0
3.35125 0
3.3525 0
3.35375 1
3.355 0
3.35625 0
3.3575 0
3.35875 1
3.36 0
3.36125 1
3.3625 2
3.36375 0
3.365 0
3.36625 1
3.3675 1
3.36875 0
3.37 4
3.37125 1
3.3725 0
3.37375 0
3.375 0
3.37625 2
3.3775 0
3.37875 0
3.38 0
3.38125 0
3.3825 0
3.38375 0
3.385 0
3.38625 1
3.3875 0
3.38875 0
3.39 0
3.39125 2
3.3925 0
3.39375 0
3.395 0
3.39625 0
3.3975 0
3.39875 0
3.4 0
3.40125 0
3.4025 1
3.40375 1
3.405 0
3.40625 0
3.4075 0
3.40875 0
3.41 0
3.41125 0
3.4125 0
3.41375 0
3.415 1
3.41625 0
3.4175 0
3.41875 0
3.42 0
3.42125 2
3.4225 1
3.42375 0
3.425 0
3.42625 0
3.4275 0
3.42875 0
3.43 1
3.43125 0
3.4325 0
3.43375 0
3.435 0
3.43625 1
3.4375 0
3.43875 0
3.44 0
3.44125 0
3.4425 0
3.44375 0
3.445 0
3.44625 0
3.4475 1
3.44875 0
3.45 0
3.45125 0
3.4525 0
3.45375 0
3.455 0
3.45625 0
3.4575 0
3.45875 0
3.46 0
3.46125 1
3.4625 0
3.46375 0
3.465 2
3.46625 0
3.4675 0
3.46875 0
3.47 0
3.47125 0
3.4725 1
3.47375 0
3.475 2
3.47625 0
3.4775 0
3.47875 0
3.48 0
3.48125 0
3.4825 0
3.48375 0
3.485 0
3.48625 0
3.4875 0
3.48875 0
3.49 0
3.49125 0
3.4925 0
3.49375 1
3.495 0
3.49625 0
3.4975 0
3.49875 0
3.5 1
3.50125 0
3.5025 0
3.50375 0
3.505 0
3.50625 0
3.5075 0
3.50875 0
3.51 0
3.51125 0
3.5125 0
3.51375 0
3.515 0
3.51625 1
3.5175 0
3.51875 0
3.52 0
3.52125 0
3.5225 0
3.52375 1
3.525 0
3.52625 1
3.5275 0
3.52875 2
3.53 0
3.53125 0
3.5325 0
3.53375 0
3.535 0
3.53625 0
3.5375 0
3.53875 0
3.54 0
3.54125 0
3.5425 0
3.54375 1
3.545 0
3.54625 0
3.5475 0
3.54875 0
3.55 0
3.55125 0
3.5525 0
3.55375 0
3.555 0
3.55625 0
3.5575 0
3.55875 0
3.56 1
3.56125 0
3.5625 0
3.56375 1
3.565 0
3.56625 0
3.5675 0
3.56875 0
3.57 0
3.57125 0
3.5725 0
3.57375 0
3.575 0
3.57625 1
3.5775 0
3.57875 0
3.58 0
3.58125 1
3.5825 1
3.58375 0
3.585 0
3.58625 0
3.5875 0
3.58875 0
3.59 0
3.59125 0
3.5925 0
3.59375 1
3.595 0
3.59625 0
3.5975 0
3.59875 1
3.6 2
3.60125 0
3.6025 0
3.60375 0
3.605 0
3.60625 0
3.6075 1
3.60875 0
3.61 0
3.61125 2
3.6125 0
3.61375 0
3.615 0
3.61625 0
3.6175 0
3.61875 0
3.62 0
3.62125 0
3.6225 0
3.62375 0
3.625 1
3.62625 1
3.6275 1
3.62875 2
3.63 1
3.63125 1
3.6325 0
3.63375 0
3.635 0
3.63625 0
3.6375 0
3.63875 0
3.64 1
3.64125 0
3.6425 0
3.64375 0
3.645 0
3.64625 0
3.6475 0
3.64875 0
3.65 0
3.65125 0
3.6525 0
3.65375 1
3.655 0
3.65625 1
3.6575 0
3.65875 0
3.66 0
3.66125 1
3.6625 1
3.66375 1
3.665 0
3.66625 0
3.6675 0
3.66875 0
3.67 0
3.67125 0
3.6725 1
3.67375 0
3.675 0
3.67625 0
3.6775 0
3.67875 1
3.68 0
3.68125 0
3.6825 0
3.68375 0
3.685 1
3.68625 0
3.6875 0
3.68875 0
3.69 1
3.69125 0
3.6925 0
3.69375 0
3.695 0
3.69625 0
3.6975 0
3.69875 0
3.7 0
3.70125 0
3.7025 1
3.70375 1
3.705 1
3.70625 0
3.7075 0
3.70875 0
3.71 0
3.71125 0
3.7125 1
3.71375 0
3.715 0
3.71625 0
3.7175 0
3.71875 1
3.72 0
3.72125 0
3.7225 0
3.72375 0
3.725 0
3.72625 1
3.7275 0
3.72875 0
3.73 0
3.73125 0
3.7325 0
3.73375 0
3.735 0
3.73625 0
3.7375 0
3.73875 0
3.74 0
3.74125 0
3.7425 0
3.74375 0
3.745 0
3.74625 0
3.7475 3
3.74875 1
3.75 0
3.75125 0
3.7525 1
3.75375 0
3.755 0
3.75625 0
3.7575 0
3.75875 3
3.76 0
3.76125 1
3.7625 1
3.76375 2
3.765 1
3.76625 0
3.7675 2
3.76875 0
3.77 0
3.77125 0
3.7725 0
3.77375 0
3.775 1
3.77625 0
3.7775 0
3.77875 0
3.78 0
3.78125 0
3.7825 1
3.78375 0
3.785 0
3.78625 0
3.7875 1
3.78875 0
3.79 0
3.79125 0
3.7925 0
3.79375 0
3.795 0
3.79625 0
3.7975 0
3.79875 0
3.8 0
3.80125 1
3.8025 0
3.80375 0
3.805 2
3.80625 1
3.8075 0
3.80875 0
3.81 0
3.81125 0
3.8125 0
3.81375 0
3.815 0
3.81625 0
3.8175 0
3.81875 0
3.82 0
3.82125 0
3.8225 0
3.82375 0
3.825 1
3.82625 0
3.8275 0
3.82875 0
3.83 0
3.83125 0
3.8325 1
3.83375 0
3.835 1
3.83625 0
3.8375 0
3.83875 4
3.84 0
3.84125 0
3.8425 0
3.84375 0
3.845 0
3.84625 0
3.8475 0
3.84875 1
3.85 0
3.85125 0
3.8525 1
3.85375 1
3.855 0
3.85625 1
3.8575 0
3.85875 0
3.86 0
3.86125 0
3.8625 0
3.86375 0
3.865 0
3.86625 0
3.8675 0
3.86875 0
3.87 0
3.87125 0
3.8725 0
3.87375 2
3.875 0
3.87625 3
3.8775 3
3.87875 0
3.88 0
3.88125 0
3.8825 0
3.88375 0
3.885 0
3.88625 0
3.8875 1
3.88875 1
3.89 1
3.89125 0
3.8925 0
3.89375 1
3.895 0
3.89625 0
3.8975 0
3.89875 0
3.9 0
3.90125 0
3.9025 0
3.90375 0
3.905 0
3.90625 0
3.9075 1
3.90875 0
3.91 0
3.91125 2
3.9125 0
3.91375 0
3.915 0
3.91625 0
3.9175 0
3.91875 0
3.92 0
3.92125 0
3.9225 0
3.92375 1
3.925 1
3.92625 0
3.9275 0
3.92875 0
3.93 1
3.93125 0
3.9325 0
3.93375 0
3.935 0
3.93625 0
3.9375 1
3.93875 0
3.94 0
3.94125 2
3.9425 0
3.94375 0
3.945 0
3.94625 0
3.9475 1
3.94875 0
3.95 0
3.95125 0
3.9525 0
3.95375 1
3.955 0
3.95625 0
3.9575 0
3.95875 0
3.96 0
3.96125 0
3.9625 0
3.96375 0
3.965 0
3.96625 0
3.9675 0
3.96875 0
3.97 0
3.97125 0
3.9725 0
3.97375 1
3.975 0
3.97625 0
3.9775 0
3.97875 0
3.98 0
3.98125 0
3.9825 0
3.98375 0
3.985 1
3.98625 2
3.9875 2
3.98875 0
3.99 0
3.99125 0
3.9925 0
3.99375 0
3.995 1
3.99625 0
3.9975 0
3.99875 0
4 0
4.00125 0
4.0025 0
4.00375 1
4.005 1
4.00625 0
4.0075 0
4.00875 0
4.01 0
4.01125 2
4.0125 0
4.01375 0
4.015 0
4.01625 0
4.0175 1
4.01875 0
4.02 0
4.02125 0
4.0225 0
4.02375 0
4.025 0
4.02625 0
4.0275 0
4.02875 0
4.03 0
4.03125 1
4.0325 0
4.03375 1
4.035 0
4.03625 0
4.0375 1
4.03875 0
4.04 0
4.04125 0
4.0425 0
4.04375 0
4.045 0
4.04625 0
4.0475 0
4.04875 0
4.05 0
4.05125 1
4.0525 0
4.05375 0
4.055 0
4.05625 0
4.0575 2
4.05875 0
4.06 0
4.06125 0
4.0625 0
4.06375 0
4.065 0
4.06625 0
4.0675 1
4.06875 0
4.07 0
4.07125 0
4.0725 0
4.07375 0
4.075 0
4.07625 0
4.0775 0
4.07875 0
4.08 1
4.08125 0
4.0825 0
4.08375 0
4.085 0
4.08625 0
4.0875 0
4.08875 0
4.09 0
4.09125 0
4.0925 0
4.09375 1
4.095 0
4.09625 0
4.0975 0
4.09875 0
4.1 1
4.10125 0
4.1025 0
4.10375 0
4.105 0
4.10625 1
4.1075 3
4.10875 0
4.11 0
4.11125 0
4.1125 0
4.11375 1
4.115 0
4.11625 0
4.1175 0
4.11875 0
4.12 0
4.12125 1
4.1225 1
4.12375 0
4.125 0
4.12625 0
4.1275 0
4.12875 0
4.13 0
4.13125 0
4.1325 0
4.13375 2
4.135 0
4.13625 0
4.1375 0
4.13875 0
4.14 0
4.14125 1
4.1425 0
4.14375 0
4.145 0
4.14625 1
4.1475 1
4.14875 0
4.15 0
4.15125 0
4.1525 0
4.15375 0
4.155 0
4.15625 0
4.1575 1
4.15875 2
4.16 0
4.16125 1
4.1625 0
4.16375 0
4.165 0
4.16625 0
4.1675 1
4.16875 0
4.17 0
4.17125 0
4.1725 0
4.17375 0
4.175 1
4.17625 0
4.1775 0
4.17875 0
4.18 1
4.18125 0
4.1825 1
4.18375 1
4.185 1
4.18625 0
4.1875 0
4.18875 0
4.19 0
4.19125 0
4.1925 0
4.19375 1
4.195 0
4.19625 0
4.1975 0
4.19875 0
4.2 0
4.20125 1
4.2025 0
4.20375 0
4.205 0
4.20625 0
4.2075 0
4.20875 0
4.21 0
4.21125 0
4.2125 0
4.21375 0
4.215 0
4.21625 0
4.2175 1
4.21875 1
4.22 1
4.22125 0
4.2225 1
4.22375 0
4.225 0
4.22625 0
4.2275 0
4.22875 0
4.23 1
4.23125 1
4.2325 1
4.23375 0
4.235 1
4.23625 0
4.2375 0
4.23875 0
4.24 0
4.24125 0
4.2425 0
4.24375 0
4.245 0
4.24625 0
4.2475 0
4.24875 1
4.25 0
4.25125 0
4.2525 0
4.25375 1
4.255 0
4.25625 2
4.2575 0
4.25875 0
4.26 1
4.26125 0
4.2625 0
4.26375 0
4.265 0
4.26625 0
4.2675 0
4.26875 0
4.27 0
4.27125 0
4.2725 0
4.27375 0
4.275 0
4.27625 1
4.2775 0
4.27875 0
4.28 0
4.28125 0
4.2825 0
4.28375 0
4.285 0
4.28625 1
4.2875 0
4.28875 1
4.29 0
4.29125 1
4.2925 0
4.29375 0
4.295 0
4.29625 1
4.2975 0
4.29875 0
4.3 0
4.30125 0
4.3025 0
4.30375 0
4.305 1
4.30625 0
4.3075 0
4.30875 0
4.31 0
4.31125 0
4.3125 0
4.31375 0
4.315 0
4.31625 1
4.3175 0
4.31875 0
4.32 0
4.32125 0
4.3225 0
4.32375 0
4.325 0
4.32625 0
4.3275 1
4.32875 0
4.33 0
4.33125 0
4.3325 0
4.33375 0
4.335 1
4.33625 1
4.3375 0
4.33875 0
4.34 0
4.34125 0
4.3425 0
4.34375 0
4.345 0
4.34625 0
4.3475 0
4.34875 0
4.35 0
4.35125 0
4.3525 0
4.35375 0
4.355 0
4.35625 0
4.3575 0
4.35875 0
4.36 0
4.36125 0
4.3625 0
4.36375 0
4.365 1
4.36625 1
4.3675 1
4.36875 0
4.37 0
4.37125 0
4.3725 0
4.37375 0
4.375 0
4.37625 0
4.3775 0
4.37875 0
4.38 0
4.38125 0
4.3825 0
4.38375 0
4.385 2
4.38625 0
4.3875 0
4.38875 0
4.39 0
4.39125 1
4.3925 0
4.39375 0
4.395 0
4.39625 0
4.3975 0
4.39875 0
4.4 0
4.40125 0
4.4025 0
4.40375 0
4.405 0
4.40625 1
4.4075 0
4.40875 0
4.41 0
4.41125 1
4.4125 1
4.41375 0
4.415 0
4.41625 0
4.4175 0
4.41875 0
4.42 1
4.42125 2
4.4225 0
4.42375 0
4.425 0
4.42625 0
4.4275 0
4.42875 1
4.43 0
4.43125 1
4.4325 0
4.43375 0
4.435 0
4.43625 0
4.4375 8
4.43875 1
4.44 0
4.44125 0
4.4425 1
4.44375 0
4.445 0
4.44625 1
4.4475 0
4.44875 0
4.45 0
4.45125 0
4.4525 0
4.45375 0
4.455 0
4.45625 0
4.4575 0
4.45875 0
4.46 0
4.46125 0
4.4625 0
4.46375 0
4.465 0
4.46625 0
4.4675 0
4.46875 0
4.47 1
4.47125 0
4.4725 0
4.47375 0
4.475 0
4.47625 0
4.4775 1
4.47875 0
4.48 1
4.48125 0
4.4825 0
4.48375 0
4.485 1
4.48625 0
4.4875 0
4.48875 0
4.49 0
4.49125 0
4.4925 0
4.49375 0
4.495 0
4.49625 0
4.4975 0
4.49875 1
4.5 1
4.50125 0
4.5025 0
4.50375 0
4.505 0
4.50625 0
4.5075 0
4.50875 2
4.51 0
4.51125 0
4.5125 0
4.51375 0
4.515 0
4.51625 0
4.5175 0
4.51875 0
4.52 0
4.52125 0
4.5225 1
4.52375 0
4.525 1
4.52625 0
4.5275 0
4.52875 0
4.53 2
4.53125 0
4.5325 0
4.53375 0
4.535 0
4.53625 0
4.5375 0
4.53875 0
4.54 0
4.54125 0
4.5425 1
4.54375 0
4.545 0
4.54625 0
4.5475 0
4.54875 0
4.55 1
4.55125 1
4.5525 0
4.55375 0
4.555 1
4.55625 0
4.5575 0
4.55875 0
4.56 0
4.56125 0
4.5625 0
4.56375 0
4.565 0
4.56625 0
4.5675 0
4.56875 0
4.57 0
4.57125 0
4.5725 0
4.57375 0
4.575 0
4.57625 0
4.5775 0
4.57875 0
4.58 1
4.58125 0
4.5825 0
4.58375 0
4.585 0
4.58625 0
4.5875 0
4.58875 0
4.59 0
4.59125 0
4.5925 0
4.59375 0
4.595 0
4.59625 0
4.5975 0
4.59875 0
4.6 1
4.60125 0
4.6025 0
4.60375 0
4.605 0
4.60625 0
4.6075 0
4.60875 0
4.61 0
4.61125 1
4.6125 0
4.61375 0
4.615 0
4.61625 0
4.6175 0
4.61875 0
4.62 0
4.62125 0
4.6225 1
4.62375 0
4.625 1
4.62625 0
4.6275 0
4.62875 0
4.63 0
4.63125 0
4.6325 0
4.63375 0
4.635 1
4.63625 0
4.6375 0
4.63875 1
4.64 0
4.64125 0
4.6425 0
4.64375 0
4.645 0
4.64625 0
4.6475 0
4.64875 0
4.65 0
4.65125 0
4.6525 0
4.65375 1
4.655 0
4.65625 0
4.6575 0
4.65875 0
4.66 0
4.66125 0
4.6625 0
4.66375 0
4.665 0
4.66625 0
4.6675 0
4.66875 0
4.67 0
4.67125 0
4.6725 0
4.67375 0
4.675 2
4.67625 0
4.6775 0
4.67875 0
4.68 0
4.68125 0
4.6825 0
4.68375 0
4.685 0
4.68625 0
4.6875 0
4.68875 0
4.69 0
4.69125 0
4.6925 0
4.69375 0
4.695 0
4.69625 0
4.6975 0
4.69875 0
4.7 0
4.70125 0
4.7025 0
4.70375 1
4.705 1
4.70625 1
4.7075 0
4.70875 0
4.71 0
4.71125 0
4.7125 0
4.71375 0
4.715 0
4.71625 0
4.7175 0
4.71875 0
4.72 0
4.72125 0
4.7225 0
4.72375 0
4.725 0
4.72625 0
4.7275 0
4.72875 0
4.73 0
4.73125 2
4.7325 0
4.73375 1
4.735 0
4.73625 0
4.7375 1
4.73875 0
4.74 0
4.74125 0
4.7425 0
4.74375 1
4.745 0
4.74625 1
4.7475 0
4.74875 0
4.75 0
4.75125 0
4.7525 0
4.75375 0
4.755 0
4.75625 0
4.7575 0
4.75875 0
4.76 0
4.76125 0
4.7625 0
4.76375 0
4.765 0
4.76625 0
4.7675 0
4.76875 0
4.77 0
4.77125 0
4.7725 0
4.77375 0
4.775 1
4.77625 0
4.7775 0
4.77875 1
4.78 0
4.78125 0
4.7825 0
4.78375 0
4.785 0
4.78625 0
4.7875 2
4.78875 0
4.79 0
4.79125 0
4.7925 0
4.79375 0
4.795 0
4.79625 0
4.7975 0
4.79875 0
4.8 0
4.80125 0
4.8025 0
4.80375 0
4.805 0
4.80625 0
4.8075 0
4.80875 1
4.81 0
4.81125 0
4.8125 0
4.81375 0
4.815 0
4.81625 0
4.8175 0
4.81875 0
4.82 0
4.82125 0
4.8225 0
4.82375 2
4.825 0
4.82625 0
4.8275 0
4.82875 0
4.83 0
4.83125 0
4.8325 0
4.83375 0
4.835 0
4.83625 1
4.8375 0
4.83875 0
4.84 0
4.84125 0
4.8425 0
4.84375 0
4.845 0
4.84625 0
4.8475 0
4.84875 0
4.85 0
4.85125 0
4.8525 0
4.85375 0
4.855 0
4.85625 0
4.8575 0
4.85875 0
4.86 0
4.86125 0
4.8625 0
4.86375 1
4.865 0
4.86625 0
4.8675 0
4.86875 0
4.87 0
4.87125 1
4.8725 0
4.87375 0
4.875 0
4.87625 0
4.8775 0
4.87875 2
4.88 0
4.88125 0
4.8825 1
4.88375 0
4.885 0
4.88625 0
4.8875 0
4.88875 0
4.89 0
4.89125 0
4.8925 0
4.89375 3
4.895 0
4.89625 0
4.8975 0
4.89875 0
4.9 0
4.90125 0
4.9025 0
4.90375 0
4.905 0
4.90625 1
4.9075 0
4.90875 0
4.91 0
4.91125 0
4.9125 0
4.91375 0
4.915 0
4.91625 0
4.9175 0
4.91875 0
4.92 0
4.92125 0
4.9225 1
4.92375 1
4.925 1
4.92625 1
4.9275 0
4.92875 0
4.93 0
4.93125 0
4.9325 1
4.93375 0
4.935 0
4.93625 0
4.9375 0
4.93875 0
4.94 1
4.94125 0
4.9425 0
4.94375 0
4.945 0
4.94625 0
4.9475 0
4.94875 0
4.95 0
4.95125 0
4.9525 0
4.95375 0
4.955 0
4.95625 0
4.9575 0
4.95875 1
4.96 0
4.96125 0
4.9625 0
4.96375 0
4.965 0
4.96625 0
4.9675 1
4.96875 0
4.97 0
4.97125 0
4.9725 0
4.97375 0
4.975 0
4.97625 1
4.9775 0
4.97875 1
4.98 1
4.98125 0
4.9825 0
4.98375 0
4.985 0
4.98625 0
4.9875 0
4.98875 0
4.99 0
4.99125 0
4.9925 0
4.99375 0
4.995 0
4.99625 0
4.9975 1
4.99875 0
5 0
5.00125 0
5.0025 0
5.00375 0
5.005 0
5.00625 0
5.0075 0
5.00875 0
5.01 0
5.01125 0
5.0125 0
5.01375 0
5.015 0
5.01625 0
5.0175 0
5.01875 0
5.02 0
5.02125 0
5.0225 0
5.02375 0
5.025 0
5.02625 0
5.0275 0
5.02875 0
5.03 0
5.03125 0
5.0325 0
5.03375 0
5.035 0
5.03625 0
5.0375 0
5.03875 0
5.04 0
5.04125 0
5.0425 0
5.04375 0
5.045 0
5.04625 0
5.0475 0
5.04875 0
5.05 0
5.05125 0
5.0525 0
5.05375 0
5.055 0
5.05625 0
5.0575 0
5.05875 1
5.06 0
5.06125 0
5.0625 0
5.06375 1
5.065 0
5.06625 0
5.0675 0
5.06875 0
5.07 0
5.07125 0
5.0725 0
5.07375 0
5.075 0
5.07625 0
5.0775 0
5.07875 0
5.08 0
5.08125 1
5.0825 1
5.08375 1
5.085 0
5.08625 0
5.0875 0
5.08875 0
5.09 0
5.09125 0
5.0925 1
5.09375 0
5.095 1
5.09625 0
5.0975 0
5.09875 0
5.1 0
5.10125 0
5.1025 0
5.10375 0
5.105 0
5.10625 1
5.1075 0
5.10875 0
5.11 0
5.11125 0
5.1125 0
5.11375 0
5.115 0
5.11625 0
5.1175 1
5.11875 0
5.12 1
5.12125 0
5.1225 0
5.12375 0
5.125 0
5.12625 0
5.1275 0
5.12875 0
5.13 0
5.13125 0
5.1325 0
5.13375 1
5.135 0
5.13625 0
5.1375 0
5.13875 1
5.14 0
5.14125 0
5.1425 0
5.14375 0
5.145 0
5.14625 0
5.1475 0
5.14875 0
5.15 0
5.15125 0
5.1525 0
5.15375 0
5.155 0
5.15625 0
5.1575 0
5.15875 0
5.16 0
5.16125 0
5.1625 1
5.16375 0
5.165 0
5.16625 0
5.1675 0
5.16875 1
5.17 0
5.17125 0
5.1725 0
5.17375 0
5.175 0
5.17625 0
5.1775 0
5.17875 0
5.18 0
5.18125 0
5.1825 0
5.18375 0
5.185 0
5.18625 0
5.1875 0
5.18875 0
5.19 0
5.19125 1
5.1925 0
5.19375 0
5.195 0
5.19625 0
5.1975 0
5.19875 0
5.2 0
5.20125 0
5.2025 0
5.20375 0
5.205 0
5.20625 0
5.2075 0
5.20875 0
5.21 0
5.21125 0
5.2125 0
5.21375 1
5.215 0
5.21625 0
5.2175 1
5.21875 0
5.22 0
5.22125 0
5.2225 0
5.22375 0
5.225 0
5.22625 0
5.2275 0
5.22875 0
5.23 0
5.23125 0
5.2325 0
5.23375 0
5.235 0
5.23625 0
5.2375 0
5.23875 0
5.24 0
5.24125 0
5.2425 0
5.24375 0
5.245 0
5.24625 0
5.2475 0
5.24875 0
5.25 0
5.25125 0
5.2525 0
5.25375 0
5.255 0
5.25625 0
5.2575 0
5.25875 0
5.26 1
5.26125 0
5.2625 0
5.26375 0
5.265 0
5.26625 0
5.2675 0
5.26875 0
5.27 0
5.27125 0
5.2725 0
5.27375 0
5.275 0
5.27625 0
5.2775 0
5.27875 0
5.28 0
5.28125 0
5.2825 0
5.28375 0
5.285 0
5.28625 0
5.2875 0
5.28875 0
5.29 0
5.29125 0
5.2925 0
5.29375 0
5.295 0
5.29625 0
5.2975 0
5.29875 0
5.3 0
5.30125 0
5.3025 0
5.30375 0
5.305 0
5.30625 0
5.3075 0
5.30875 0
5.31 0
5.31125 0
5.3125 0
5.31375 1
5.315 1
5.31625 0
5.3175 0
5.31875 0
5.32 0
5.32125 0
5.3225 0
5.32375 0
5.325 0
5.32625 0
5.3275 0
5.32875 0
5.33 0
5.33125 0
5.3325 0
5.33375 0
5.335 1
5.33625 0
5.3375 0
5.33875 0
5.34 0
5.34125 0
5.3425 0
5.34375 0
5.345 0
5.34625 0
5.3475 0
5.34875 0
5.35 0
5.35125 0
5.3525 1
5.35375 0
5.355 0
5.35625 0
5.3575 0
5.35875 0
5.36 0
5.36125 0
5.3625 1
5.36375 1
5.365 1
5.36625 0
5.3675 1
5.36875 0
5.37 1
5.37125 0
5.3725 0
5.37375 0
5.375 0
5.37625 0
5.3775 1
5.37875 0
5.38 0
5.38125 0
5.3825 0
5.38375 0
5.385 0
5.38625 0
5.3875 0
5.38875 1
5.39 0
5.39125 0
5.3925 1
5.39375 0
5.395 0
5.39625 0
5.3975 0
5.39875 0
5.4 0
5.40125 0
5.4025 0
5.40375 0
5.405 0
5.40625 0
5.4075 0
5.40875 0
5.41 0
5.41125 1
5.4125 0
5.41375 0
5.415 0
5.41625 0
5.4175 0
5.41875 0
5.42 0
5.42125 0
5.4225 0
5.42375 0
5.425 0
5.42625 0
5.4275 0
5.42875 0
5.43 0
5.43125 0
5.4325 0
5.43375 0
5.435 0
5.43625 0
5.4375 0
5.43875 1
5.44 0
5.44125 1
5.4425 0
5.44375 0
5.445 0
5.44625 0
5.4475 0
5.44875 0
5.45 0
5.45125 0
5.4525 0
5.45375 0
5.455 0
5.45625 0
5.4575 0
5.45875 0
5.46 0
5.46125 0
5.4625 1
5.46375 0
5.465 0
5.46625 0
5.4675 0
5.46875 0
5.47 0
5.47125 0
5.4725 0
5.47375 0
5.475 0
5.47625 0
5.4775 0
5.47875 0
5.48 0
5.48125 0
5.4825 0
5.48375 0
5.485 0
5.48625 1
5.4875 1
5.48875 0
5.49 0
5.49125 0
5.4925 0
5.49375 1
5.495 0
5.49625 0
5.4975 0
5.49875 0
5.5 0
5.50125 0
5.5025 0
5.50375 0
5.505 0
5.50625 0
5.5075 0
5.50875 0
5.51 0
5.51125 0
5.5125 0
5.51375 0
5.515 0
5.51625 0
5.5175 0
5.51875 0
5.52 0
5.52125 0
5.5225 0
5.52375 0
5.525 1
5.52625 0
5.5275 0
5.52875 0
5.53 0
5.53125 0
5.5325 0
5.53375 0
5.535 0
5.53625 0
5.5375 0
5.53875 0
5.54 0
5.54125 1
5.5425 0
5.54375 0
5.545 0
5.54625 0
5.5475 0
5.54875 0
5.55 2
5.55125 0
5.5525 0
5.55375 0
5.555 0
5.55625 1
5.5575 0
5.55875 0
5.56 0
5.56125 0
5.5625 0
5.56375 0
5.565 0
5.56625 0
5.5675 0
5.56875 0
5.57 1
5.57125 0
5.5725 0
5.57375 0
5.575 0
5.57625 0
5.5775 0
5.57875 0
5.58 0
5.58125 0
5.5825 0
5.58375 0
5.585 0
5.58625 0
5.5875 0
5.58875 0
5.59 0
5.59125 0
5.5925 0
5.59375 0
5.595 0
5.59625 0
5.5975 0
5.59875 0
5.6 0
5.60125 0
5.6025 1
5.60375 0
5.605 0
5.60625 0
5.6075 0
5.60875 0
5.61 0
5.61125 1
5.6125 0
5.61375 0
5.615 0
5.61625 0
5.6175 0
5.61875 0
5.62 0
5.62125 0
5.6225 1
5.62375 1
5.625 1
5.62625 0
5.6275 0
5.62875 0
5.63 0
5.63125 2
5.6325 0
5.63375 0
5.635 0
5.63625 0
5.6375 0
5.63875 0
5.64 1
5.64125 2
5.6425 0
5.64375 0
5.645 0
5.64625 0
5.6475 0
5.64875 0
5.65 0
5.65125 0
5.6525 0
5.65375 0
5.655 0
5.65625 0
5.6575 0
5.65875 0
5.66 0
5.66125 1
5.6625 0
5.66375 0
5.665 0
5.66625 0
5.6675 0
5.66875 1
5.67 0
5.67125 0
5.6725 0
5.67375 0
5.675 0
5.67625 0
5.6775 0
5.67875 0
5.68 0
5.68125 0
5.6825 0
5.68375 0
5.685 0
5.68625 0
5.6875 0
5.68875 0
5.69 0
5.69125 0
5.6925 1
5.69375 0
5.695 0
5.69625 0
5.6975 0
5.69875 0
5.7 0
5.70125 0
5.7025 0
5.70375 0
5.705 0
5.70625 0
5.7075 0
5.70875 0
5.71 0
5.71125 0
5.7125 0
5.71375 0
5.715 1
5.71625 0
5.7175 0
5.71875 0
5.72 0
5.72125 0
5.7225 0
5.72375 0
5.725 0
5.72625 0
5.7275 0
5.72875 0
5.73 0
5.73125 0
5.7325 0
5.73375 0
5.735 1
5.73625 0
5.7375 0
5.73875 0
5.74 0
5.74125 0
5.7425 0
5.74375 0
5.745 1
5.74625 0
5.7475 0
5.74875 0
5.75 1
5.75125 0
5.7525 0
5.75375 0
5.755 0
5.75625 0
5.7575 0
5.75875 0
5.76 0
5.76125 0
5.7625 0
5.76375 0
5.765 0
5.76625 0
5.7675 0
5.76875 0
5.77 0
5.77125 0
5.7725 0
5.77375 0
5.775 0
5.77625 0
5.7775 0
5.77875 0
5.78 0
5.78125 0
5.7825 0
5.78375 0
5.785 0
5.78625 0
5.7875 0
5.78875 0
5.79 0
5.79125 0
5.7925 0
5.79375 0
5.795 0
5.79625 0
5.7975 0
5.79875 0
5.8 0
5.80125 0
5.8025 0
5.80375 0
5.805 0
5.80625 0
5.8075 0
5.80875 0
5.81 0
5.81125 0
5.8125 0
5.81375 0
5.815 0
5.81625 0
5.8175 0
5.81875 0
5.82 0
5.82125 0
5.8225 0
5.82375 0
5.825 0
5.82625 0
5.8275 0
5.82875 0
5.83 0
5.83125 0
5.8325 0
5.83375 0
5.835 3
5.83625 0
5.8375 0
5.83875 0
5.84 0
5.84125 0
5.8425 0
5.84375 0
5.845 0
5.84625 0
5.8475 0
5.84875 0
5.85 0
5.85125 1
5.8525 0
5.85375 0
5.855 1
5.85625 0
5.8575 0
5.85875 0
5.86 0
5.86125 0
5.8625 0
5.86375 0
5.865 0
5.86625 0
5.8675 1
5.86875 0
5.87 0
5.87125 0
5.8725 0
5.87375 0
5.875 0
5.87625 0
5.8775 0
5.87875 0
5.88 0
5.88125 1
5.8825 0
5.88375 0
5.885 0
5.88625 0
5.8875 0
5.88875 0
5.89 0
5.89125 0
5.8925 0
5.89375 0
5.895 0
5.89625 0
5.8975 0
5.89875 0
5.9 0
5.90125 0
5.9025 0
5.90375 0
5.905 0
5.90625 0
5.9075 0
5.90875 0
5.91 0
5.91125 0
5.9125 0
5.91375 0
5.915 0
5.91625 0
5.9175 0
5.91875 0
5.92 0
5.92125 0
5.9225 0
5.92375 0
5.925 0
5.92625 0
5.9275 0
5.92875 1
5.93 0
5.93125 0
5.9325 0
5.93375 0
5.935 0
5.93625 0
5.9375 1
5.93875 0
5.94 0
5.94125 0
5.9425 0
5.94375 0
5.945 0
5.94625 0
5.9475 0
5.94875 0
5.95 0
5.95125 0
5.9525 0
5.95375 0
5.955 0
5.95625 0
5.9575 0
5.95875 0
5.96 0
5.96125 0
5.9625 0
5.96375 0
5.965 0
5.96625 0
5.9675 0
5.96875 0
5.97 0
5.97125 0
5.9725 0
5.97375 0
5.975 0
5.97625 0
5.9775 0
5.97875 0
5.98 0
5.98125 0
5.9825 0
5.98375 0
5.985 0
5.98625 0
5.9875 0
5.98875 0
5.99 0
5.99125 0
5.9925 0
5.99375 0
5.995 0
5.99625 0
5.9975 0
5.99875 0
6 0
6.00125 0
6.0025 0
6.00375 0
6.005 0
6.00625 0
6.0075 0
6.00875 0
6.01 0
6.01125 1
6.0125 0
6.01375 0
6.015 0
6.01625 0
6.0175 0
6.01875 0
6.02 0
6.02125 0
6.0225 0
6.02375 0
6.025 0
6.02625 0
6.0275 0
6.02875 0
6.03 0
6.03125 0
6.0325 0
6.03375 0
6.035 0
6.03625 0
6.0375 0
6.03875 0
6.04 0
6.04125 0
6.0425 0
6.04375 0
6.045 0
6.04625 0
6.0475 1
6.04875 0
6.05 0
6.05125 2
6.0525 0
6.05375 0
6.055 0
6.05625 0
6.0575 0
6.05875 0
6.06 0
6.06125 0
6.0625 0
6.06375 0
6.065 0
6.06625 0
6.0675 1
6.06875 0
6.07 0
6.07125 1
6.0725 0
6.07375 0
6.075 1
6.07625 1
6.0775 0
6.07875 0
6.08 0
6.08125 0
6.0825 0
6.08375 0
6.085 0
6.08625 0
6.0875 0
6.08875 0
6.09 1
6.09125 0
6.0925 0
6.09375 0
6.095 0
6.09625 0
6.0975 0
6.09875 1
6.1 0
6.10125 0
6.1025 1
6.10375 0
6.105 0
6.10625 0
6.1075 0
6.10875 0
6.11 5
6.11125 0
6.1125 1
6.11375 0
6.115 0
6.11625 0
6.1175 0
6.11875 0
6.12 0
6.12125 0
6.1225 0
6.12375 0
6.125 0
6.12625 0
6.1275 3
6.12875 0
6.13 0
6.13125 0
6.1325 0
6.13375 0
6.135 0
6.13625 0
6.1375 0
6.13875 0
6.14 0
6.14125 0
6.1425 0
6.14375 2
6.145 0
6.14625 0
6.1475 0
6.14875 0
6.15 0
6.15125 0
6.1525 0
6.15375 0
6.155 0
6.15625 1
6.1575 0
6.15875 0
6.16 0
6.16125 1
6.1625 0
6.16375 0
6.165 0
6.16625 0
6.1675 0
6.16875 0
6.17 0
6.17125 0
6.1725 0
6.17375 0
6.175 0
6.17625 0
6.1775 0
6.17875 0
6.18 0
6.18125 0
6.1825 0
6.18375 0
6.185 0
6.18625 0
6.1875 0
6.18875 0
6.19 0
6.19125 0
6.1925 0
6.19375 0
6.195 0
6.19625 0
6.1975 0
6.19875 0
6.2 0
6.20125 0
6.2025 1
6.20375 0
6.205 0
6.20625 0
6.2075 0
6.20875 0
6.21 0
6.21125 0
6.2125 0
6.21375 0
6.215 0
6.21625 0
6.2175 0
6.21875 0
6.22 0
6.22125 0
6.2225 0
6.22375 0
6.225 0
6.22625 0
6.2275 0
6.22875 0
6.23 0
6.23125 0
6.2325 0
6.23375 0
6.235 0
6.23625 0
6.2375 0
6.23875 0
6.24 0
6.24125 0
6.2425 0
6.24375 0
6.245 0
6.24625 0
6.2475 0
6.24875 0
6.25 0
6.25125 0
6.2525 0
6.25375 0
6.255 0
6.25625 0
6.2575 0
6.25875 0
6.26 0
6.26125 0
6.2625 0
6.26375 0
6.265 0
6.26625 0
6.2675 0
6.26875 0
6.27 0
6.27125 0
6.2725 1
6.27375 0
6.275 0
6.27625 0
6.2775 0
6.27875 0
6.28 0
6.28125 0
6.2825 0
6.28375 0
6.285 0
6.28625 1
6.2875 0
6.28875 0
6.29 0
6.29125 0
6.2925 0
6.29375 0
6.295 0
6.29625 0
6.2975 0
6.29875 0
6.3 0
6.30125 0
6.3025 0
6.30375 0
6.305 0
6.30625 0
6.3075 0
6.30875 0
6.31 0
6.31125 0
6.3125 0
6.31375 0
6.315 0
6.31625 0
6.3175 0
6.31875 0
6.32 0
6.32125 0
6.3225 0
6.32375 0
6.325 0
6.32625 0
6.3275 0
6.32875 0
6.33 0
6.33125 0
6.3325 0
6.33375 0
6.335 0
6.33625 0
6.3375 0
6.33875 0
6.34 0
6.34125 0
6.3425 0
6.34375 0
6.345 0
6.34625 0
6.3475 0
6.34875 0
6.35 0
6.35125 0
6.3525 0
6.35375 0
6.355 0
6.35625 0
6.3575 0
6.35875 0
6.36 0
6.36125 0
6.3625 0
6.36375 0
6.365 0
6.36625 0
6.3675 0
6.36875 0
6.37 0
6.37125 0
6.3725 0
6.37375 0
6.375 0
6.37625 0
6.3775 0
6.37875 0
6.38 0
6.38125 0
6.3825 0
6.38375 1
6.385 0
6.38625 0
6.3875 0
6.38875 0
6.39 0
6.39125 0
6.3925 0
6.39375 0
6.395 0
6.39625 0
6.3975 0
6.39875 0
6.4 0
6.40125 0
6.4025 0
6.40375 0
6.405 0
6.40625 0
6.4075 0
6.40875 0
6.41 0
6.41125 0
6.4125 0
6.41375 0
6.415 0
6.41625 0
6.4175 0
6.41875 0
6.42 0
6.42125 0
6.4225 0
6.42375 0
6.425 0
6.42625 0
6.4275 0
6.42875 0
6.43 0
6.43125 0
6.4325 0
6.43375 0
6.435 0
6.43625 0
6.4375 0
6.43875 0
6.44 2
6.44125 0
6.4425 0
6.44375 0
6.445 0
6.44625 0
6.4475 0
6.44875 0
6.45 0
6.45125 0
6.4525 0
6.45375 0
6.455 0
6.45625 0
6.4575 0
6.45875 0
6.46 0
6.46125 0
6.4625 0
6.46375 0
6.465 0
6.46625 0
6.4675 0
6.46875 0
6.47 0
6.47125 0
6.4725 0
6.47375 0
6.475 0
6.47625 0
6.4775 0
6.47875 0
6.48 0
6.48125 0
6.4825 0
6.48375 0
6.485 0
6.48625 0
6.4875 0
6.48875 0
6.49 0
6.49125 0
6.4925 0
6.49375 0
6.495 0
6.49625 0
6.4975 0
6.49875 0
6.5 0
6.50125 0
6.5025 0
6.50375 0
6.505 1
6.50625 0
6.5075 0
6.50875 0
6.51 0
6.51125 0
6.5125 0
6.51375 0
6.515 0
6.51625 0
6.5175 0
6.51875 0
6.52 2
6.52125 0
6.5225 0
6.52375 0
6.525 0
6.52625 0
6.5275 0
6.52875 0
6.53 0
6.53125 0
6.5325 0
6.53375 0
6.535 0
6.53625 0
6.5375 0
6.53875 0
6.54 0
6.54125 0
6.5425 0
6.54375 0
6.545 0
6.54625 0
6.5475 0
6.54875 0
6.55 0
6.55125 0
6.5525 0
6.55375 0
6.555 0
6.55625 0
6.5575 0
6.55875 0
6.56 0
6.56125 0
6.5625 0
6.56375 0
6.565 0
6.56625 0
6.5675 2
6.56875 0
6.57 0
6.57125 0
6.5725 0
6.57375 0
6.575 0
6.57625 0
6.5775 1
6.57875 0
6.58 0
6.58125 0
6.5825 1
6.58375 0
6.585 0
6.58625 0
6.5875 0
6.58875 0
6.59 0
6.59125 0
6.5925 0
6.59375 0
6.595 0
6.59625 1
6.5975 0
6.59875 0
6.6 0
6.60125 0
6.6025 0
6.60375 0
6.605 0
6.60625 0
6.6075 0
6.60875 0
6.61 0
6.61125 0
6.6125 0
6.61375 0
6.615 1
6.61625 0
6.6175 0
6.61875 1
6.62 0
6.62125 0
6.6225 0
6.62375 0
6.625 0
6.62625 0
6.6275 1
6.62875 0
6.63 0
6.63125 0
6.6325 0
6.63375 0
6.635 0
6.63625 0
6.6375 0
6.63875 0
6.64 0
6.64125 0
6.6425 0
6.64375 0
6.645 0
6.64625 1
6.6475 0
6.64875 0
6.65 0
6.65125 0
6.6525 0
6.65375 0
6.655 0
6.65625 0
6.6575 0
6.65875 0
6.66 0
6.66125 0
6.6625 0
6.66375 0
6.665 0
6.66625 0
6.6675 0
6.66875 0
6.67 0
6.67125 0
6.6725 0
6.67375 0
6.675 0
6.67625 0
6.6775 0
6.67875 0
6.68 0
6.68125 0
6.6825 0
6.68375 0
6.685 0
6.68625 0
6.6875 0
6.68875 0
6.69 0
6.69125 0
6.6925 0
6.69375 0
6.695 0
6.69625 0
6.6975 0
6.69875 0
6.7 0
6.70125 0
6.7025 0
6.70375 0
6.705 0
6.70625 0
6.7075 0
6.70875 0
6.71 0
6.71125 0
6.7125 0
6.71375 0
6.715 0
6.71625 0
6.7175 0
6.71875 0
6.72 0
6.72125 0
6.7225 0
6.72375 1
6.725 1
6.72625 0
6.7275 0
6.72875 0
6.73 0
6.73125 0
6.7325 0
6.73375 0
6.735 0
6.73625 0
6.7375 1
6.73875 0
6.74 0
6.74125 0
6.7425 0
6.74375 0
6.745 1
6.74625 0
6.7475 0
6.74875 0
6.75 0
6.75125 0
6.7525 0
6.75375 0
6.755 0
6.75625 0
6.7575 0
6.75875 0
6.76 0
6.76125 0
6.7625 0
6.76375 0
6.765 0
6.76625 0
6.7675 0
6.76875 0
6.77 0
6.77125 0
6.7725 0
6.77375 0
6.775 0
6.77625 0
6.7775 0
6.77875 0
6.78 0
6.78125 0
6.7825 1
6.78375 0
6.785 0
6.78625 0
6.7875 0
6.78875 0
6.79 0
6.79125 0
6.7925 1
6.79375 0
6.795 0
6.79625 0
6.7975 0
6.79875 0
6.8 0
6.80125 0
6.8025 0
6.80375 0
6.805 0
6.80625 0
6.8075 0
6.80875 0
6.81 0
6.81125 0
6.8125 0
6.81375 0
6.815 0
6.81625 0
6.8175 0
6.81875 0
6.82 0
6.82125 0
6.8225 0
6.82375 0
6.825 0
6.82625 0
6.8275 0
6.82875 0
6.83 1
6.83125 0
6.8325 0
6.83375 0
6.835 0
6.83625 0
6.8375 0
6.83875 0
6.84 0
6.84125 0
6.8425 0
6.84375 0
6.845 0
6.84625 0
6.8475 0
6.84875 0
6.85 0
6.85125 0
6.8525 0
6.85375 0
6.855 0
6.85625 0
6.8575 0
6.85875 0
6.86 0
6.86125 0
6.8625 0
6.86375 0
6.865 0
6.86625 0
6.8675 1
6.86875 0
6.87 1
6.87125 0
6.8725 0
6.87375 0
6.875 0
6.87625 0
6.8775 0
6.87875 0
6.88 0
6.88125 0
6.8825 0
6.88375 1
6.885 0
6.88625 0
6.8875 0
6.88875 1
6.89 0
6.89125 0
6.8925 0
6.89375 0
6.895 0
6.89625 0
6.8975 0
6.89875 0
6.9 0
6.90125 0
6.9025 0
6.90375 0
6.905 0
6.90625 0
6.9075 0
6.90875 0
6.91 0
6.91125 0
6.9125 0
6.91375 0
6.915 2
6.91625 0
6.9175 0
6.91875 0
6.92 0
6.92125 0
6.9225 0
6.92375 0
6.925 0
6.92625 0
6.9275 0
6.92875 0
6.93 0
6.93125 0
6.9325 0
6.93375 0
6.935 0
6.93625 0
6.9375 0
6.93875 0
6.94 0
6.94125 0
6.9425 0
6.94375 0
6.945 0
6.94625 0
6.9475 0
6.94875 0
6.95 0
6.95125 0
6.9525 0
6.95375 0
6.955 0
6.95625 0
6.9575 0
6.95875 0
6.96 0
6.96125 0
6.9625 0
6.96375 0
6.965 0
6.96625 0
6.9675 0
6.96875 0
6.97 0
6.97125 0
6.9725 0
6.97375 0
6.975 0
6.97625 0
6.9775 1
6.97875 0
6.98 0
6.98125 0
6.9825 0
6.98375 0
6.985 0
6.98625 0
6.9875 0
6.98875 0
6.99 0
6.99125 0
6.9925 0
6.99375 0
6.995 0
6.99625 0
6.9975 0
6.99875 0
7 1
7.00125 0
7.0025 0
7.00375 0
7.005 0
7.00625 0
7.0075 0
7.00875 0
7.01 0
7.01125 0
7.0125 0
7.01375 0
7.015 0
7.01625 0
7.0175 0
7.01875 0
7.02 0
7.02125 0
7.0225 0
7.02375 0
7.025 0
7.02625 0
7.0275 0
7.02875 0
7.03 0
7.03125 0
7.0325 0
7.03375 0
7.035 2
7.03625 0
7.0375 0
7.03875 0
7.04 0
7.04125 0
7.0425 0
7.04375 0
7.045 0
7.04625 0
7.0475 0
7.04875 0
7.05 0
7.05125 0
7.0525 0
7.05375 0
7.055 0
7.05625 0
7.0575 0
7.05875 0
7.06 0
7.06125 0
7.0625 0
7.06375 0
7.065 0
7.06625 0
7.0675 0
7.06875 0
7.07 0
7.07125 0
7.0725 0
7.07375 0
7.075 0
7.07625 3
7.0775 0
7.07875 0
7.08 1
7.08125 0
7.0825 0
7.08375 0
7.085 0
7.08625 0
7.0875 0
7.08875 0
7.09 0
7.09125 0
7.0925 0
7.09375 0
7.095 0
7.09625 0
7.0975 0
7.09875 0
7.1 0
7.10125 0
7.1025 0
7.10375 0
7.105 0
7.10625 0
7.1075 0
7.10875 0
7.11 0
7.11125 1
7.1125 0
7.11375 0
7.115 6
7.11625 0
7.1175 0
7.11875 0
7.12 0
7.12125 0
7.1225 0
7.12375 0
7.125 0
7.12625 0
7.1275 0
7.12875 0
7.13 0
7.13125 0
7.1325 0
7.13375 0
7.135 0
7.13625 0
7.1375 0
7.13875 0
7.14 0
7.14125 0
7.1425 0
7.14375 0
7.145 0
7.14625 0
7.1475 0
7.14875 0
7.15 0
7.15125 0
7.1525 0
7.15375 0
7.155 0
7.15625 0
7.1575 0
7.15875 0
7.16 0
7.16125 0
7.1625 0
7.16375 0
7.165 0
7.16625 0
7.1675 0
7.16875 0
7.17 0
7.17125 0
7.1725 0
7.17375 0
7.175 0
7.17625 0
7.1775 0
7.17875 0
7.18 0
7.18125 0
7.1825 0
7.18375 0
7.185 0
7.18625 0
7.1875 0
7.18875 0
7.19 0
7.19125 0
7.1925 0
7.19375 0
7.195 0
7.19625 0
7.1975 0
7.19875 0
7.2 0
7.20125 0
7.2025 0
7.20375 0
7.205 0
7.20625 0
7.2075 1
7.20875 0
7.21 0
7.21125 0
7.2125 0
7.21375 0
7.215 0
7.21625 0
7.2175 0
7.21875 0
7.22 0
7.22125 0
7.2225 0
7.22375 0
7.225 0
7.22625 0
7.2275 0
7.22875 0
7.23 1
7.23125 0
7.2325 0
7.23375 0
7.235 0
7.23625 0
7.2375 0
7.23875 0
7.24 0
7.24125 0
7.2425 1
7.24375 0
7.245 0
7.24625 0
7.2475 0
7.24875 0
7.25 0
7.25125 0
7.2525 0
7.25375 0
7.255 0
7.25625 0
7.2575 0
7.25875 0
7.26 0
7.26125 0
7.2625 0
7.26375 0
7.265 0
7.26625 0
7.2675 0
7.26875 0
7.27 0
7.27125 0
7.2725 0
7.27375 0
7.275 0
7.27625 0
7.2775 0
7.27875 0
7.28 0
7.28125 0
7.2825 0
7.28375 0
7.285 0
7.28625 0
7.2875 0
7.28875 0
7.29 0
7.29125 0
7.2925 0
7.29375 0
7.295 0
7.29625 0
7.2975 0
7.29875 0
7.3 0
7.30125 0
7.3025 0
7.30375 0
7.305 0
7.30625 0
7.3075 0
7.30875 0
7.31 0
7.31125 0
7.3125 0
7.31375 0
7.315 0
7.31625 0
7.3175 0
7.31875 0
7.32 0
7.32125 0
7.3225 0
7.32375 0
7.325 0
7.32625 0
7.3275 0
7.32875 2
7.33 0
7.33125 0
7.3325 0
7.33375 0
7.335 0
7.33625 0
7.3375 0
7.33875 0
7.34 0
7.34125 0
7.3425 0
7.34375 0
7.345 0
7.34625 0
7.3475 0
7.34875 0
7.35 0
7.35125 0
7.3525 0
7.35375 0
7.355 0
7.35625 0
7.3575 0
7.35875 0
7.36 0
7.36125 0
7.3625 0
7.36375 0
7.365 0
7.36625 0
7.3675 0
7.36875 1
7.37 0
7.37125 0
7.3725 0
7.37375 0
7.375 0
7.37625 0
7.3775 0
7.37875 0
7.38 0
7.38125 0
7.3825 0
7.38375 0
7.385 0
7.38625 0
7.3875 0
7.38875 0
7.39 0
7.39125 0
7.3925 0
7.39375 0
7.395 0
7.39625 0
7.3975 0
7.39875 0
7.4 0
7.40125 0
7.4025 0
7.40375 0
7.405 0
7.40625 0
7.4075 0
7.40875 0
7.41 0
7.41125 0
7.4125 0
7.41375 0
7.415 2
7.41625 0
7.4175 0
7.41875 0
7.42 0
7.42125 0
7.4225 0
7.42375 0
7.425 0
7.42625 0
7.4275 0
7.42875 0
7.43 0
7.43125 0
7.4325 0
7.43375 0
7.435 0
7.43625 0
7.4375 0
7.43875 0
7.44 0
7.44125 0
7.4425 0
7.44375 0
7.445 0
7.44625 0
7.4475 0
7.44875 0
7.45 0
7.45125 0
7.4525 0
7.45375 0
7.455 0
7.45625 0
7.4575 0
7.45875 0
7.46 0
7.46125 0
7.4625 0
7.46375 1
7.465 0
7.46625 0
7.4675 0
7.46875 0
7.47 0
7.47125 0
7.4725 0
7.47375 0
7.475 0
7.47625 0
7.4775 0
7.47875 0
7.48 0
7.48125 0
7.4825 0
7.48375 0
7.485 0
7.48625 0
7.4875 0
7.48875 0
7.49 0
7.49125 0
7.4925 0
7.49375 0
7.495 0
7.49625 0
7.4975 0
7.49875 0
7.5 0
7.50125 0
7.5025 0
7.50375 0
7.505 0
7.50625 0
7.5075 0
7.50875 0
7.51 0
7.51125 0
7.5125 0
7.51375 0
7.515 0
7.51625 0
7.5175 0
7.51875 0
7.52 0
7.52125 0
7.5225 0
7.52375 0
7.525 0
7.52625 0
7.5275 0
7.52875 0
7.53 0
7.53125 0
7.5325 0
7.53375 0
7.535 0
7.53625 0
7.5375 0
7.53875 0
7.54 0
7.54125 0
7.5425 0
7.54375 0
7.545 0
7.54625 0
7.5475 0
7.54875 0
7.55 0
7.55125 0
7.5525 0
7.55375 0
7.555 0
7.55625 0
7.5575 0
7.55875 0
7.56 0
7.56125 0
7.5625 0
7.56375 0
7.565 0
7.56625 0
7.5675 0
7.56875 0
7.57 0
7.57125 0
7.5725 0
7.57375 0
7.575 0
7.57625 0
7.5775 0
7.57875 0
7.58 0
7.58125 0
7.5825 0
7.58375 0
7.585 0
7.58625 0
7.5875 0
7.58875 0
7.59 0
7.59125 0
7.5925 0
7.59375 0
7.595 0
7.59625 0
7.5975 0
7.59875 0
7.6 0
7.60125 0
7.6025 0
7.60375 0
7.605 0
7.60625 0
7.6075 0
7.60875 0
7.61 0
7.61125 0
7.6125 0
7.61375 0
7.615 0
7.61625 0
7.6175 0
7.61875 0
7.62 0
7.62125 0
7.6225 0
7.62375 0
7.625 0
7.62625 0
7.6275 0
7.62875 0
7.63 0
7.63125 0
7.6325 0
7.63375 0
7.635 0
7.63625 0
7.6375 0
7.63875 0
7.64 0
7.64125 0
7.6425 0
7.64375 0
7.645 0
7.64625 0
7.6475 0
7.64875 0
7.65 0
7.65125 0
7.6525 0
7.65375 0
7.655 0
7.65625 0
7.6575 0
7.65875 0
7.66 0
7.66125 0
7.6625 0
7.66375 0
7.665 0
7.66625 0
7.6675 0
7.66875 0
7.67 0
7.67125 0
7.6725 0
7.67375 0
7.675 0
7.67625 0
7.6775 0
7.67875 0
7.68 0
7.68125 0
7.6825 0
7.68375 0
7.685 0
7.68625 0
7.6875 0
7.68875 0
7.69 0
7.69125 0
7.6925 0
7.69375 1
7.695 0
7.69625 0
7.6975 0
7.69875 0
7.7 0
7.70125 0
7.7025 0
7.70375 0
7.705 0
7.70625 0
7.7075 0
7.70875 0
7.71 0
7.71125 0
7.7125 0
7.71375 0
7.715 0
7.71625 0
7.7175 0
7.71875 0
7.72 0
7.72125 0
7.7225 0
7.72375 0
7.725 6
7.72625 0
7.7275 0
7.72875 0
7.73 0
7.73125 0
7.7325 0
7.73375 0
7.735 0
7.73625 0
7.7375 0
7.73875 0
7.74 0
7.74125 0
7.7425 0
7.74375 0
7.745 0
7.74625 0
7.7475 0
7.74875 0
7.75 0
7.75125 0
7.7525 0
7.75375 0
7.755 0
7.75625 0
7.7575 0
7.75875 0
7.76 0
7.76125 0
7.7625 0
7.76375 0
7.765 0
7.76625 0
7.7675 0
7.76875 0
7.77 0
7.77125 0
7.7725 0
7.77375 0
7.775 0
7.77625 0
7.7775 0
7.77875 0
7.78 0
7.78125 0
7.7825 0
7.78375 0
7.785 0
7.78625 0
7.7875 0
7.78875 0
7.79 3
7.79125 0
7.7925 0
7.79375 0
7.795 0
7.79625 0
7.7975 0
7.79875 0
7.8 0
7.80125 0
7.8025 0
7.80375 0
7.805 0
7.80625 0
7.8075 0
7.80875 0
7.81 0
7.81125 0
7.8125 0
7.81375 0
7.815 0
7.81625 0
7.8175 0
7.81875 0
7.82 0
7.82125 0
7.8225 0
7.82375 0
7.825 0
7.82625 0
7.8275 0
7.82875 0
7.83 0
7.83125 0
7.8325 0
7.83375 0
7.835 0
7.83625 0
7.8375 0
7.83875 0
7.84 0
7.84125 0
7.8425 0
7.84375 0
7.845 0
7.84625 0
7.8475 0
7.84875 0
7.85 0
7.85125 0
7.8525 0
7.85375 0
7.855 0
7.85625 0
7.8575 0
7.85875 0
7.86 0
7.86125 0
7.8625 0
7.86375 0
7.865 0
7.86625 0
7.8675 0
7.86875 0
7.87 0
7.87125 0
7.8725 0
7.87375 0
7.875 0
7.87625 0
7.8775 0
7.87875 0
7.88 0
7.88125 0
7.8825 0
7.88375 0
7.885 0
7.88625 0
7.8875 0
7.88875 0
7.89 0
7.89125 0
7.8925 0
7.89375 0
7.895 0
7.89625 0
7.8975 0
7.89875 0
7.9 0
7.90125 0
7.9025 0
7.90375 0
7.905 0
7.90625 0
7.9075 0
7.90875 0
7.91 0
7.91125 0
7.9125 0
7.91375 0
7.915 0
7.91625 0
7.9175 0
7.91875 0
7.92 0
7.92125 0
7.9225 0
7.92375 0
7.925 0
7.92625 0
7.9275 0
7.92875 0
7.93 0
7.93125 0
7.9325 0
7.93375 0
7.935 0
7.93625 0
7.9375 0
7.93875 0
7.94 0
7.94125 0
7.9425 0
7.94375 0
7.945 0
7.94625 0
7.9475 0
7.94875 0
7.95 0
7.95125 0
7.9525 0
7.95375 0
7.955 0
7.95625 0
7.9575 0
7.95875 0
7.96 0
7.96125 0
7.9625 0
7.96375 0
7.965 0
7.96625 0
7.9675 0
7.96875 0
7.97 0
7.97125 0
7.9725 0
7.97375 0
7.975 0
7.97625 0
7.9775 0
7.97875 0
7.98 0
7.98125 0
7.9825 0
7.98375 0
7.985 0
7.98625 0
7.9875 0
7.98875 0
7.99 0
7.99125 0
7.9925 0
7.99375 0
7.995 0
7.99625 0
7.9975 0
7.99875 0
8 0
8.00125 0
8.0025 0
8.00375 0
8.005 0
8.00625 0
8.0075 0
8.00875 0
8.01 0
8.01125 0
8.0125 0
8.01375 0
8.015 0
8.01625 0
8.0175 0
8.01875 0
8.02 0
8.02125 0
8.0225 0
8.02375 0
8.025 0
8.02625 0
8.0275 0
8.02875 0
8.03 0
8.03125 0
8.0325 0
8.03375 0
8.035 0
8.03625 0
8.0375 0
8.03875 0
8.04 0
8.04125 0
8.0425 0
8.04375 0
8.045 0
8.04625 0
8.0475 0
8.04875 0
8.05 0
8.05125 0
8.0525 0
8.05375 0
8.055 0
8.05625 0
8.0575 0
8.05875 0
8.06 0
8.06125 0
8.0625 0
8.06375 0
8.065 0
8.06625 0
8.0675 0
8.06875 0
8.07 0
8.07125 0
8.0725 0
8.07375 0
8.075 0
8.07625 0
8.0775 0
8.07875 0
8.08 0
8.08125 0
8.0825 0
8.08375 0
8.085 0
8.08625 0
8.0875 0
8.08875 0
8.09 0
8.09125 0
8.0925 0
8.09375 0
8.095 0
8.09625 0
8.0975 0
8.09875 0
8.1 0
8.10125 0
8.1025 0
8.10375 0
8.105 0
8.10625 0
8.1075 0
8.10875 0
8.11 0
8.11125 0
8.1125 0
8.11375 0
8.115 0
8.11625 0
8.1175 0
8.11875 0
8.12 0
8.12125 0
8.1225 0
8.12375 0
8.125 0
8.12625 0
8.1275 0
8.12875 0
8.13 0
8.13125 0
8.1325 0
8.13375 1
8.135 0
8.13625 0
8.1375 0
8.13875 0
8.14 0
8.14125 0
8.1425 0
8.14375 0
8.145 0
8.14625 0
8.1475 0
8.14875 0
8.15 0
8.15125 0
8.1525 0
8.15375 0
8.155 0
8.15625 0
8.1575 0
8.15875 0
8.16 0
8.16125 0
8.1625 0
8.16375 0
8.165 0
8.16625 0
8.1675 0
8.16875 0
8.17 0
8.17125 0
8.1725 0
8.17375 0
8.175 0
8.17625 0
8.1775 0
8.17875 0
8.18 0
8.18125 0
8.1825 0
8.18375 0
8.185 0
8.18625 0
8.1875 0
8.18875 0
8.19 0
8.19125 0
8.1925 0
8.19375 0
8.195 0
8.19625 0
8.1975 0
8.19875 0
8.2 0
8.20125 0
8.2025 0
8.20375 0
8.205 0
8.20625 0
8.2075 0
8.20875 0
8.21 0
8.21125 0
8.2125 0
8.21375 0
8.215 0
8.21625 0
8.2175 0
8.21875 0
8.22 0
8.22125 0
8.2225 0
8.22375 0
8.225 0
8.22625 0
8.2275 0
8.22875 0
8.23 0
8.23125 0
8.2325 0
8.23375 0
8.235 0
8.23625 0
8.2375 0
8.23875 0
8.24 0
8.24125 0
8.2425 0
8.24375 0
8.245 0
8.24625 0
8.2475 0
8.24875 0
8.25 0
8.25125 0
8.2525 0
8.25375 0
8.255 0
8.25625 0
8.2575 0
8.25875 0
8.26 0
8.26125 0
8.2625 0
8.26375 0
8.265 0
8.26625 0
8.2675 0
8.26875 0
8.27 0
8.27125 0
8.2725 0
8.27375 0
8.275 0
8.27625 0
8.2775 0
8.27875 0
8.28 0
8.28125 0
8.2825 0
8.28375 0
8.285 0
8.28625 0
8.2875 0
8.28875 0
8.29 0
8.29125 0
8.2925 0
8.29375 0
8.295 0
8.29625 0
8.2975 0
8.29875 0
8.3 0
8.30125 0
8.3025 0
8.30375 0
8.305 0
8.30625 0
8.3075 0
8.30875 0
8.31 0
8.31125 0
8.3125 0
8.31375 0
8.315 0
8.31625 0
8.3175 0
8.31875 0
8.32 0
8.32125 0
8.3225 0
8.32375 0
8.325 0
8.32625 0
8.3275 0
8.32875 0
8.33 0
8.33125 0
8.3325 0
8.33375 0
8.335 0
8.33625 0
8.3375 0
8.33875 0
8.34 0
8.34125 0
8.3425 0
8.34375 0
8.345 0
8.34625 0
8.3475 0
8.34875 0
8.35 0
8.35125 0
8.3525 0
8.35375 0
8.355 0
8.35625 0
8.3575 0
8.35875 0
8.36 0
8.36125 0
8.3625 0
8.36375 0
8.365 0
8.36625 0
8.3675 0
8.36875 0
8.37 0
8.37125 0
8.3725 0
8.37375 0
8.375 0
8.37625 0
8.3775 0
8.37875 0
8.38 0
8.38125 0
8.3825 0
8.38375 0
8.385 0
8.38625 0
8.3875 0
8.38875 0
8.39 0
8.39125 0
8.3925 0
8.39375 0
8.395 0
8.39625 0
8.3975 0
8.39875 0
8.4 0
8.40125 0
8.4025 0
8.40375 0
8.405 0
8.40625 0
8.4075 0
8.40875 0
8.41 0
8.41125 0
8.4125 0
8.41375 0
8.415 0
8.41625 0
8.4175 0
8.41875 0
8.42 0
8.42125 0
8.4225 0
8.42375 0
8.425 0
8.42625 0
8.4275 0
8.42875 0
8.43 0
8.43125 0
8.4325 0
8.43375 0
8.435 0
8.43625 0
8.4375 0
8.43875 0
8.44 0
8.44125 0
8.4425 0
8.44375 0
8.445 0
8.44625 0
8.4475 0
8.44875 0
8.45 0
8.45125 0
8.4525 0
8.45375 0
8.455 0
8.45625 0
8.4575 0
8.45875 0
8.46 0
8.46125 0
8.4625 0
8.46375 0
8.465 0
8.46625 0
8.4675 0
8.46875 0
8.47 0
8.47125 0
8.4725 0
8.47375 0
8.475 0
8.47625 0
8.4775 0
8.47875 0
8.48 0
8.48125 0
8.4825 0
8.48375 0
8.485 0
8.48625 0
8.4875 0
8.48875 0
8.49 0
8.49125 0
8.4925 0
8.49375 0
8.495 0
8.49625 0
8.4975 0
8.49875 0
8.5 0
8.50125 0
8.5025 0
8.50375 0
8.505 0
8.50625 0
8.5075 0
8.50875 0
8.51 0
8.51125 0
8.5125 0
8.51375 0
8.515 0
8.51625 0
8.5175 0
8.51875 0
8.52 0
8.52125 0
8.5225 0
8.52375 0
8.525 0
8.52625 0
8.5275 0
8.52875 0
8.53 0
8.53125 0
8.5325 0
8.53375 0
8.535 0
8.53625 0
8.5375 0
8.53875 0
8.54 0
8.54125 0
8.5425 0
8.54375 0
8.545 0
8.54625 0
8.5475 0
8.54875 0
8.55 0
8.55125 0
8.5525 0
8.55375 0
8.555 0
8.55625 0
8.5575 0
8.55875 0
8.56 0
8.56125 0
8.5625 0
8.56375 0
8.565 0
8.56625 0
8.5675 0
8.56875 0
8.57 0
8.57125 0
8.5725 0
8.57375 0
8.575 0
8.57625 0
8.5775 0
8.57875 4
8.58 0
8.58125 0
8.5825 0
8.58375 0
8.585 0
8.58625 0
8.5875 0
8.58875 0
8.59 0
8.59125 0
8.5925 0
8.59375 0
8.595 0
8.59625 0
8.5975 0
8.59875 0
8.6 0
8.60125 0
8.6025 0
8.60375 0
8.605 0
8.60625 0
8.6075 0
8.60875 0
8.61 0
8.61125 0
8.6125 0
8.61375 0
8.615 0
8.61625 0
8.6175 0
8.61875 0
8.62 0
8.62125 0
8.6225 0
8.62375 0
8.625 0
8.62625 0
8.6275 0
8.62875 0
8.63 0
8.63125 0
8.6325 0
8.63375 0
8.635 0
8.63625 0
8.6375 0
8.63875 0
8.64 0
8.64125 0
8.6425 0
8.64375 0
8.645 0
8.64625 0
8.6475 0
8.64875 0
8.65 0
8.65125 0
8.6525 0
8.65375 0
8.655 0
8.65625 0
8.6575 0
8.65875 0
8.66 0
8.66125 0
8.6625 0
8.66375 0
8.665 0
8.66625 0
8.6675 0
8.66875 0
8.67 0
8.67125 0
8.6725 0
8.67375 0
8.675 0
8.67625 0
8.6775 0
8.67875 0
8.68 0
8.68125 0
8.6825 0
8.68375 0
8.685 0
8.68625 0
8.6875 0
8.68875 0
8.69 0
8.69125 0
8.6925 0
8.69375 0
8.695 0
8.69625 0
8.6975 0
8.69875 0
8.7 0
8.70125 0
8.7025 0
8.70375 0
8.705 0
8.70625 0
8.7075 0
8.70875 0
8.71 0
8.71125 0
8.7125 0
8.71375 0
8.715 0
8.71625 0
8.7175 0
8.71875 0
8.72 0
8.72125 0
8.7225 0
8.72375 0
8.725 0
8.72625 0
8.7275 0
8.72875 0
8.73 0
8.73125 0
8.7325 0
8.73375 0
8.735 0
8.73625 0
8.7375 0
8.73875 0
8.74 0
8.74125 0
8.7425 0
8.74375 0
8.745 0
8.74625 0
8.7475 0
8.74875 0
8.75 0
8.75125 0
8.7525 0
8.75375 0
8.755 0
8.75625 0
8.7575 0
8.75875 0
8.76 0
8.76125 0
8.7625 0
8.76375 0
8.765 0
8.76625 0
8.7675 0
8.76875 0
8.77 0
8.77125 0
8.7725 0
8.77375 0
8.775 0
8.77625 0
8.7775 0
8.77875 0
8.78 0
8.78125 0
8.7825 0
8.78375 0
8.785 0
8.78625 0
8.7875 0
8.78875 0
8.79 0
8.79125 0
8.7925 0
8.79375 0
8.795 0
8.79625 0
8.7975 0
8.79875 0
8.8 0
8.80125 0
8.8025 0
8.80375 0
8.805 0
8.80625 0
8.8075 0
8.80875 0
8.81 0
8.81125 0
8.8125 0
8.81375 0
8.815 0
8.81625 0
8.8175 0
8.81875 0
8.82 0
8.82125 0
8.8225 0
8.82375 0
8.825 0
8.82625 0
8.8275 0
8.82875 0
8.83 0
8.83125 0
8.8325 0
8.83375 0
8.835 0
8.83625 0
8.8375 2
8.83875 0
8.84 0
8.84125 0
8.8425 0
8.84375 0
8.845 0
8.84625 0
8.8475 0
8.84875 0
8.85 0
8.85125 0
8.8525 0
8.85375 0
8.855 0
8.85625 0
8.8575 0
8.85875 0
8.86 0
8.86125 0
8.8625 0
8.86375 0
8.865 0
8.86625 0
8.8675 0
8.86875 0
8.87 0
8.87125 0
8.8725 0
8.87375 0
8.875 0
8.87625 0
8.8775 0
8.87875 0
8.88 0
8.88125 0
8.8825 0
8.88375 0
8.885 0
8.88625 0
8.8875 0
8.88875 0
8.89 0
8.89125 0
8.8925 0
8.89375 0
8.895 0
8.89625 0
8.8975 0
8.89875 0
8.9 0
8.90125 0
8.9025 0
8.90375 0
8.905 0
8.90625 0
8.9075 0
8.90875 0
8.91 0
8.91125 0
8.9125 0
8.91375 0
8.915 0
8.91625 0
8.9175 0
8.91875 0
8.92 0
8.92125 0
8.9225 0
8.92375 0
8.925 0
8.92625 0
8.9275 0
8.92875 0
8.93 0
8.93125 0
8.9325 0
8.93375 0
8.935 0
8.93625 0
8.9375 0
8.93875 0
8.94 0
8.94125 0
8.9425 0
8.94375 0
8.945 0
8.94625 0
8.9475 0
8.94875 0
8.95 0
8.95125 0
8.9525 0
8.95375 0
8.955 0
8.95625 0
8.9575 0
8.95875 0
8.96 0
8.96125 0
8.9625 0
8.96375 0
8.965 0
8.96625 0
8.9675 0
8.96875 0
8.97 0
8.97125 0
8.9725 0
8.97375 0
8.975 0
8.97625 0
8.9775 0
8.97875 0
8.98 0
8.98125 0
8.9825 0
8.98375 0
8.985 0
8.98625 0
8.9875 0
8.98875 0
8.99 0
8.99125 0
8.9925 0
8.99375 0
8.995 0
8.99625 0
8.9975 0
8.99875 0
9 0
9.00125 0
9.0025 0
9.00375 0
9.005 0
9.00625 0
9.0075 0
9.00875 0
9.01 0
9.01125 0
9.0125 0
9.01375 0
9.015 0
9.01625 0
9.0175 0
9.01875 0
9.02 0
9.02125 0
9.0225 0
9.02375 0
9.025 0
9.02625 0
9.0275 0
9.02875 0
9.03 0
9.03125 0
9.0325 0
9.03375 0
9.035 0
9.03625 0
9.0375 0
9.03875 0
9.04 0
9.04125 0
9.0425 4
9.04375 0
9.045 0
9.04625 0
9.0475 0
9.04875 0
9.05 0
9.05125 0
9.0525 0
9.05375 0
9.055 0
9.05625 0
9.0575 0
9.05875 0
9.06 0
9.06125 0
9.0625 0
9.06375 0
9.065 0
9.06625 0
9.0675 0
9.06875 0
9.07 0
9.07125 0
9.0725 0
9.07375 0
9.075 0
9.07625 0
9.0775 0
9.07875 0
9.08 0
9.08125 0
9.0825 0
9.08375 0
9.085 0
9.08625 0
9.0875 0
9.08875 0
9.09 0
9.09125 0
9.0925 0
9.09375 0
9.095 0
9.09625 0
9.0975 0
9.09875 0
9.1 0
9.10125 0
9.1025 0
9.10375 0
9.105 0
9.10625 0
9.1075 0
9.10875 0
9.11 0
9.11125 0
9.1125 0
9.11375 0
9.115 0
9.11625 0
9.1175 0
9.11875 0
9.12 0
9.12125 0
9.1225 0
9.12375 0
9.125 0
9.12625 0
9.1275 0
9.12875 0
9.13 0
9.13125 0
9.1325 0
9.13375 0
9.135 0
9.13625 0
9.1375 0
9.13875 0
9.14 0
9.14125 0
9.1425 0
9.14375 0
9.145 0
9.14625 0
9.1475 0
9.14875 0
9.15 0
9.15125 0
9.1525 0
9.15375 0
9.155 0
9.15625 0
9.1575 0
9.15875 0
9.16 0
9.16125 0
9.1625 0
9.16375 0
9.165 0
9.16625 0
9.1675 0
9.16875 0
9.17 0
9.17125 0
9.1725 0
9.17375 0
9.175 0
9.17625 0
9.1775 0
9.17875 0
9.18 0
9.18125 0
9.1825 0
9.18375 0
9.185 0
9.18625 0
9.1875 0
9.18875 0
9.19 0
9.19125 0
9.1925 0
9.19375 0
9.195 0
9.19625 0
9.1975 0
9.19875 0
9.2 0
9.20125 0
9.2025 0
9.20375 0
9.205 0
9.20625 0
9.2075 0
9.20875 0
9.21 0
9.21125 0
9.2125 0
9.21375 0
9.215 0
9.21625 0
9.2175 0
9.21875 0
9.22 0
9.22125 0
9.2225 0
9.22375 0
9.225 0
9.22625 0
9.2275 0
9.22875 0
9.23 0
9.23125 0
9.2325 0
9.23375 0
9.235 0
9.23625 0
9.2375 0
9.23875 0
9.24 0
9.24125 0
9.2425 0
9.24375 0
9.245 0
9.24625 0
9.2475 0
9.24875 0
9.25 0
9.25125 0
9.2525 0
9.25375 0
9.255 0
9.25625 0
9.2575 0
9.25875 0
9.26 0
9.26125 0
9.2625 0
9.26375 0
9.265 0
9.26625 0
9.2675 0
9.26875 0
9.27 0
9.27125 0
9.2725 0
9.27375 0
9.275 0
9.27625 0
9.2775 0
9.27875 0
9.28 0
9.28125 0
9.2825 0
9.28375 0
9.285 0
9.28625 0
9.2875 0
9.28875 0
9.29 0
9.29125 0
9.2925 0
9.29375 0
9.295 0
9.29625 0
9.2975 0
9.29875 0
9.3 0
9.30125 0
9.3025 0
9.30375 0
9.305 0
9.30625 0
9.3075 0
9.30875 0
9.31 0
9.31125 0
9.3125 0
9.31375 0
9.315 0
9.31625 0
9.3175 0
9.31875 0
9.32 0
9.32125 0
9.3225 0
9.32375 0
9.325 0
9.32625 0
9.3275 0
9.32875 0
9.33 0
9.33125 0
9.3325 0
9.33375 0
9.335 0
9.33625 0
9.3375 0
9.33875 0
9.34 0
9.34125 0
9.3425 0
9.34375 0
9.345 0
9.34625 0
9.3475 0
9.34875 0
9.35 0
9.35125 0
9.3525 0
9.35375 0
9.355 0
9.35625 0
9.3575 0
9.35875 0
9.36 0
9.36125 0
9.3625 0
9.36375 0
9.365 0
9.36625 0
9.3675 0
9.36875 0
9.37 0
9.37125 0
9.3725 0
9.37375 0
9.375 0
9.37625 0
9.3775 0
9.37875 0
9.38 0
9.38125 0
9.3825 0
9.38375 0
9.385 0
9.38625 0
9.3875 0
9.38875 0
9.39 0
9.39125 0
9.3925 0
9.39375 0
9.395 0
9.39625 0
9.3975 0
9.39875 0
9.4 0
9.40125 0
9.4025 0
9.40375 0
9.405 0
9.40625 0
9.4075 0
9.40875 0
9.41 0
9.41125 0
9.4125 0
9.41375 0
9.415 0
9.41625 0
9.4175 0
9.41875 0
9.42 0
9.42125 0
9.4225 0
9.42375 0
9.425 0
9.42625 0
9.4275 0
9.42875 0
9.43 0
9.43125 0
9.4325 0
9.43375 0
9.435 0
9.43625 0
9.4375 0
9.43875 0
9.44 0
9.44125 0
9.4425 0
9.44375 0
9.445 0
9.44625 0
9.4475 0
9.44875 0
9.45 0
9.45125 0
9.4525 0
9.45375 0
9.455 0
9.45625 0
9.4575 0
9.45875 0
9.46 0
9.46125 0
9.4625 0
9.46375 0
9.465 0
9.46625 0
9.4675 0
9.46875 0
9.47 0
9.47125 0
9.4725 0
9.47375 0
9.475 0
9.47625 0
9.4775 0
9.47875 0
9.48 0
9.48125 0
9.4825 0
9.48375 0
9.485 0
9.48625 0
9.4875 0
9.48875 0
9.49 0
9.49125 0
9.4925 0
9.49375 0
9.495 0
9.49625 0
9.4975 0
9.49875 0
9.5 0
9.50125 0
9.5025 0
9.50375 0
9.505 0
9.50625 0
9.5075 0
9.50875 0
9.51 0
9.51125 0
9.5125 0
9.51375 0
9.515 0
9.51625 0
9.5175 0
9.51875 0
9.52 0
9.52125 0
9.5225 0
9.52375 0
9.525 0
9.52625 0
9.5275 0
9.52875 0
9.53 0
9.53125 0
9.5325 0
9.53375 0
9.535 0
9.53625 0
9.5375 0
9.53875 0
9.54 0
9.54125 0
9.5425 0
9.54375 0
9.545 0
9.54625 0
9.5475 0
9.54875 0
9.55 0
9.55125 0
9.5525 0
9.55375 0
9.555 0
9.55625 0
9.5575 0
9.55875 0
9.56 0
9.56125 0
9.5625 0
9.56375 0
9.565 0
9.56625 0
9.5675 0
9.56875 0
9.57 0
9.57125 0
9.5725 0
9.57375 0
9.575 0
9.57625 0
9.5775 0
9.57875 0
9.58 0
9.58125 0
9.5825 0
9.58375 0
9.585 0
9.58625 0
9.5875 0
9.58875 0
9.59 0
9.59125 0
9.5925 0
9.59375 0
9.595 0
9.59625 0
9.5975 0
9.59875 0
9.6 0
9.60125 0
9.6025 0
9.60375 0
9.605 0
9.60625 0
9.6075 0
9.60875 0
9.61 0
9.61125 0
9.6125 0
9.61375 0
9.615 0
9.61625 0
9.6175 0
9.61875 0
9.62 0
9.62125 0
9.6225 0
9.62375 0
9.625 0
9.62625 0
9.6275 0
9.62875 0
9.63 0
9.63125 0
9.6325 0
9.63375 0
9.635 0
9.63625 0
9.6375 0
9.63875 0
9.64 0
9.64125 0
9.6425 0
9.64375 0
9.645 0
9.64625 0
9.6475 0
9.64875 0
9.65 0
9.65125 0
9.6525 0
9.65375 0
9.655 0
9.65625 0
9.6575 0
9.65875 0
9.66 0
9.66125 0
9.6625 0
9.66375 0
9.665 0
9.66625 0
9.6675 0
9.66875 0
9.67 0
9.67125 0
9.6725 0
9.67375 0
9.675 0
9.67625 0
9.6775 0
9.67875 0
9.68 0
9.68125 0
9.6825 0
9.68375 0
9.685 0
9.68625 0
9.6875 0
9.68875 0
9.69 0
9.69125 0
9.6925 0
9.69375 0
9.695 0
9.69625 0
9.6975 0
9.69875 0
9.7 0
9.70125 0
9.7025 0
9.70375 0
9.705 0
9.70625 0
9.7075 0
9.70875 0
9.71 0
9.71125 0
9.7125 0
9.71375 0
9.715 0
9.71625 0
9.7175 0
9.71875 0
9.72 0
9.72125 0
9.7225 0
9.72375 0
9.725 0
9.72625 0
9.7275 0
9.72875 0
9.73 0
9.73125 0
9.7325 0
9.73375 0
9.735 0
9.73625 0
9.7375 0
9.73875 0
9.74 0
9.74125 0
9.7425 0
9.74375 0
9.745 0
9.74625 0
9.7475 0
9.74875 0
9.75 0
9.75125 0
9.7525 0
9.75375 0
9.755 0
9.75625 0
9.7575 0
9.75875 0
9.76 0
9.76125 0
9.7625 0
9.76375 0
9.765 0
9.76625 0
9.7675 0
9.76875 0
9.77 0
9.77125 0
9.7725 0
9.77375 0
9.775 0
9.77625 0
9.7775 0
9.77875 0
9.78 0
9.78125 0
9.7825 0
9.78375 0
9.785 0
9.78625 0
9.7875 0
9.78875 0
9.79 0
9.79125 0
9.7925 0
9.79375 0
9.795 0
9.79625 0
9.7975 0
9.79875 0
9.8 0
9.80125 0
9.8025 0
9.80375 0
9.805 0
9.80625 0
9.8075 0
9.80875 0
9.81 0
9.81125 0
9.8125 0
9.81375 0
9.815 0
9.81625 0
9.8175 0
9.81875 0
9.82 0
9.82125 0
9.8225 0
9.82375 0
9.825 0
9.82625 0
9.8275 0
9.82875 0
9.83 0
9.83125 0
9.8325 0
9.83375 0
9.835 0
9.83625 0
9.8375 0
9.83875 0
9.84 0
9.84125 0
9.8425 0
9.84375 0
9.845 0
9.84625 0
9.8475 0
9.84875 0
9.85 0
9.85125 0
9.8525 0
9.85375 0
9.855 0
9.85625 0
9.8575 0
9.85875 0
9.86 0
9.86125 0
9.8625 0
9.86375 0
9.865 0
9.86625 0
9.8675 0
9.86875 0
9.87 0
9.87125 0
9.8725 0
9.87375 0
9.875 0
9.87625 0
9.8775 0
9.87875 0
9.88 0
9.88125 0
9.8825 0
9.88375 0
9.885 0
9.88625 0
9.8875 0
9.88875 0
9.89 0
9.89125 0
9.8925 0
9.89375 0
9.895 0
9.89625 0
9.8975 0
9.89875 0
9.9 0
9.90125 0
9.9025 0
9.90375 0
9.905 0
9.90625 0
9.9075 0
9.90875 0
9.91 0
9.91125 0
9.9125 0
9.91375 0
9.915 0
9.91625 0
9.9175 0
9.91875 0
9.92 0
9.92125 0
9.9225 0
9.92375 0
9.925 0
9.92625 0
9.9275 0
9.92875 0
9.93 0
9.93125 0
9.9325 0
9.93375 0
9.935 0
9.93625 0
9.9375 0
9.93875 0
9.94 0
9.94125 0
9.9425 0
9.94375 0
9.945 0
9.94625 0
9.9475 0
9.94875 0
9.95 0
9.95125 0
9.9525 0
9.95375 0
9.955 0
9.95625 0
9.9575 0
9.95875 0
9.96 0
9.96125 0
9.9625 0
9.96375 0
9.965 0
9.96625 0
9.9675 0
9.96875 0
9.97 0
9.97125 0
9.9725 0
9.97375 0
9.975 0
9.97625 0
9.9775 0
9.97875 0
9.98 0
9.98125 0
9.9825 0
9.98375 0
9.985 0
9.98625 0
9.9875 0
9.98875 0
9.99 0
9.99125 0
9.9925 0
9.99375 0
9.995 0
9.99625 0
9.9975 0
9.99875 0
