        3.99871     6.36639e-09              
        3.99993     3.18319e-09              
        4.00115     7.95798e-09              
        4.00239     6.36639e-09              
        4.00361     1.11412e-08              
        4.00483     6.36639e-09              
        4.00605     6.36639e-09              
        4.00727     1.11412e-08              
        4.00849     3.18319e-09              
        4.00971     7.95798e-09              
        4.01093     7.95798e-09              
        4.01215     7.95798e-09              
        4.01337     6.36639e-09              
        4.01459     6.36639e-09              
        4.01581     6.36639e-09              
        4.01703     7.95798e-09              
        4.01825      1.5916e-09              
        4.01947     4.77479e-09              
        4.02069     7.95798e-09              
        4.02191     4.77479e-09              
        4.02313     7.95798e-09              
        4.02435     9.54958e-09              
        4.02557     6.36639e-09              
        4.02679     6.36639e-09              
        4.02801     6.36639e-09              
        4.02923     3.18319e-09              
        4.03045     1.75076e-08              
        4.03167     6.36639e-09              
        4.03289     9.54958e-09              
        4.03411     9.54958e-09              
        4.03533     6.36639e-09              
        4.03656     7.95798e-09              
        4.03779     4.77479e-09              
        4.03901     1.11412e-08              
        4.04023      1.5916e-09              
        4.04145     3.18319e-09              
        4.04267     3.18319e-09              
        4.04389     6.36639e-09              
        4.04511     4.77479e-09              
        4.04633      1.5916e-09              
        4.04755     4.77479e-09              
        4.04877     1.11412e-08              
        4.04999      1.5916e-09              
        4.05121     7.95798e-09              
        4.05243     7.95798e-09              
        4.05365     4.77479e-09              
        4.05488     7.95798e-09              
         4.0561     7.95798e-09              
        4.05732     6.36639e-09              
        4.05854     3.18319e-09              
        4.05976     4.77479e-09              
        4.06098     3.18319e-09              
         4.0622     4.77479e-09              
        4.06341     7.95798e-09              
        4.06463     7.95798e-09              
        4.06585     7.95798e-09              
        4.06707     7.95798e-09              
        4.06829     9.54958e-09              
        4.06951     4.77479e-09              
        4.07073     1.27328e-08              
        4.07196     7.95798e-09              
        4.07318     6.36639e-09              
         4.0744     9.54958e-09              
        4.07562     1.11412e-08              
        4.07684     6.36639e-09              
        4.07806     3.18319e-09              
        4.07928     1.11412e-08              
         4.0805     9.54958e-09              
        4.08172     6.36639e-09              
        4.08294     1.75076e-08              
        4.08416     1.27328e-08              
        4.08538     3.18319e-09              
         4.0866     1.11412e-08              
        4.08782     1.11412e-08              
        4.08906     7.95798e-09              
        4.09028     6.36639e-09              
         4.0915     1.11412e-08              
        4.09272     1.27328e-08              
        4.09394      1.5916e-09              
        4.09516     4.77479e-09              
        4.09638     1.27328e-08              
         4.0976     1.27328e-08              
        4.09882     9.54958e-09              
        4.10004     6.36639e-09              
        4.10126      1.5916e-08              
        4.10248     4.77479e-09              
         4.1037     4.77479e-09              
        4.10492     6.36639e-09              
        4.10614     4.77479e-09              
        4.10736     9.54958e-09              
        4.10858     4.77479e-09              
         4.1098     9.54958e-09              
        4.11102     1.27328e-08              
        4.11224     9.54958e-09              
        4.11346     3.18319e-09              
        4.11468     1.43244e-08              
         4.1159     4.77479e-09              
        4.11712      1.5916e-09              
        4.11834     6.36639e-09              
        4.11956     1.11412e-08              
        4.12078     3.18319e-09              
          4.122     4.77479e-09              
        4.12323     1.27328e-08              
        4.12446     1.11412e-08              
        4.12568     6.36639e-09              
         4.1269     1.11412e-08              
        4.12812     1.11412e-08              
        4.12934      1.5916e-08              
        4.13056     6.36639e-09              
        4.13178     4.77479e-09              
          4.133     9.54958e-09              
        4.13422     3.18319e-09              
        4.13544      1.5916e-08              
        4.13666     1.27328e-08              
        4.13788     1.11412e-08              
         4.1391     1.27328e-08              
        4.14032     6.36639e-09              
        4.14154     1.43244e-08              
        4.14276     3.56518e-07              
        4.14398     2.86487e-08              
         4.1452     1.27328e-08              
        4.14642     1.75076e-08              
        4.14764     1.27328e-08              
        4.14886      1.5916e-08              
        4.15008     3.18319e-09              
         4.1513     7.95798e-09              
        4.15252     9.54958e-09              
        4.15374     3.18319e-09              
        4.15496     9.54958e-09              
        4.15618     1.27328e-08              
         4.1574     7.95798e-09              
        4.15864     1.43244e-08              
        4.15986     7.95798e-09              
        4.16108     9.54958e-09              
         4.1623     6.36639e-09              
        4.16352     1.11412e-08              
        4.16474     7.95798e-09              
        4.16596     1.27328e-08              
        4.16718     7.95798e-09              
         4.1684     1.27328e-08              
        4.16962     7.95798e-09              
        4.17084     9.54958e-09              
        4.17206     7.95798e-09              
        4.17328     9.54958e-09              
         4.1745     1.75076e-08              
        4.17572     4.77479e-09              
        4.17694     3.18319e-09              
        4.17816     4.77479e-09              
        4.17938     6.36639e-09              
         4.1806     3.18319e-09              
        4.18182     4.77479e-09              
        4.18304     6.36639e-09              
        4.18426     1.27328e-08              
        4.18548     6.36639e-09              
         4.1867     6.36639e-09              
        4.18792     6.36639e-09              
        4.18914     9.54958e-09              
        4.19036     3.18319e-09              
        4.19158     1.27328e-08              
        4.19281     1.11412e-08              
        4.19404     9.54958e-09              
        4.19526     6.36639e-09              
        4.19648     6.36639e-09              
         4.1977      1.5916e-09              
        4.19892     4.77479e-09              
        4.20014     9.54958e-09              
        4.20136     1.11412e-08              
        4.20258     3.18319e-09              
         4.2038     7.95798e-09              
        4.20502     7.95798e-09              
        4.20624     6.36639e-09              
        4.20746     6.36639e-09              
        4.20868     9.54958e-09              
         4.2099     7.95798e-09              
        4.21113     6.36639e-09              
        4.21235     4.77479e-09              
        4.21357     6.36639e-09              
        4.21479     1.27328e-08              
        4.21601     6.36639e-09              
        4.21723     6.36639e-09              
        4.21845     4.77479e-09              
        4.21966     4.77479e-09              
        4.22088     1.11412e-08              
         4.2221     1.27328e-08              
        4.22332     9.54958e-09              
        4.22454     1.27328e-08              
        4.22576     7.95798e-09              
        4.22698     4.77479e-09              
        4.22821     9.54958e-09              
        4.22943     7.95798e-09              
        4.23065     6.36639e-09              
        4.23187      1.5916e-08              
        4.23309     7.95798e-09              
        4.23431     6.36639e-09              
        4.23553     7.95798e-09              
        4.23675     7.95798e-09              
        4.23797     9.54958e-09              
        4.23919     7.95798e-09              
        4.24041     6.36639e-09              
        4.24163     6.36639e-09              
        4.24285     6.36639e-09              
        4.24407     7.95798e-09              
        4.24531     1.11412e-08              
        4.24653     7.95798e-09              
        4.24775     1.11412e-08              
        4.24897     1.27328e-08              
        4.25019     9.54958e-09              
        4.25141     4.77479e-09              
        4.25263     6.36639e-09              
        4.25385     1.11412e-08              
        4.25507     7.95798e-09              
        4.25629     9.54958e-09              
        4.25751     7.95798e-09              
        4.25873     6.36639e-09              
        4.25995     4.77479e-09              
        4.26117     6.36639e-09              
        4.26239     4.77479e-09              
        4.26361     7.95798e-09              
        4.26483     6.36639e-09              
        4.26605     9.54958e-09              
        4.26727     7.95798e-09              
        4.26849     1.11412e-08              
        4.26971     4.77479e-09              
        4.27093     3.18319e-09              
        4.27215     3.18319e-09              
        4.27337     1.11412e-08              
        4.27459     7.95798e-09              
        4.27581      1.5916e-09              
        4.27703     1.43244e-08              
        4.27825     6.36639e-09              
        4.27948     9.54958e-09              
        4.28071     6.36639e-09              
        4.28193     6.36639e-09              
        4.28315     6.36639e-09              
        4.28437     9.54958e-09              
        4.28559     1.11412e-08              
        4.28681     9.54958e-09              
        4.28803     1.27328e-08              
        4.28925     9.54958e-09              
        4.29047     7.95798e-09              
        4.29169     6.36639e-09              
        4.29291     1.27328e-08              
        4.29413     6.36639e-09              
        4.29535     1.27328e-08              
        4.29657     1.43244e-08              
        4.29779      1.5916e-09              
        4.29901     4.77479e-09              
        4.30023     4.77479e-09              
        4.30145     3.18319e-09              
        4.30267     4.77479e-09              
        4.30389      1.5916e-08              
        4.30511     1.43244e-08              
        4.30633               0              
        4.30755     4.77479e-09              
        4.30877     7.95798e-09              
        4.30999     6.36639e-09              
        4.31121     1.43244e-08              
        4.31243     4.77479e-09              
        4.31365     4.77479e-09              
        4.31489     4.77479e-09              
        4.31611     4.77479e-09              
        4.31733     9.54958e-09              
        4.31855     4.77479e-09              
        4.31977     1.43244e-08              
        4.32099     4.77479e-09              
        4.32221     7.95798e-09              
        4.32343     1.11412e-08              
        4.32465     7.95798e-09              
        4.32587     6.36639e-09              
        4.32709     6.36639e-09              
        4.32831     7.95798e-09              
        4.32953     7.95798e-09              
        4.33075     4.77479e-09              
        4.33197     4.77479e-09              
        4.33319     6.36639e-09              
        4.33441     9.54958e-09              
        4.33563     1.27328e-08              
        4.33685     9.54958e-09              
        4.33807     7.95798e-09              
        4.33929     6.36639e-09              
        4.34051      1.5916e-08              
        4.34173     9.54958e-09              
        4.34295     3.18319e-09              
        4.34417     4.77479e-09              
        4.34539     9.54958e-09              
        4.34661     4.77479e-09              
        4.34783     1.75076e-08              
        4.34906     9.54958e-09              
        4.35029     7.95798e-09              
        4.35151     1.75076e-08              
        4.35273     4.77479e-09              
        4.35395     7.95798e-09              
        4.35517     3.18319e-09              
        4.35639     9.54958e-09              
        4.35761      1.5916e-09              
        4.35883     7.95798e-09              
        4.36005     9.54958e-09              
        4.36127     6.36639e-09              
        4.36249     1.43244e-08              
        4.36371     1.11412e-08              
        4.36493     9.54958e-09              
        4.36615     7.95798e-09              
        4.36738      1.5916e-08              
         4.3686     1.27328e-08              
        4.36982     1.11412e-08              
        4.37104     1.27328e-08              
        4.37226     6.36639e-09              
        4.37348     4.77479e-09              
         4.3747     1.27328e-08              
        4.37591     1.43244e-08              
        4.37713      1.5916e-09              
        4.37835     3.18319e-09              
        4.37957     7.95798e-09              
        4.38079     6.36639e-09              
        4.38201     6.36639e-09              
        4.38323     1.27328e-08              
        4.38446     6.36639e-09              
        4.38568     3.18319e-09              
         4.3869     4.77479e-09              
        4.38812     7.95798e-09              
        4.38934     3.18319e-09              
        4.39056     9.54958e-09              
        4.39178     9.54958e-09              
          4.393     4.77479e-09              
        4.39422     7.95798e-09              
        4.39544     6.36639e-09              
        4.39666     7.95798e-09              
        4.39788     4.77479e-09              
         4.3991     9.54958e-09              
        4.40032               0              
        4.40156     6.36639e-09              
        4.40278     3.18319e-09              
          4.404      1.5916e-09              
        4.40522     4.77479e-09              
        4.40644     6.36639e-09              
        4.40766     1.11412e-08              
        4.40888     6.36639e-09              
         4.4101     6.36639e-09              
        4.41132     7.95798e-09              
        4.41254     6.36639e-09              
        4.41376     1.43244e-08              
        4.41498     7.95798e-09              
         4.4162     1.27328e-08              
        4.41742      1.5916e-09              
        4.41864     6.36639e-09              
        4.41986     6.36639e-09              
        4.42108     7.95798e-09              
         4.4223     3.18319e-09              
        4.42352     1.43244e-08              
        4.42474     7.95798e-09              
        4.42596     1.11412e-08              
        4.42718     3.18319e-09              
         4.4284     7.95798e-09              
        4.42962     6.36639e-09              
        4.43084     1.11412e-08              
        4.43206     4.77479e-09              
        4.43328     7.95798e-09              
         4.4345     4.77479e-09              
        4.43573     6.36639e-09              
        4.43696     6.36639e-09              
        4.43818     6.36639e-09              
         4.4394     1.27328e-08              
        4.44062     3.18319e-09              
        4.44184     6.36639e-09              
        4.44306     4.77479e-09              
        4.44428     9.54958e-09              
         4.4455     7.95798e-09              
        4.44672     6.36639e-09              
        4.44794     6.36639e-09              
        4.44916     1.11412e-08              
        4.45038     7.95798e-09              
         4.4516     9.54958e-09              
        4.45282     3.18319e-09              
        4.45404     6.36639e-09              
        4.45526     3.18319e-09              
        4.45648     4.77479e-09              
         4.4577     9.54958e-09              
        4.45892     9.54958e-09              
        4.46014      1.5916e-09              
        4.46136     4.77479e-09              
        4.46258     9.54958e-09              
         4.4638     4.77479e-09              
        4.46502     4.77479e-09              
        4.46624     9.54958e-09              
        4.46746     1.27328e-08              
        4.46868     4.77479e-09              
         4.4699     1.43244e-08              
        4.47114     6.36639e-09              
        4.47236     1.43244e-08              
        4.47358     4.77479e-09              
         4.4748     3.18319e-09              
        4.47602     7.95798e-09              
        4.47724     6.36639e-09              
        4.47846     9.54958e-09              
        4.47968     1.11412e-08              
         4.4809     1.11412e-08              
        4.48212     7.95798e-09              
        4.48334     6.36639e-09              
        4.48456     3.18319e-09              
        4.48578     9.54958e-09              
          4.487     9.54958e-09              
        4.48822     9.54958e-09              
        4.48944      1.5916e-09              
        4.49066     7.95798e-09              
        4.49188     9.54958e-09              
         4.4931     6.36639e-09              
        4.49432     6.36639e-09              
        4.49554     4.77479e-09              
        4.49676     9.54958e-09              
        4.49798     6.36639e-09              
         4.4992      1.5916e-09              
        4.50042     3.18319e-09              
        4.50164     6.36639e-09              
        4.50286     1.27328e-08              
        4.50408      1.5916e-09              
        4.50531     4.77479e-09              
        4.50654     1.27328e-08              
        4.50776     7.95798e-09              
        4.50898     7.95798e-09              
         4.5102     1.27328e-08              
        4.51142     1.27328e-08              
        4.51264     4.77479e-09              
        4.51386     4.77479e-09              
        4.51508     1.27328e-08              
         4.5163     1.11412e-08              
        4.51752     4.77479e-09              
        4.51874     7.95798e-09              
        4.51996     7.95798e-09              
        4.52118     3.18319e-09              
         4.5224     3.18319e-09              
        4.52363     3.18319e-09              
        4.52485               0              
        4.52607     6.36639e-09              
        4.52729     3.18319e-09              
        4.52851     6.36639e-09              
        4.52973     7.95798e-09              
        4.53095     4.77479e-09              
        4.53216     9.54958e-09              
        4.53338     4.77479e-09              
         4.5346     3.18319e-09              
        4.53582     7.95798e-09              
        4.53704     6.36639e-09              
        4.53826     4.77479e-09              
        4.53948     3.18319e-09              
        4.54071     6.36639e-09              
        4.54193     3.18319e-09              
        4.54315     6.36639e-09              
        4.54437     6.36639e-09              
        4.54559     1.27328e-08              
        4.54681     6.36639e-09              
        4.54803     1.43244e-08              
        4.54925     4.77479e-09              
        4.55047     4.77479e-09              
        4.55169     1.27328e-08              
        4.55291     6.36639e-09              
        4.55413     7.95798e-09              
        4.55535     1.11412e-08              
        4.55657     4.77479e-09              
        4.55781     7.95798e-09              
        4.55903     9.54958e-09              
        4.56025     1.11412e-08              
        4.56147     4.77479e-09              
        4.56269     7.95798e-09              
        4.56391     6.36639e-09              
        4.56513     7.95798e-09              
        4.56635     4.77479e-09              
        4.56757     7.95798e-09              
        4.56879     1.27328e-08              
        4.57001     4.77479e-09              
        4.57123     9.54958e-09              
        4.57245     6.36639e-09              
        4.57367      1.5916e-09              
        4.57489     7.95798e-09              
        4.57611      1.5916e-09              
        4.57733     3.18319e-09              
        4.57855     4.77479e-09              
        4.57977     9.54958e-09              
        4.58099      1.5916e-09              
        4.58221     4.77479e-09              
        4.58343     9.54958e-09              
        4.58465     1.27328e-08              
        4.58587     1.27328e-08              
        4.58709     6.36639e-09              
        4.58831     3.18319e-09              
        4.58953     9.54958e-09              
        4.59075     7.95798e-09              
        4.59198     1.27328e-08              
        4.59321     4.77479e-09              
        4.59443     7.95798e-09              
        4.59565     9.54958e-09              
        4.59687     6.36639e-09              
        4.59809     6.36639e-09              
        4.59931     6.36639e-09              
        4.60053     9.54958e-09              
        4.60175     7.95798e-09              
        4.60297     4.77479e-09              
        4.60419     3.18319e-09              
        4.60541     2.06908e-08              
        4.60663     1.11412e-08              
        4.60785      1.5916e-09              
        4.60907     3.18319e-09              
        4.61029     3.34235e-08              
        4.61151     7.95798e-09              
        4.61273     6.36639e-09              
        4.61395     6.36639e-09              
        4.61517     3.18319e-09              
        4.61639     4.77479e-09              
        4.61761      1.5916e-08              
        4.61883     6.36639e-09              
        4.62005     9.54958e-09              
        4.62127     3.18319e-09              
        4.62249     7.95798e-09              
        4.62371     7.95798e-09              
        4.62493     6.36639e-09              
        4.62615     4.77479e-09              
        4.62739     4.77479e-09              
        4.62861     3.18319e-09              
        4.62983     6.36639e-09              
        4.63105     4.77479e-09              
        4.63227     4.77479e-09              
        4.63349     9.54958e-09              
        4.63471     7.95798e-09              
        4.63593      1.5916e-09              
        4.63715     7.95798e-09              
        4.63837     6.36639e-09              
        4.63959     1.11412e-08              
        4.64081     1.27328e-08              
        4.64203     6.36639e-09              
        4.64325     4.77479e-09              
        4.64447     1.11412e-08              
        4.64569     6.36639e-09              
        4.64691     6.36639e-09              
        4.64813     7.95798e-09              
        4.64935     7.95798e-09              
        4.65057     7.95798e-09              
        4.65179     6.36639e-09              
        4.65301     9.54958e-09              
        4.65423     6.36639e-09              
        4.65545     6.36639e-09              
        4.65667     1.11412e-08              
        4.65789      1.5916e-09              
        4.65911     1.27328e-08              
        4.66033     4.77479e-09              
        4.66156     3.18319e-09              
        4.66279     4.77479e-09              
        4.66401      1.5916e-09              
        4.66523     4.77479e-09              
        4.66645     9.54958e-09              
        4.66767     7.95798e-09              
        4.66889     4.77479e-09              
        4.67011     1.27328e-08              
        4.67133     9.54958e-09              
        4.67255     3.18319e-09              
        4.67377     6.36639e-09              
        4.67499     3.18319e-09              
        4.67621     1.27328e-08              
        4.67743      1.5916e-09              
        4.67865     1.27328e-08              
        4.67988     6.36639e-09              
         4.6811     3.18319e-09              
        4.68232     9.54958e-09              
        4.68354     4.77479e-09              
        4.68476     6.36639e-09              
        4.68598     4.77479e-09              
         4.6872     6.36639e-09              
        4.68841     4.77479e-09              
        4.68963     3.18319e-09              
        4.69085     9.54958e-09              
        4.69207     6.36639e-09              
        4.69329     6.36639e-09              
        4.69451     6.36639e-09              
        4.69573     6.36639e-09              
        4.69696      1.5916e-09              
        4.69818     9.54958e-09              
         4.6994      1.5916e-09              
        4.70062     7.95798e-09              
        4.70184     1.27328e-08              
        4.70306     7.95798e-09              
        4.70428     7.95798e-09              
         4.7055     7.95798e-09              
        4.70672     3.18319e-09              
        4.70794     4.77479e-09              
        4.70916     3.02403e-08              
        4.71038     6.36639e-09              
         4.7116     9.54958e-09              
        4.71282               0              
        4.71406     9.54958e-09              
        4.71528     6.36639e-09              
         4.7165     9.54958e-09              
        4.71772     4.77479e-09              
        4.71894     6.36639e-09              
        4.72016     1.27328e-08              
        4.72138     7.95798e-09              
         4.7226     6.36639e-09              
        4.72382     4.77479e-09              
        4.72504     9.54958e-09              
        4.72626     9.54958e-09              
        4.72748     7.95798e-09              
         4.7287     1.11412e-08              
        4.72992     1.27328e-08              
        4.73114     1.43244e-08              
        4.73236     7.95798e-09              
        4.73358     7.95798e-09              
         4.7348     3.18319e-09              
        4.73602     1.27328e-08              
        4.73724     4.77479e-09              
        4.73846     1.27328e-08              
        4.73968     9.54958e-09              
         4.7409     6.36639e-09              
        4.74212     4.77479e-09              
        4.74334     7.95798e-09              
        4.74456     1.11412e-08              
        4.74578     7.95798e-09              
          4.747     1.11412e-08              
        4.74823     1.11412e-08              
        4.74946     3.18319e-09              
        4.75068     7.95798e-09              
         4.7519     6.36639e-09              
        4.75312     9.54958e-09              
        4.75434      1.5916e-09              
        4.75556     4.77479e-09              
        4.75678               0              
          4.758     6.36639e-09              
        4.75922     7.95798e-09              
        4.76044     9.54958e-09              
        4.76166     1.11412e-08              
        4.76288     1.43244e-08              
         4.7641     4.77479e-09              
        4.76532     4.77479e-09              
        4.76654     4.77479e-09              
        4.76776     6.36639e-09              
        4.76898     9.54958e-09              
         4.7702     7.95798e-09              
        4.77142     9.54958e-09              
        4.77264     6.36639e-09              
        4.77386     4.77479e-09              
        4.77508     4.77479e-09              
         4.7763     3.18319e-09              
        4.77752     7.95798e-09              
        4.77874     3.18319e-09              
        4.77996     3.18319e-09              
        4.78118     6.36639e-09              
         4.7824     6.36639e-09              
        4.78364     4.77479e-09              
        4.78486     3.18319e-09              
        4.78608     1.11412e-08              
         4.7873     1.27328e-08              
        4.78852     6.36639e-09              
        4.78974     6.36639e-09              
        4.79096     7.95798e-09              
        4.79218     4.77479e-09              
         4.7934     7.95798e-09              
        4.79462     4.77479e-09              
        4.79584     6.36639e-09              
        4.79706      1.5916e-08              
        4.79828     1.11412e-08              
         4.7995     9.54958e-09              
        4.80072     4.77479e-09              
        4.80194     7.95798e-09              
        4.80316     9.54958e-09              
        4.80438      1.5916e-08              
         4.8056     1.11412e-08              
        4.80682     1.11412e-08              
        4.80804     4.77479e-09              
        4.80926     7.95798e-09              
        4.81048     6.36639e-09              
         4.8117     6.36639e-09              
        4.81292     4.77479e-09              
        4.81414     9.54958e-09              
        4.81536     3.18319e-09              
        4.81658     9.54958e-09              
        4.81781     7.95798e-09              
        4.81904     7.95798e-09              
        4.82026     7.95798e-09              
        4.82148     9.54958e-09              
         4.8227     1.11412e-08              
        4.82392     4.77479e-09              
        4.82514     6.36639e-09              
        4.82636     3.18319e-09              
        4.82758     6.36639e-09              
         4.8288     4.77479e-09              
        4.83002     6.36639e-09              
        4.83124     6.36639e-09              
        4.83246     9.54958e-09              
        4.83368     9.54958e-09              
         4.8349     9.54958e-09              
        4.83613     4.77479e-09              
        4.83735     3.18319e-09              
        4.83857      1.5916e-09              
        4.83979     1.11412e-08              
        4.84101      1.5916e-09              
        4.84223     7.95798e-09              
        4.84345     6.36639e-09              
        4.84466     7.95798e-09              
        4.84588     3.18319e-09              
         4.8471     4.77479e-09              
        4.84832      1.5916e-09              
        4.84954     9.54958e-09              
        4.85076     4.77479e-09              
        4.85198     9.54958e-09              
        4.85321     9.54958e-09              
        4.85443     6.36639e-09              
        4.85565     9.54958e-09              
        4.85687     3.18319e-09              
        4.85809     3.18319e-09              
        4.85931      1.5916e-09              
        4.86053     6.36639e-09              
        4.86175     1.43244e-08              
        4.86297     3.18319e-09              
        4.86419     7.95798e-09              
        4.86541     7.95798e-09              
        4.86663     7.95798e-09              
        4.86785     3.18319e-09              
        4.86907     3.18319e-09              
        4.87031     3.18319e-09              
        4.87153               0              
        4.87275     6.36639e-09              
        4.87397     4.77479e-09              
        4.87519     1.43244e-08              
        4.87641     6.36639e-09              
        4.87763     4.77479e-09              
        4.87885     3.18319e-09              
        4.88007     6.36639e-09              
        4.88129     9.54958e-09              
        4.88251     1.43244e-08              
        4.88373     7.95798e-09              
        4.88495     4.77479e-09              
        4.88617     4.77479e-09              
        4.88739      1.5916e-09              
        4.88861     1.11412e-08              
        4.88983     4.77479e-09              
        4.89105     4.77479e-09              
        4.89227     9.54958e-09              
        4.89349     3.18319e-09              
        4.89471     4.77479e-09              
        4.89593     6.36639e-09              
        4.89715     7.95798e-09              
        4.89837     7.95798e-09              
        4.89959     9.54958e-09              
        4.90081     6.36639e-09              
        4.90203     6.36639e-09              
        4.90325     9.54958e-09              
        4.90448     3.18319e-09              
        4.90571      1.5916e-09              
        4.90693     7.95798e-09              
        4.90815     4.77479e-09              
        4.90937     3.18319e-09              
        4.91059     6.36639e-09              
        4.91181     7.95798e-09              
        4.91303     3.18319e-09              
        4.91425     6.36639e-09              
        4.91547     3.18319e-09              
        4.91669     4.77479e-09              
        4.91791     4.77479e-09              
        4.91913     4.77479e-09              
        4.92035     3.18319e-09              
        4.92157     9.54958e-09              
        4.92279     6.36639e-09              
        4.92401     4.77479e-09              
        4.92523     4.77479e-09              
        4.92645     4.77479e-09              
        4.92767     7.95798e-09              
        4.92889     4.77479e-09              
        4.93011     9.54958e-09              
        4.93133     7.95798e-09              
        4.93255      1.5916e-09              
        4.93377     6.36639e-09              
        4.93499               0              
        4.93621     4.77479e-09              
        4.93743     1.11412e-08              
        4.93865     1.11412e-08              
        4.93989     9.54958e-09              
        4.94111      1.5916e-09              
        4.94233     9.54958e-09              
        4.94355      1.5916e-09              
        4.94477     9.54958e-09              
        4.94599     9.54958e-09              
        4.94721     7.95798e-09              
        4.94843     6.36639e-09              
        4.94965     3.18319e-09              
        4.95087     6.36639e-09              
        4.95209     3.94716e-07              
        4.95331     4.61563e-08              
        4.95453     1.27328e-08              
        4.95575     1.27328e-08              
        4.95697     9.54958e-09              
        4.95819     1.11412e-08              
        4.95941     1.43244e-08              
        4.96063     7.95798e-09              
        4.96185     7.95798e-09              
        4.96307      1.5916e-08              
        4.96429     7.95798e-09              
        4.96551     7.95798e-09              
        4.96673     7.95798e-09              
        4.96795     9.54958e-09              
        4.96917     1.27328e-08              
        4.97039     4.77479e-09              
        4.97161     4.77479e-09              
        4.97283     6.36639e-09              
        4.97406      1.5916e-09              
        4.97529     9.54958e-09              
        4.97651     7.95798e-09              
        4.97773     6.36639e-09              
        4.97895     6.36639e-09              
        4.98017     6.36639e-09              
        4.98139     6.36639e-09              
        4.98261     9.54958e-09              
        4.98383     6.36639e-09              
        4.98505     7.95798e-09              
        4.98627     1.11412e-08              
        4.98749     9.54958e-09              
        4.98871     7.95798e-09              
        4.98993     7.95798e-09              
        4.99115     9.54958e-09              
        4.99238     9.54958e-09              
         4.9936     4.77479e-09              
        4.99482     3.18319e-09              
        4.99604     1.75076e-08              
        4.99726               0              
