        2.99897     7.95798e-09              
        3.00019     1.27328e-08              
        3.00141     7.95798e-09              
        3.00263     1.11412e-08              
        3.00385     1.11412e-08              
        3.00507     1.11412e-08              
        3.00629     1.11412e-08              
        3.00751     1.11412e-08              
        3.00873     6.36639e-09              
        3.00995     1.11412e-08              
        3.01117     1.90992e-08              
        3.01239     9.54958e-09              
        3.01362     6.36639e-09              
        3.01484     1.43244e-08              
        3.01606     7.95798e-09              
        3.01728     2.22823e-08              
         3.0185     7.95798e-09              
        3.01972     1.43244e-08              
        3.02094     1.75076e-08              
        3.02216     1.11412e-08              
        3.02338     1.43244e-08              
         3.0246      1.5916e-08              
        3.02582      1.5916e-08              
        3.02704     1.11412e-08              
        3.02826     1.11412e-08              
        3.02948     1.43244e-08              
        3.03071     1.27328e-08              
        3.03193     7.95798e-09              
        3.03315     7.95798e-09              
        3.03437     1.27328e-08              
        3.03559     1.11412e-08              
        3.03681     1.11412e-08              
        3.03803     4.77479e-09              
        3.03925     7.95798e-09              
        3.04047     1.11412e-08              
        3.04169     3.18319e-09              
        3.04291     6.36639e-09              
        3.04413     6.36639e-09              
        3.04535     7.95798e-09              
        3.04657     4.77479e-09              
        3.04779     1.90992e-08              
        3.04901     1.11412e-08              
        3.05023     1.43244e-08              
        3.05145     2.06908e-08              
        3.05267     6.36639e-09              
        3.05389     1.11412e-08              
        3.05511     7.95798e-09              
        3.05633     9.54958e-09              
        3.05755     2.22823e-08              
        3.05877     1.43244e-08              
        3.05999     7.95798e-09              
        3.06121     9.54958e-09              
        3.06243     1.11412e-08              
        3.06365     1.11412e-08              
        3.06488     4.77479e-09              
         3.0661     6.36639e-09              
        3.06732     9.54958e-09              
        3.06854     1.43244e-08              
        3.06976     3.18319e-09              
        3.07098     1.11412e-08              
         3.0722     6.36639e-09              
        3.07342     7.95798e-09              
        3.07464     4.77479e-09              
        3.07586     9.54958e-09              
        3.07708     1.27328e-08              
         3.0783     1.27328e-08              
        3.07952     1.27328e-08              
        3.08074      1.5916e-08              
        3.08197      1.5916e-08              
        3.08319     9.54958e-09              
        3.08441     9.54958e-09              
        3.08563     6.36639e-09              
        3.08685     1.11412e-08              
        3.08807     9.54958e-09              
        3.08929     7.95798e-09              
        3.09051     9.54958e-09              
        3.09173      1.5916e-08              
        3.09295     7.95798e-09              
        3.09417     4.77479e-09              
        3.09539     1.11412e-08              
        3.09661     7.95798e-09              
        3.09783     4.77479e-09              
        3.09906     7.95798e-09              
        3.10028     7.95798e-09              
         3.1015     9.54958e-09              
        3.10272     9.54958e-09              
        3.10394     4.77479e-09              
        3.10516     1.27328e-08              
        3.10638      1.5916e-09              
         3.1076     2.38739e-08              
        3.10882     1.11412e-08              
        3.11004     3.18319e-09              
        3.11126     9.54958e-09              
        3.11248     4.77479e-09              
         3.1137     1.11412e-08              
        3.11492     1.43244e-08              
        3.11615     1.27328e-08              
        3.11738     4.77479e-09              
         3.1186     1.90992e-08              
        3.11982     1.11412e-08              
        3.12104     1.43244e-08              
        3.12226     6.36639e-09              
        3.12348     1.27328e-08              
         3.1247     1.75076e-08              
        3.12591     1.11412e-08              
        3.12713     1.11412e-08              
        3.12835     9.54958e-09              
        3.12957     7.95798e-09              
        3.13079     7.95798e-09              
        3.13201     1.75076e-08              
        3.13323     9.54958e-09              
        3.13447     1.27328e-08              
        3.13569     1.27328e-08              
        3.13691     1.11412e-08              
        3.13813     1.11412e-08              
        3.13935     7.95798e-09              
        3.14057      1.5916e-08              
        3.14179     3.18319e-09              
        3.14301     7.95798e-09              
        3.14423     6.36639e-09              
        3.14545     1.11412e-08              
        3.14667     9.54958e-09              
        3.14789     1.11412e-08              
        3.14911     7.95798e-09              
        3.15033     6.36639e-09              
        3.15156     9.54958e-09              
        3.15278     9.54958e-09              
          3.154     6.36639e-09              
        3.15522     7.95798e-09              
        3.15644     9.54958e-09              
        3.15766     1.11412e-08              
        3.15888     1.27328e-08              
         3.1601     1.11412e-08              
        3.16132     1.27328e-08              
        3.16254     4.77479e-09              
        3.16376     1.27328e-08              
        3.16498     1.43244e-08              
         3.1662     7.95798e-09              
        3.16742     9.54958e-09              
        3.16864     1.27328e-08              
        3.16987     1.75076e-08              
        3.17109     1.11412e-08              
        3.17231     7.95798e-09              
        3.17353     7.95798e-09              
        3.17475     3.18319e-09              
        3.17597     6.36639e-09              
        3.17719     7.95798e-09              
        3.17841     1.11412e-08              
        3.17963     1.75076e-08              
        3.18085     2.70571e-08              
        3.18207     9.54958e-09              
        3.18329     1.27328e-08              
        3.18451     9.54958e-09              
        3.18573      1.5916e-09              
        3.18696     6.36639e-09              
        3.18818     9.54958e-09              
         3.1894     7.95798e-09              
        3.19062     4.77479e-09              
        3.19184     6.36639e-09              
        3.19306     1.11412e-08              
        3.19428     1.11412e-08              
         3.1955     7.95798e-09              
        3.19672     6.36639e-09              
        3.19794     1.90992e-08              
        3.19916     6.36639e-09              
        3.20038     1.27328e-08              
         3.2016     1.27328e-08              
        3.20282     9.54958e-09              
        3.20404     6.36639e-09              
        3.20526     6.36639e-09              
        3.20648     1.27328e-08              
         3.2077     1.27328e-08              
        3.20892     1.11412e-08              
        3.21014     6.36639e-09              
        3.21136      1.5916e-09              
        3.21258     6.36639e-09              
         3.2138     1.43244e-08              
        3.21502     9.54958e-09              
        3.21624     4.77479e-09              
        3.21746     3.18319e-09              
        3.21868     3.18319e-09              
         3.2199     9.54958e-09              
        3.22113     1.75076e-08              
        3.22235     6.36639e-09              
        3.22357     1.43244e-08              
        3.22479     1.27328e-08              
        3.22601     9.54958e-09              
        3.22723     1.90992e-08              
        3.22845     9.54958e-09              
        3.22967     6.36639e-09              
        3.23089     9.54958e-09              
        3.23211     7.95798e-09              
        3.23333     1.27328e-08              
        3.23455     3.18319e-09              
        3.23577               0              
        3.23699     7.95798e-09              
        3.23822     1.11412e-08              
        3.23944     9.54958e-09              
        3.24066     4.77479e-09              
        3.24188     1.43244e-08              
         3.2431     6.36639e-09              
        3.24432     1.27328e-08              
        3.24554     1.11412e-08              
        3.24676     6.36639e-09              
        3.24798     1.11412e-08              
         3.2492     1.11412e-08              
        3.25042     4.77479e-09              
        3.25164     4.77479e-09              
        3.25286     1.11412e-08              
        3.25408     6.36639e-09              
        3.25531     9.54958e-09              
        3.25653     9.54958e-09              
        3.25775     1.27328e-08              
        3.25897     1.27328e-08              
        3.26019     9.54958e-09              
        3.26141     9.54958e-09              
        3.26263     6.36639e-09              
        3.26385     7.95798e-09              
        3.26507     1.11412e-08              
        3.26629     7.95798e-09              
        3.26751      1.5916e-08              
        3.26873     9.54958e-09              
        3.26995     7.95798e-09              
        3.27117     6.36639e-09              
         3.2724     4.77479e-09              
        3.27363     9.54958e-09              
        3.27485     6.36639e-09              
        3.27607     9.54958e-09              
        3.27729     1.11412e-08              
        3.27851     1.43244e-08              
        3.27973     1.43244e-08              
        3.28095     1.11412e-08              
        3.28216     7.95798e-09              
        3.28338      1.5916e-08              
         3.2846     9.54958e-09              
        3.28582     7.95798e-09              
        3.28704     9.54958e-09              
        3.28826     6.36639e-09              
        3.28948     7.95798e-09              
        3.29072     9.54958e-09              
        3.29194     1.43244e-08              
        3.29316     7.95798e-09              
        3.29438     1.11412e-08              
         3.2956     1.27328e-08              
        3.29682     1.27328e-08              
        3.29804     1.43244e-08              
        3.29926      1.5916e-08              
        3.30048     6.36639e-09              
         3.3017     9.54958e-09              
        3.30292     7.95798e-09              
        3.30414      1.5916e-09              
        3.30536     6.36639e-09              
        3.30658      1.5916e-09              
        3.30781     9.54958e-09              
        3.30903     7.95798e-09              
        3.31025     4.77479e-09              
        3.31147     1.27328e-08              
        3.31269     7.95798e-09              
        3.31391     1.43244e-08              
        3.31513     9.54958e-09              
        3.31635     7.95798e-09              
        3.31757     1.27328e-08              
        3.31879     4.77479e-09              
        3.32001     9.54958e-09              
        3.32123     1.11412e-08              
        3.32245     7.95798e-09              
        3.32367     1.11412e-08              
        3.32489     1.27328e-08              
        3.32612     4.77479e-09              
        3.32734     1.27328e-08              
        3.32856     6.36639e-09              
        3.32978     4.77479e-09              
          3.331     7.95798e-09              
        3.33222     1.43244e-08              
        3.33344     3.18319e-09              
        3.33466     1.27328e-08              
        3.33588     1.43244e-08              
         3.3371      1.5916e-08              
        3.33832     7.95798e-09              
        3.33954     1.43244e-08              
        3.34076     1.27328e-08              
        3.34198     4.77479e-09              
        3.34321     9.54958e-09              
        3.34443     9.54958e-09              
        3.34565     9.54958e-09              
        3.34687     6.36639e-09              
        3.34809     1.11412e-08              
        3.34931     1.27328e-08              
        3.35053     7.95798e-09              
        3.35175     1.11412e-08              
        3.35297     1.11412e-08              
        3.35419     4.77479e-09              
        3.35541     7.95798e-09              
        3.35663     7.95798e-09              
        3.35785     6.36639e-09              
        3.35907     9.54958e-09              
        3.36029     3.18319e-09              
        3.36151     1.27328e-08              
        3.36273     4.77479e-09              
        3.36395     9.54958e-09              
        3.36517     2.54655e-08              
        3.36639     3.18319e-09              
        3.36761     4.77479e-09              
        3.36883     1.27328e-08              
        3.37005     1.11412e-08              
        3.37127     6.36639e-09              
        3.37249     1.11412e-08              
        3.37371      1.5916e-08              
        3.37493     1.90992e-08              
        3.37615     7.95798e-09              
        3.37738     1.11412e-08              
         3.3786     4.77479e-09              
        3.37982     9.54958e-09              
        3.38104     1.27328e-08              
        3.38226     7.95798e-09              
        3.38348     4.77479e-09              
         3.3847     3.18319e-09              
        3.38592     7.95798e-09              
        3.38714     6.36639e-09              
        3.38836     7.95798e-09              
        3.38958     7.95798e-09              
         3.3908     6.36639e-09              
        3.39202     1.11412e-08              
        3.39324     1.11412e-08              
        3.39447     3.18319e-09              
        3.39569     9.54958e-09              
        3.39691     1.27328e-08              
        3.39813     1.11412e-08              
        3.39935     7.95798e-09              
        3.40057     3.18319e-08              
        3.40179     6.36639e-09              
        3.40301     1.75076e-08              
        3.40423     9.54958e-09              
        3.40545     1.11412e-08              
        3.40667     1.11412e-08              
        3.40789     1.43244e-08              
        3.40911     1.75076e-08              
        3.41033     4.77479e-09              
        3.41156     6.36639e-09              
        3.41278     6.36639e-09              
          3.414     9.54958e-09              
        3.41522     9.54958e-09              
        3.41644     6.36639e-09              
        3.41766     1.11412e-08              
        3.41888     7.95798e-09              
         3.4201     1.11412e-08              
        3.42132     6.36639e-09              
        3.42254     1.43244e-08              
        3.42376     1.43244e-08              
        3.42498     9.54958e-09              
         3.4262     1.27328e-08              
        3.42742     7.95798e-09              
        3.42865     7.95798e-09              
        3.42988     6.36639e-09              
         3.4311     1.11412e-08              
        3.43232     4.77479e-09              
        3.43354     4.77479e-09              
        3.43476     1.11412e-08              
        3.43598     4.77479e-09              
         3.4372     7.95798e-09              
        3.43841     3.18319e-09              
        3.43963     4.77479e-09              
        3.44085     1.90992e-08              
        3.44207     1.27328e-08              
        3.44329     6.36639e-09              
        3.44451     1.11412e-08              
        3.44573     6.36639e-09              
        3.44697     1.11412e-08              
        3.44819     6.36639e-09              
        3.44941     3.18319e-09              
        3.45063     9.54958e-09              
        3.45185     6.36639e-09              
        3.45307     6.36639e-09              
        3.45429     9.54958e-09              
        3.45551     6.36639e-09              
        3.45673     7.95798e-09              
        3.45795               0              
        3.45917     6.36639e-09              
        3.46039     1.11412e-08              
        3.46161     9.54958e-09              
        3.46283     3.18319e-09              
        3.46406     1.27328e-08              
        3.46528     1.27328e-08              
         3.4665     1.43244e-08              
        3.46772     1.43244e-08              
        3.46894     4.77479e-09              
        3.47016     6.36639e-09              
        3.47138     1.43244e-08              
         3.4726     1.27328e-08              
        3.47382     6.36639e-09              
        3.47504     6.36639e-09              
        3.47626     3.18319e-09              
        3.47748     7.95798e-09              
         3.4787     1.11412e-08              
        3.47992     1.11412e-08              
        3.48114     7.95798e-09              
        3.48237     4.77479e-09              
        3.48359     6.36639e-09              
        3.48481     7.95798e-09              
        3.48603     6.36639e-09              
        3.48725     9.54958e-09              
        3.48847     9.54958e-09              
        3.48969     4.77479e-09              
        3.49091     1.75076e-08              
        3.49213     6.36639e-09              
        3.49335     4.77479e-09              
        3.49457     3.18319e-09              
        3.49579     7.95798e-09              
        3.49701     4.77479e-09              
        3.49823     7.95798e-09              
        3.49946     6.36639e-09              
        3.50068     4.77479e-09              
         3.5019     4.77479e-09              
        3.50312     1.11412e-08              
        3.50434     7.95798e-09              
        3.50556     6.36639e-09              
        3.50678     1.11412e-08              
          3.508     4.77479e-09              
        3.50922     4.77479e-09              
        3.51044     9.54958e-09              
        3.51166     1.11412e-08              
        3.51288     4.77479e-09              
         3.5141     6.36639e-09              
        3.51532      1.5916e-09              
        3.51654     7.95798e-09              
        3.51776     9.54958e-09              
        3.51898     1.11412e-08              
         3.5202     7.95798e-09              
        3.52142     4.77479e-09              
        3.52264     4.77479e-09              
        3.52386     7.95798e-09              
        3.52508     3.18319e-09              
         3.5263     4.77479e-09              
        3.52752     4.77479e-09              
        3.52874     6.36639e-09              
        3.52996      1.5916e-08              
        3.53118     1.11412e-08              
         3.5324     6.36639e-09              
        3.53363      1.5916e-09              
        3.53485               0              
        3.53607     4.77479e-09              
        3.53729     4.77479e-09              
        3.53851     7.95798e-09              
        3.53973     1.27328e-08              
        3.54095     4.77479e-09              
        3.54217     7.95798e-09              
        3.54339     4.77479e-09              
        3.54461     9.54958e-09              
        3.54583     1.43244e-08              
        3.54705     4.77479e-09              
        3.54827     7.95798e-09              
        3.54949     1.11412e-08              
        3.55072     9.54958e-09              
        3.55194     4.77479e-09              
        3.55316     9.54958e-09              
        3.55438     9.54958e-09              
         3.5556     1.11412e-08              
        3.55682     1.11412e-08              
        3.55804     6.36639e-09              
        3.55926     6.36639e-09              
        3.56048     4.77479e-09              
         3.5617     1.11412e-08              
        3.56292     9.54958e-09              
        3.56414     9.54958e-09              
        3.56536     3.18319e-09              
        3.56658     1.43244e-08              
        3.56781     6.36639e-09              
        3.56903     6.36639e-09              
        3.57025     6.36639e-09              
        3.57147     6.36639e-09              
        3.57269     7.95798e-09              
        3.57391     1.11412e-08              
        3.57513     1.11412e-08              
        3.57635     3.18319e-09              
        3.57757     4.77479e-09              
        3.57879     9.54958e-09              
        3.58001     6.36639e-09              
        3.58123     6.36639e-09              
        3.58245     9.54958e-09              
        3.58367     1.27328e-08              
         3.5849     3.18319e-09              
        3.58613     4.77479e-09              
        3.58735     4.77479e-09              
        3.58857     3.18319e-09              
        3.58979     1.11412e-08              
        3.59101     1.43244e-08              
        3.59223     9.54958e-09              
        3.59345     6.36639e-09              
        3.59466     7.95798e-09              
        3.59588      1.5916e-09              
         3.5971     4.77479e-09              
        3.59832      1.5916e-08              
        3.59954     1.11412e-08              
        3.60076     9.54958e-09              
        3.60198     9.54958e-09              
        3.60322     6.36639e-09              
        3.60444     6.36639e-09              
        3.60566     9.54958e-09              
        3.60688     1.43244e-08              
         3.6081     9.54958e-09              
        3.60932      1.5916e-09              
        3.61054     9.54958e-09              
        3.61176     1.27328e-08              
        3.61298     1.11412e-08              
         3.6142     6.36639e-09              
        3.61542     1.11412e-08              
        3.61664     6.36639e-09              
        3.61786     3.18319e-09              
        3.61908     3.18319e-09              
        3.62031     1.11412e-08              
        3.62153     6.36639e-09              
        3.62275     4.77479e-09              
        3.62397     7.95798e-09              
        3.62519     1.27328e-08              
        3.62641     9.54958e-09              
        3.62763     1.11412e-08              
        3.62885     3.18319e-09              
        3.63007      1.5916e-08              
        3.63129     9.54958e-09              
        3.63251     9.54958e-09              
        3.63373     9.54958e-09              
        3.63495     6.36639e-09              
        3.63617     6.36639e-09              
        3.63739      1.5916e-09              
        3.63862     7.95798e-09              
        3.63984     4.77479e-09              
        3.64106     1.11412e-08              
        3.64228     6.36639e-09              
         3.6435     4.77479e-09              
        3.64472     7.95798e-09              
        3.64594     7.95798e-09              
        3.64716     4.77479e-09              
        3.64838      1.5916e-08              
         3.6496     7.95798e-09              
        3.65082     4.77479e-09              
        3.65204     1.27328e-08              
        3.65326     3.18319e-09              
        3.65448     1.11412e-08              
        3.65571     4.77479e-09              
        3.65693     9.54958e-09              
        3.65815     9.54958e-09              
        3.65937     6.36639e-09              
        3.66059     1.11412e-08              
        3.66181     6.36639e-09              
        3.66303     6.36639e-09              
        3.66425     4.77479e-09              
        3.66547     2.22823e-08              
        3.66669     4.77479e-09              
        3.66791     2.38739e-08              
        3.66913     1.11412e-08              
        3.67035     7.95798e-09              
        3.67157     3.18319e-09              
        3.67279     7.95798e-09              
        3.67401     9.54958e-09              
        3.67523     9.54958e-09              
        3.67645     7.95798e-09              
        3.67767     4.77479e-09              
        3.67889     7.95798e-09              
        3.68011     1.11412e-08              
        3.68133     4.77479e-09              
        3.68255     4.77479e-09              
        3.68377     4.77479e-09              
        3.68499     9.54958e-09              
        3.68621     9.54958e-09              
        3.68743     6.36639e-09              
        3.68865     7.95798e-09              
        3.68988     6.36639e-09              
         3.6911     6.36639e-09              
        3.69232     1.11412e-08              
        3.69354     7.95798e-09              
        3.69476     1.27328e-08              
        3.69598     7.95798e-09              
         3.6972     9.54958e-09              
        3.69842     4.77479e-09              
        3.69964     6.36639e-09              
        3.70086     7.95798e-09              
        3.70208     9.54958e-09              
         3.7033     9.54958e-09              
        3.70452     9.54958e-09              
        3.70574     4.77479e-09              
        3.70697     1.11412e-08              
        3.70819     6.36639e-09              
        3.70941     7.95798e-09              
        3.71063     9.54958e-09              
        3.71185     3.18319e-09              
        3.71307     1.11412e-08              
        3.71429     4.77479e-09              
        3.71551     1.27328e-08              
        3.71673     1.43244e-08              
        3.71795     6.36639e-09              
        3.71917     3.18319e-09              
        3.72039     6.36639e-09              
        3.72161     1.43244e-08              
        3.72283     3.18319e-09              
        3.72406     7.95798e-09              
        3.72528     6.36639e-09              
         3.7265     1.27328e-08              
        3.72772     7.95798e-09              
        3.72894     3.18319e-09              
        3.73016     7.95798e-09              
        3.73138     9.54958e-09              
         3.7326     1.11412e-08              
        3.73382     9.54958e-09              
        3.73504     4.77479e-09              
        3.73626     7.95798e-09              
        3.73748     3.18319e-09              
         3.7387     9.54958e-09              
        3.73992     1.11412e-08              
        3.74115     9.54958e-09              
        3.74238     1.11412e-08              
         3.7436     7.95798e-09              
        3.74482     9.54958e-09              
        3.74604     9.54958e-09              
        3.74726     9.54958e-09              
        3.74848     6.36639e-09              
         3.7497     9.54958e-09              
        3.75091     1.27328e-08              
        3.75213     9.54958e-09              
        3.75335     7.95798e-09              
        3.75457     9.54958e-09              
        3.75579     7.95798e-09              
        3.75701     6.36639e-09              
        3.75823     9.54958e-09              
        3.75947     7.95798e-09              
        3.76069      1.5916e-08              
        3.76191     1.11412e-08              
        3.76313     6.36639e-09              
        3.76435     6.36639e-09              
        3.76557     7.95798e-09              
        3.76679     1.43244e-08              
        3.76801     4.77479e-09              
        3.76923     9.54958e-09              
        3.77045     7.95798e-09              
        3.77167     4.77479e-09              
        3.77289     6.36639e-09              
        3.77411     3.18319e-09              
        3.77533     9.54958e-09              
        3.77656     1.27328e-08              
        3.77778     1.43244e-08              
          3.779     2.70571e-08              
        3.78022     6.36639e-09              
        3.78144     1.11412e-08              
        3.78266     9.54958e-09              
        3.78388     4.77479e-09              
         3.7851     6.36639e-09              
        3.78632     6.36639e-09              
        3.78754     6.36639e-09              
        3.78876     7.95798e-09              
        3.78998     1.11412e-08              
         3.7912     6.36639e-09              
        3.79242     9.54958e-09              
        3.79364     1.11412e-08              
        3.79487     6.36639e-09              
        3.79609     7.95798e-09              
        3.79731     9.54958e-09              
        3.79853     1.11412e-08              
        3.79975     3.18319e-09              
        3.80097     4.77479e-09              
        3.80219     9.54958e-09              
        3.80341     1.27328e-08              
        3.80463     4.77479e-09              
        3.80585     1.11412e-08              
        3.80707     4.77479e-09              
        3.80829     4.77479e-09              
        3.80951     7.95798e-09              
        3.81073     7.95798e-09              
        3.81196     1.27328e-08              
        3.81318     7.95798e-09              
         3.8144     1.90992e-08              
        3.81562     3.18319e-09              
        3.81684     7.95798e-09              
        3.81806     6.36639e-09              
        3.81928     4.77479e-09              
         3.8205     1.27328e-08              
        3.82172     4.77479e-09              
        3.82294     1.43244e-08              
        3.82416     6.36639e-09              
        3.82538     3.18319e-09              
         3.8266     9.54958e-09              
        3.82782     4.77479e-09              
        3.82904     4.77479e-09              
        3.83026     9.54958e-09              
        3.83148     1.27328e-08              
         3.8327               0              
        3.83392     6.36639e-09              
        3.83514     7.95798e-09              
        3.83636     1.11412e-08              
        3.83758     1.43244e-08              
         3.8388     3.18319e-09              
        3.84002     6.36639e-09              
        3.84124     1.43244e-08              
        3.84246     6.36639e-09              
        3.84368     7.95798e-09              
         3.8449     4.77479e-09              
        3.84613     1.75076e-08              
        3.84735     6.36639e-09              
        3.84857     7.95798e-09              
        3.84979     9.54958e-09              
        3.85101     9.54958e-09              
        3.85223     1.27328e-08              
        3.85345     7.95798e-09              
        3.85467     7.95798e-09              
        3.85589     9.54958e-09              
        3.85711     6.36639e-09              
        3.85833     4.77479e-09              
        3.85955     7.95798e-09              
        3.86077     4.77479e-09              
        3.86199      1.5916e-08              
        3.86322     9.54958e-09              
        3.86444     1.11412e-08              
        3.86566     6.36639e-09              
        3.86688     3.18319e-09              
         3.8681     7.95798e-09              
        3.86932     4.77479e-09              
        3.87054     7.95798e-09              
        3.87176     1.11412e-08              
        3.87298     1.27328e-08              
         3.8742     6.36639e-09              
        3.87542     1.11412e-08              
        3.87664      1.5916e-09              
        3.87786     7.95798e-09              
        3.87908     6.36639e-09              
        3.88031      1.5916e-09              
        3.88153     7.95798e-09              
        3.88275     7.95798e-09              
        3.88397     7.95798e-09              
        3.88519     1.11412e-08              
        3.88641     9.54958e-09              
        3.88763     1.11412e-08              
        3.88885     9.54958e-09              
        3.89007     4.77479e-09              
        3.89129     6.36639e-09              
        3.89251     7.95798e-09              
        3.89373     1.27328e-08              
        3.89495     4.77479e-09              
        3.89617     1.11412e-08              
         3.8974     1.27328e-08              
        3.89863     6.36639e-09              
        3.89985     6.36639e-09              
        3.90107      1.5916e-08              
        3.90229     6.36639e-09              
        3.90351     7.95798e-09              
        3.90473     4.77479e-09              
        3.90595     1.11412e-08              
        3.90716     1.27328e-08              
        3.90838     4.77479e-09              
         3.9096     4.77479e-09              
        3.91082     7.95798e-09              
        3.91204     1.11412e-08              
        3.91326     6.36639e-09              
        3.91448     1.11412e-08              
        3.91572     6.36639e-09              
        3.91694     7.95798e-09              
        3.91816     4.77479e-09              
        3.91938     4.77479e-09              
         3.9206      1.5916e-09              
        3.92182     1.11412e-08              
        3.92304     7.95798e-09              
        3.92426     3.18319e-09              
        3.92548     7.95798e-09              
         3.9267     1.11412e-08              
        3.92792     3.18319e-09              
        3.92914     9.54958e-09              
        3.93036     1.11412e-08              
        3.93158     3.18319e-09              
        3.93281     6.36639e-09              
        3.93403     1.11412e-08              
        3.93525     3.18319e-09              
        3.93647     6.36639e-09              
        3.93769     7.95798e-09              
        3.93891     4.77479e-09              
        3.94013     6.36639e-09              
        3.94135     3.18319e-09              
        3.94257     7.95798e-09              
        3.94379     7.95798e-09              
        3.94501     3.18319e-09              
        3.94623     1.27328e-08              
        3.94745     9.54958e-09              
        3.94867     3.18319e-09              
        3.94989     7.95798e-09              
        3.95112     1.43244e-08              
        3.95234     7.95798e-09              
        3.95356     6.36639e-09              
        3.95478     6.36639e-09              
          3.956     4.77479e-09              
        3.95722     7.95798e-09              
        3.95844     1.11412e-08              
        3.95966     1.43244e-08              
        3.96088      1.5916e-09              
         3.9621     3.18319e-09              
        3.96332     6.36639e-09              
        3.96454     7.95798e-09              
        3.96576     9.54958e-09              
        3.96698     6.36639e-09              
        3.96821     4.77479e-09              
        3.96943     1.11412e-08              
        3.97065     7.95798e-09              
        3.97187     3.18319e-09              
        3.97309     3.18319e-09              
        3.97431     3.18319e-09              
        3.97553     7.95798e-09              
        3.97675     6.36639e-09              
        3.97797     9.54958e-09              
        3.97919     1.11412e-08              
        3.98041     6.36639e-09              
        3.98163     6.36639e-09              
        3.98285     9.54958e-09              
        3.98407     6.36639e-09              
        3.98529     6.36639e-09              
        3.98651     9.54958e-09              
        3.98773     4.77479e-09              
        3.98895     6.36639e-09              
        3.99017     4.77479e-09              
        3.99139     7.95798e-09              
        3.99261     4.77479e-09              
        3.99383     7.95798e-09              
        3.99505     7.95798e-09              
        3.99627     2.06908e-08              
        3.99749     3.18319e-09              
