        7.99653     6.36639e-09              
        7.99775      1.5916e-09              
        7.99897     6.36639e-09              
        8.00019     4.77479e-09              
         8.0014      1.5916e-09              
        8.00262     4.77479e-09              
        8.00384     4.77479e-09              
        8.00506     6.36639e-09              
        8.00628     3.18319e-09              
         8.0075     3.18319e-09              
        8.00872               0              
        8.00994      1.5916e-09              
        8.01116     6.36639e-09              
        8.01239      1.5916e-09              
        8.01362     3.18319e-09              
        8.01484     3.18319e-09              
        8.01606     3.18319e-09              
        8.01728               0              
         8.0185      1.5916e-09              
        8.01972     3.18319e-09              
        8.02094               0              
        8.02216     4.77479e-09              
        8.02338     3.18319e-09              
         8.0246     3.18319e-09              
        8.02582      1.5916e-09              
        8.02704      1.5916e-09              
        8.02826     9.54958e-09              
        8.02948     4.77479e-09              
        8.03071     3.18319e-09              
        8.03193      1.5916e-09              
        8.03315      1.5916e-09              
        8.03437      1.5916e-09              
        8.03559      1.5916e-09              
        8.03681     7.95798e-09              
        8.03803      1.5916e-09              
        8.03925     3.18319e-09              
        8.04047     3.18319e-09              
        8.04169     4.77479e-09              
        8.04291     6.36639e-09              
        8.04413     4.77479e-09              
        8.04535     7.95798e-09              
        8.04657     4.77479e-09              
         8.0478      1.5916e-09              
        8.04902     4.77479e-09              
        8.05024     4.77479e-09              
        8.05146      1.5916e-09              
        8.05268     6.36639e-09              
         8.0539     4.77479e-09              
        8.05512     4.77479e-09              
        8.05634      1.5916e-09              
        8.05756     3.18319e-09              
        8.05878     3.18319e-09              
           8.06      1.5916e-09              
        8.06122               0              
        8.06244     4.77479e-09              
        8.06366     3.18319e-09              
        8.06489     4.77479e-09              
        8.06611      1.5916e-09              
        8.06733               0              
        8.06855      1.5916e-09              
        8.06977      1.5916e-09              
        8.07099     7.95798e-09              
        8.07221     3.18319e-09              
        8.07343     3.18319e-09              
        8.07465      1.5916e-09              
        8.07587     7.95798e-09              
        8.07709               0              
        8.07831      1.5916e-09              
        8.07953      1.5916e-09              
        8.08075     6.36639e-09              
        8.08197     4.77479e-09              
        8.08319      1.5916e-09              
        8.08441      1.5916e-09              
        8.08563               0              
        8.08685      1.5916e-09              
        8.08807     3.18319e-09              
        8.08929     3.18319e-09              
        8.09051     4.77479e-09              
        8.09173     6.36639e-09              
        8.09295     6.36639e-09              
        8.09417               0              
        8.09539               0              
        8.09661      1.5916e-09              
        8.09783     3.18319e-09              
        8.09906      1.5916e-09              
        8.10028     7.95798e-09              
         8.1015     4.77479e-09              
        8.10272     4.77479e-09              
        8.10394     6.36639e-09              
        8.10516      1.5916e-09              
        8.10638      1.5916e-09              
         8.1076     3.18319e-09              
        8.10882     4.77479e-09              
        8.11004     4.77479e-09              
        8.11126     6.36639e-09              
        8.11248     3.18319e-09              
         8.1137     3.18319e-09              
        8.11492     3.18319e-09              
        8.11615      1.5916e-09              
        8.11737     7.95798e-09              
        8.11859      1.5916e-09              
        8.11981     6.36639e-09              
        8.12103     3.18319e-09              
        8.12225      1.5916e-09              
        8.12347     6.36639e-09              
        8.12469               0              
        8.12591      1.5916e-09              
        8.12713      1.5916e-09              
        8.12835     3.18319e-09              
        8.12957               0              
        8.13079      1.5916e-09              
        8.13201      1.5916e-09              
        8.13323      1.5916e-09              
        8.13446     4.77479e-09              
        8.13568     3.18319e-09              
         8.1369     3.18319e-09              
        8.13812     4.77479e-09              
        8.13934      1.5916e-09              
        8.14056     3.18319e-09              
        8.14178     3.18319e-09              
          8.143     3.18319e-09              
        8.14422     3.18319e-09              
        8.14544     1.11412e-08              
        8.14666     4.77479e-09              
        8.14788     3.18319e-09              
         8.1491     6.36639e-09              
        8.15032      1.5916e-09              
        8.15155      1.5916e-09              
        8.15277     4.77479e-09              
        8.15399     3.18319e-09              
        8.15521     7.95798e-09              
        8.15643     3.18319e-09              
        8.15765     3.18319e-09              
        8.15887      1.5916e-09              
        8.16009     4.77479e-09              
        8.16131     4.77479e-09              
        8.16253               0              
        8.16375     6.36639e-09              
        8.16497     4.77479e-09              
        8.16619      1.5916e-09              
        8.16741      1.5916e-09              
        8.16864     4.77479e-09              
        8.16987     3.18319e-09              
        8.17109     4.77479e-09              
        8.17231     3.18319e-09              
        8.17353      1.5916e-09              
        8.17475      1.5916e-09              
        8.17597     4.77479e-09              
        8.17719     3.18319e-09              
        8.17841     3.18319e-09              
        8.17963     4.77479e-09              
        8.18085      1.5916e-09              
        8.18207      1.5916e-09              
        8.18329      1.5916e-09              
        8.18451     4.77479e-09              
        8.18573      1.5916e-09              
        8.18696     4.77479e-09              
        8.18818      1.5916e-09              
         8.1894      1.5916e-09              
        8.19062     3.18319e-09              
        8.19184     6.36639e-09              
        8.19306      1.5916e-09              
        8.19428      1.5916e-09              
         8.1955      1.5916e-09              
        8.19672     7.95798e-09              
        8.19794     3.18319e-09              
        8.19916     4.77479e-09              
        8.20038     3.18319e-09              
         8.2016     6.36639e-09              
        8.20282               0              
        8.20405     4.77479e-09              
        8.20527     3.18319e-09              
        8.20649      1.5916e-09              
        8.20771     4.77479e-09              
        8.20893     3.18319e-09              
        8.21015     4.77479e-09              
        8.21137     6.36639e-09              
        8.21259     3.18319e-09              
        8.21381     4.77479e-09              
        8.21503     7.95798e-09              
        8.21625      1.5916e-09              
        8.21747     3.18319e-09              
        8.21869     9.54958e-09              
        8.21991     3.18319e-09              
        8.22114     3.18319e-09              
        8.22236      1.5916e-09              
        8.22358     9.54958e-09              
         8.2248     4.77479e-09              
        8.22602      1.5916e-09              
        8.22724     3.18319e-09              
        8.22846     6.36639e-09              
        8.22968     3.18319e-09              
         8.2309     7.95798e-09              
        8.23212     7.95798e-09              
        8.23334      1.5916e-09              
        8.23456               0              
        8.23578     4.77479e-09              
          8.237      1.5916e-09              
        8.23822     3.18319e-09              
        8.23944      1.5916e-09              
        8.24066      1.5916e-09              
        8.24188     3.18319e-09              
         8.2431               0              
        8.24432     4.77479e-09              
        8.24554     3.18319e-09              
        8.24676      1.5916e-09              
        8.24798     1.11412e-08              
         8.2492     3.18319e-09              
        8.25042      1.5916e-09              
        8.25164     4.77479e-09              
        8.25286     4.77479e-09              
        8.25408     6.36639e-09              
        8.25531     3.18319e-09              
        8.25653      1.5916e-09              
        8.25775      1.5916e-09              
        8.25897      1.5916e-09              
        8.26019      1.5916e-09              
        8.26141      1.5916e-09              
        8.26263     3.18319e-09              
        8.26385     6.36639e-09              
        8.26507     3.18319e-09              
        8.26629     6.36639e-09              
        8.26751               0              
        8.26873     6.36639e-09              
        8.26995     4.77479e-09              
        8.27117      1.5916e-09              
         8.2724      1.5916e-09              
        8.27362     4.77479e-09              
        8.27484     3.18319e-09              
        8.27606               0              
        8.27728     3.18319e-09              
         8.2785               0              
        8.27972     3.18319e-09              
        8.28094     6.36639e-09              
        8.28216     3.18319e-09              
        8.28338     7.95798e-09              
         8.2846     6.36639e-09              
        8.28582     3.18319e-09              
        8.28704      1.5916e-09              
        8.28826      1.5916e-09              
        8.28948     9.54958e-09              
        8.29071               0              
        8.29193     3.18319e-09              
        8.29315               0              
        8.29437      1.5916e-09              
        8.29559     7.95798e-09              
        8.29681     6.36639e-09              
        8.29803     4.77479e-09              
        8.29925      1.5916e-09              
        8.30047      1.5916e-09              
        8.30169     4.77479e-09              
        8.30291               0              
        8.30413     6.36639e-09              
        8.30535     6.36639e-09              
        8.30657     4.77479e-09              
         8.3078      1.5916e-09              
        8.30902     7.95798e-09              
        8.31024      1.5916e-09              
        8.31146      1.5916e-09              
        8.31268     4.77479e-09              
         8.3139      1.5916e-09              
        8.31512     3.18319e-09              
        8.31634     6.36639e-09              
        8.31756      1.5916e-09              
        8.31878     4.77479e-09              
           8.32     4.77479e-09              
        8.32122     4.77479e-09              
        8.32244      1.5916e-09              
        8.32366     7.95798e-09              
        8.32489     4.77479e-09              
        8.32612     4.77479e-09              
        8.32734     3.18319e-09              
        8.32856     7.95798e-09              
        8.32978     3.18319e-09              
          8.331     4.77479e-09              
        8.33222      1.5916e-09              
        8.33344      1.5916e-09              
        8.33466     3.18319e-09              
        8.33588      1.5916e-09              
         8.3371     3.18319e-09              
        8.33832     4.77479e-09              
        8.33954     3.18319e-09              
        8.34076     4.77479e-09              
        8.34198     3.18319e-09              
        8.34321     6.36639e-09              
        8.34443      1.5916e-09              
        8.34565      1.5916e-09              
        8.34687     7.95798e-09              
        8.34809     4.77479e-09              
        8.34931     7.95798e-09              
        8.35053     3.18319e-09              
        8.35175     9.54958e-09              
        8.35297     6.36639e-09              
        8.35419     4.77479e-09              
        8.35541     3.18319e-09              
        8.35663     6.36639e-09              
        8.35785      1.5916e-09              
        8.35907     6.36639e-09              
         8.3603     3.18319e-09              
        8.36152     4.77479e-09              
        8.36274      1.5916e-09              
        8.36396     6.36639e-09              
        8.36518     4.77479e-09              
         8.3664      1.5916e-09              
        8.36762     3.18319e-09              
        8.36884     3.18319e-09              
        8.37006     4.77479e-09              
        8.37128     4.77479e-09              
         8.3725     4.77479e-09              
        8.37372     4.77479e-09              
        8.37494      1.5916e-09              
        8.37616      1.5916e-09              
        8.37739      1.5916e-09              
        8.37861      1.5916e-09              
        8.37983     4.77479e-09              
        8.38105     3.18319e-09              
        8.38227     4.77479e-09              
        8.38349     4.77479e-09              
        8.38471     3.18319e-09              
        8.38593     3.18319e-09              
        8.38715     4.77479e-09              
        8.38837     7.95798e-09              
        8.38959      1.5916e-09              
        8.39081     3.18319e-09              
        8.39203               0              
        8.39325     3.18319e-09              
        8.39447     4.77479e-09              
        8.39569      1.5916e-09              
        8.39691     4.77479e-09              
        8.39813               0              
        8.39935               0              
        8.40057     4.77479e-09              
        8.40179     7.95798e-09              
        8.40301               0              
        8.40423      1.5916e-09              
        8.40545     4.77479e-09              
        8.40667     4.77479e-09              
        8.40789     3.18319e-09              
        8.40911               0              
        8.41033     6.36639e-09              
        8.41156      1.5916e-09              
        8.41278     6.36639e-09              
          8.414     6.36639e-09              
        8.41522     3.18319e-09              
        8.41644     4.77479e-09              
        8.41766      1.5916e-09              
        8.41888      1.5916e-09              
         8.4201     6.36639e-09              
        8.42132     3.18319e-09              
        8.42254     6.36639e-09              
        8.42376     6.36639e-09              
        8.42498     7.95798e-09              
         8.4262     3.18319e-09              
        8.42742     4.77479e-09              
        8.42865      1.5916e-09              
        8.42987      1.5916e-09              
        8.43109     4.77479e-09              
        8.43231     3.18319e-09              
        8.43353               0              
        8.43475     6.36639e-09              
        8.43597      1.5916e-09              
        8.43719               0              
        8.43841      1.5916e-09              
        8.43963     6.36639e-09              
        8.44085     6.36639e-09              
        8.44207     3.18319e-09              
        8.44329               0              
        8.44451               0              
        8.44573     3.18319e-09              
        8.44696     4.77479e-09              
        8.44818     4.77479e-09              
         8.4494      1.5916e-09              
        8.45062               0              
        8.45184     4.77479e-09              
        8.45306     6.36639e-09              
        8.45428      1.5916e-09              
         8.4555     3.18319e-09              
        8.45672     4.77479e-09              
        8.45794     3.18319e-09              
        8.45916     3.18319e-09              
        8.46038      1.5916e-09              
         8.4616               0              
        8.46282     3.18319e-09              
        8.46405      1.5916e-09              
        8.46527     3.18319e-09              
        8.46649     3.18319e-09              
        8.46771     7.95798e-09              
        8.46893               0              
        8.47015      1.5916e-09              
        8.47137     4.77479e-09              
        8.47259     3.18319e-09              
        8.47381     3.18319e-09              
        8.47503     3.18319e-09              
        8.47625     3.18319e-09              
        8.47747     4.77479e-09              
        8.47869      1.5916e-09              
        8.47991      1.5916e-09              
        8.48114     3.18319e-09              
        8.48237     3.18319e-09              
        8.48359     3.18319e-09              
        8.48481               0              
        8.48603      1.5916e-09              
        8.48725     9.54958e-09              
        8.48847     3.18319e-09              
        8.48969     4.77479e-09              
        8.49091      1.5916e-09              
        8.49213     3.18319e-09              
        8.49335      1.5916e-09              
        8.49457      1.5916e-09              
        8.49579      1.5916e-09              
        8.49701               0              
        8.49823               0              
        8.49946     3.18319e-09              
        8.50068               0              
         8.5019      1.5916e-09              
        8.50312     6.36639e-09              
        8.50434     7.95798e-09              
        8.50556     3.18319e-09              
        8.50678     3.18319e-09              
          8.508     3.18319e-09              
        8.50922     6.36639e-09              
        8.51044               0              
        8.51166     3.18319e-09              
        8.51288     4.77479e-09              
         8.5141     3.18319e-09              
        8.51532               0              
        8.51655               0              
        8.51777               0              
        8.51899               0              
        8.52021     7.95798e-09              
        8.52143     6.36639e-09              
        8.52265     4.77479e-09              
        8.52387               0              
        8.52509               0              
        8.52631     3.18319e-09              
        8.52753      1.5916e-09              
        8.52875      1.5916e-09              
        8.52997               0              
        8.53119     6.36639e-09              
        8.53241     4.77479e-09              
        8.53364     3.18319e-09              
        8.53486     3.18319e-09              
        8.53608     4.77479e-09              
         8.5373      1.5916e-09              
        8.53852      1.5916e-09              
        8.53974     3.18319e-09              
        8.54096     4.77479e-09              
        8.54218     3.18319e-09              
         8.5434               0              
        8.54462     7.95798e-09              
        8.54584     6.36639e-09              
        8.54706     6.36639e-09              
        8.54828               0              
         8.5495     3.18319e-09              
        8.55072      1.5916e-09              
        8.55194     6.36639e-09              
        8.55316     3.18319e-09              
        8.55438     4.77479e-09              
         8.5556     3.18319e-09              
        8.55682      1.5916e-09              
        8.55804               0              
        8.55926     6.36639e-09              
        8.56048     9.54958e-09              
         8.5617      1.5916e-09              
        8.56292      1.5916e-09              
        8.56414     6.36639e-09              
        8.56536               0              
        8.56658               0              
        8.56781     6.36639e-09              
        8.56903               0              
        8.57025     4.77479e-09              
        8.57147     4.77479e-09              
        8.57269     3.18319e-09              
        8.57391               0              
        8.57513     3.18319e-09              
        8.57635     3.18319e-09              
        8.57757      1.5916e-09              
        8.57879     3.18319e-09              
        8.58001      1.5916e-09              
        8.58123     1.11412e-08              
        8.58245      1.5916e-09              
        8.58367               0              
         8.5849      1.5916e-09              
        8.58612      1.5916e-09              
        8.58734     7.95798e-09              
        8.58856               0              
        8.58978      1.5916e-09              
          8.591     4.77479e-09              
        8.59222               0              
        8.59344     3.18319e-09              
        8.59466     7.95798e-09              
        8.59588     3.18319e-09              
         8.5971      1.5916e-09              
        8.59832     3.18319e-09              
        8.59954               0              
        8.60076               0              
        8.60198     4.77479e-09              
        8.60321      1.5916e-09              
        8.60443               0              
        8.60565     6.36639e-09              
        8.60687               0              
        8.60809     6.36639e-09              
        8.60931     3.18319e-09              
        8.61053      1.5916e-09              
        8.61175      1.5916e-09              
        8.61297      1.5916e-09              
        8.61419               0              
        8.61541     3.18319e-09              
        8.61663     4.77479e-09              
        8.61785      1.5916e-09              
        8.61907               0              
         8.6203     3.18319e-09              
        8.62152               0              
        8.62274               0              
        8.62396               0              
        8.62518      1.5916e-09              
         8.6264     3.18319e-09              
        8.62762      1.5916e-09              
        8.62884     6.36639e-09              
        8.63006      1.5916e-09              
        8.63128     7.95798e-09              
         8.6325     4.77479e-09              
        8.63372     4.77479e-09              
        8.63494               0              
        8.63616     3.18319e-09              
        8.63739     4.77479e-09              
        8.63862      1.5916e-09              
        8.63984     4.77479e-09              
        8.64106     3.18319e-09              
        8.64228     6.36639e-09              
         8.6435     4.77479e-09              
        8.64472               0              
        8.64594               0              
        8.64716               0              
        8.64838      1.5916e-09              
         8.6496     4.77479e-09              
        8.65082      1.5916e-09              
        8.65204      1.5916e-09              
        8.65326               0              
        8.65448     9.54958e-09              
        8.65571     4.77479e-09              
        8.65693               0              
        8.65815      1.5916e-09              
        8.65937     4.77479e-09              
        8.66059     4.77479e-09              
        8.66181     4.77479e-09              
        8.66303      1.5916e-09              
        8.66425     6.36639e-09              
        8.66547     3.18319e-09              
        8.66669      1.5916e-09              
        8.66791      1.5916e-09              
        8.66913      1.5916e-09              
        8.67035      1.5916e-09              
        8.67157      1.5916e-09              
         8.6728     4.77479e-09              
        8.67402      1.5916e-09              
        8.67524      1.5916e-09              
        8.67646     3.18319e-09              
        8.67768     3.18319e-09              
         8.6789     3.18319e-09              
        8.68012     4.77479e-09              
        8.68134     6.36639e-09              
        8.68256     4.77479e-09              
        8.68378     3.18319e-09              
          8.685     4.77479e-09              
        8.68622      1.5916e-09              
        8.68744     3.18319e-09              
        8.68866     3.18319e-09              
        8.68989     3.18319e-09              
        8.69111     3.18319e-09              
        8.69233               0              
        8.69355      1.5916e-09              
        8.69477      1.5916e-09              
        8.69599     9.54958e-09              
        8.69721      1.5916e-09              
        8.69843     4.77479e-09              
        8.69965               0              
        8.70087     3.18319e-09              
        8.70209               0              
        8.70331      1.5916e-09              
        8.70453      1.5916e-09              
        8.70575     3.18319e-09              
        8.70697      1.5916e-09              
        8.70819     3.18319e-09              
        8.70941      1.5916e-09              
        8.71063     3.18319e-09              
        8.71185     3.18319e-09              
        8.71307     7.95798e-09              
        8.71429     4.77479e-09              
        8.71551     4.77479e-09              
        8.71673     7.95798e-09              
        8.71795     4.77479e-09              
        8.71917     3.18319e-09              
        8.72039     6.36639e-09              
        8.72161     3.18319e-09              
        8.72283      1.5916e-09              
        8.72406               0              
        8.72528               0              
         8.7265      1.5916e-09              
        8.72772     4.77479e-09              
        8.72894     4.77479e-09              
        8.73016     3.18319e-09              
        8.73138     4.77479e-09              
         8.7326      1.5916e-09              
        8.73382     3.18319e-09              
        8.73504     3.18319e-09              
        8.73626     3.18319e-09              
        8.73748               0              
         8.7387      1.5916e-09              
        8.73992      1.5916e-09              
        8.74115     3.18319e-09              
        8.74237      1.5916e-09              
        8.74359      1.5916e-09              
        8.74481               0              
        8.74603     4.77479e-09              
        8.74725     3.18319e-09              
        8.74847      1.5916e-09              
        8.74969      1.5916e-09              
        8.75091      1.5916e-09              
        8.75213     4.77479e-09              
        8.75335      1.5916e-09              
        8.75457     3.18319e-09              
        8.75579     6.36639e-09              
        8.75701               0              
        8.75823     3.18319e-09              
        8.75946      1.5916e-09              
        8.76068      1.5916e-09              
         8.7619     3.18319e-09              
        8.76312               0              
        8.76434      1.5916e-09              
        8.76556     3.18319e-09              
        8.76678     4.77479e-09              
          8.768      1.5916e-09              
        8.76922      1.5916e-09              
        8.77044     3.18319e-09              
        8.77166     3.18319e-09              
        8.77288     3.18319e-09              
         8.7741     3.18319e-09              
        8.77532     3.18319e-09              
        8.77655     3.18319e-09              
        8.77777      1.5916e-09              
        8.77899     4.77479e-09              
        8.78021     4.77479e-09              
        8.78143      1.5916e-09              
        8.78265     4.77479e-09              
        8.78387      1.5916e-09              
        8.78509               0              
        8.78631     6.36639e-09              
        8.78753      1.5916e-09              
        8.78875               0              
        8.78997     4.77479e-09              
        8.79119     3.18319e-09              
        8.79241               0              
        8.79364     3.18319e-09              
        8.79487      1.5916e-09              
        8.79609               0              
        8.79731     3.18319e-09              
        8.79853      1.5916e-09              
        8.79975      1.5916e-09              
        8.80097     3.18319e-09              
        8.80219     4.77479e-09              
        8.80341               0              
        8.80463     6.36639e-09              
        8.80585     3.18319e-09              
        8.80707      1.5916e-09              
        8.80829      1.5916e-09              
        8.80951     3.18319e-09              
        8.81073     6.36639e-09              
        8.81196      1.5916e-09              
        8.81318     7.95798e-09              
         8.8144     3.18319e-09              
        8.81562      1.5916e-09              
        8.81684     4.77479e-09              
        8.81806      1.5916e-09              
        8.81928     4.77479e-09              
         8.8205      1.5916e-09              
        8.82172      1.5916e-09              
        8.82294               0              
        8.82416               0              
        8.82538     3.18319e-09              
         8.8266     6.36639e-09              
        8.82782               0              
        8.82905      1.5916e-09              
        8.83027      1.5916e-09              
        8.83149               0              
        8.83271     3.18319e-09              
        8.83393     4.77479e-09              
        8.83515     3.18319e-09              
        8.83637     3.18319e-09              
        8.83759      1.5916e-09              
        8.83881      1.5916e-09              
        8.84003      1.5916e-09              
        8.84125      1.5916e-09              
        8.84247     6.36639e-09              
        8.84369      1.5916e-09              
        8.84491     4.77479e-09              
        8.84614     4.77479e-09              
        8.84736     4.77479e-09              
        8.84858               0              
         8.8498     3.18319e-09              
        8.85102     3.18319e-09              
        8.85224      1.5916e-09              
        8.85346     4.77479e-09              
        8.85468               0              
         8.8559     6.36639e-09              
        8.85712      1.5916e-09              
        8.85834      1.5916e-09              
        8.85956     4.77479e-09              
        8.86078      1.5916e-09              
          8.862      1.5916e-09              
        8.86322      1.5916e-09              
        8.86444               0              
        8.86566     7.95798e-09              
        8.86688     3.18319e-09              
         8.8681     3.18319e-09              
        8.86932     7.95798e-09              
        8.87054     3.18319e-09              
        8.87176               0              
        8.87298     3.18319e-09              
         8.8742               0              
        8.87542     3.18319e-09              
        8.87664      1.5916e-09              
        8.87786      1.5916e-09              
        8.87908     4.77479e-09              
        8.88031     4.77479e-09              
        8.88153      1.5916e-09              
        8.88275     4.77479e-09              
        8.88397      1.5916e-09              
        8.88519      1.5916e-09              
        8.88641      1.5916e-09              
        8.88763     3.18319e-09              
        8.88885     3.18319e-09              
        8.89007      1.5916e-09              
        8.89129               0              
        8.89251      1.5916e-09              
        8.89373      1.5916e-09              
        8.89495     3.18319e-09              
        8.89617     4.77479e-09              
         8.8974     3.18319e-09              
        8.89862      1.5916e-09              
        8.89984     4.77479e-09              
        8.90106               0              
        8.90228     3.18319e-09              
         8.9035     4.77479e-09              
        8.90472     7.95798e-09              
        8.90594     4.77479e-09              
        8.90716               0              
        8.90838      1.5916e-09              
         8.9096               0              
        8.91082     4.77479e-09              
        8.91204     3.18319e-09              
        8.91326               0              
        8.91448      1.5916e-09              
        8.91571     4.77479e-09              
        8.91693     4.77479e-09              
        8.91815     3.18319e-09              
        8.91937      1.5916e-09              
        8.92059               0              
        8.92181      1.5916e-09              
        8.92303     3.18319e-09              
        8.92425     4.77479e-09              
        8.92547     3.18319e-09              
        8.92669     9.54958e-09              
        8.92791     9.54958e-09              
        8.92913      1.5916e-09              
        8.93035     3.18319e-09              
        8.93157      1.5916e-09              
         8.9328               0              
        8.93402      1.5916e-09              
        8.93524               0              
        8.93646     3.18319e-09              
        8.93768     4.77479e-09              
         8.9389      1.5916e-09              
        8.94012      1.5916e-09              
        8.94134               0              
        8.94256      1.5916e-09              
        8.94378               0              
          8.945     4.77479e-09              
        8.94622               0              
        8.94744      1.5916e-09              
        8.94866     7.95798e-09              
        8.94989     1.11412e-08              
        8.95112     4.77479e-09              
        8.95234     3.18319e-09              
        8.95356               0              
        8.95478               0              
          8.956      1.5916e-09              
        8.95722     6.36639e-09              
        8.95844     4.77479e-09              
        8.95966      1.5916e-09              
        8.96088               0              
         8.9621     3.18319e-09              
        8.96332     3.18319e-09              
        8.96454      1.5916e-09              
        8.96576      1.5916e-09              
        8.96698     3.18319e-09              
        8.96821               0              
        8.96943     3.18319e-09              
        8.97065               0              
        8.97187     3.18319e-09              
        8.97309     3.18319e-09              
        8.97431     3.18319e-09              
        8.97553     3.18319e-09              
        8.97675     3.18319e-09              
        8.97797      1.5916e-09              
        8.97919     3.18319e-09              
        8.98041     4.77479e-09              
        8.98163     3.18319e-09              
        8.98285      1.5916e-09              
        8.98407     3.18319e-09              
         8.9853     4.77479e-09              
        8.98652      1.5916e-09              
        8.98774      1.5916e-09              
        8.98896     3.18319e-09              
        8.99018               0              
         8.9914     4.77479e-09              
        8.99262      1.5916e-09              
        8.99384     4.77479e-09              
        8.99506      1.5916e-09              
