       0.999451     4.29731e-08              
        1.00067     5.41143e-08              
        1.00189     3.66067e-08              
        1.00311     3.81983e-08              
        1.00433     4.77479e-08              
        1.00555     3.81983e-08              
        1.00677     2.86487e-08              
        1.00799     3.81983e-08              
        1.00921     1.90992e-08              
        1.01043     3.66067e-08              
        1.01165     3.97899e-08              
        1.01287     3.18319e-08              
        1.01409     4.77479e-08              
        1.01531     4.29731e-08              
        1.01655     3.18319e-08              
        1.01777     4.13815e-08              
        1.01899     3.66067e-08              
        1.02021     2.70571e-08              
        1.02143     5.09311e-08              
        1.02265     4.93395e-08              
        1.02387     3.02403e-08              
        1.02509     3.97899e-08              
        1.02631     4.13815e-08              
        1.02753     4.77479e-08              
        1.02875     2.54655e-08              
        1.02997     3.50151e-08              
        1.03119     3.02403e-08              
        1.03241     3.81983e-08              
        1.03364     3.81983e-08              
        1.03486     3.66067e-08              
        1.03608     3.97899e-08              
         1.0373     3.66067e-08              
        1.03852     3.34235e-08              
        1.03974     4.93395e-08              
        1.04096     3.50151e-08              
        1.04218     3.50151e-08              
         1.0434     3.97899e-08              
        1.04462     4.77479e-08              
        1.04584     2.54655e-08              
        1.04706     4.29731e-08              
        1.04828     3.18319e-08              
         1.0495     4.29731e-08              
        1.05072     4.29731e-08              
        1.05194     2.86487e-08              
        1.05316     3.18319e-08              
        1.05438     4.93395e-08              
         1.0556     3.97899e-08              
        1.05682     3.81983e-08              
        1.05804     4.29731e-08              
        1.05926     3.02403e-08              
        1.06048     3.34235e-08              
         1.0617     3.02403e-08              
        1.06292     4.61563e-08              
        1.06414     8.91294e-08              
        1.06536     2.86487e-08              
        1.06658     2.86487e-08              
        1.06781     3.34235e-08              
        1.06903     3.50151e-08              
        1.07025     3.97899e-08              
        1.07147     3.81983e-08              
        1.07269     3.18319e-08              
        1.07391     3.18319e-08              
        1.07513     3.66067e-08              
        1.07635     3.02403e-08              
        1.07757     2.86487e-08              
        1.07879     2.70571e-08              
        1.08001     3.02403e-08              
        1.08123     4.61563e-08              
        1.08245     3.02403e-08              
        1.08367     3.97899e-08              
         1.0849     3.18319e-08              
        1.08613     5.09311e-08              
        1.08735     4.13815e-08              
        1.08857     3.66067e-08              
        1.08979     4.13815e-08              
        1.09101     4.29731e-08              
        1.09223     5.09311e-08              
        1.09345     2.86487e-08              
        1.09466     3.02403e-08              
        1.09588     4.77479e-08              
         1.0971     3.18319e-08              
        1.09832     2.86487e-08              
        1.09954     3.18319e-08              
        1.10076     3.97899e-08              
        1.10198     3.34235e-08              
        1.10322     3.50151e-08              
        1.10444     3.50151e-08              
        1.10566     3.34235e-08              
        1.10688     3.02403e-08              
         1.1081     5.88891e-08              
        1.10932     3.66067e-08              
        1.11054     3.66067e-08              
        1.11176     4.13815e-08              
        1.11298     3.02403e-08              
         1.1142     3.66067e-08              
        1.11542     3.81983e-08              
        1.11664     4.29731e-08              
        1.11786     3.34235e-08              
        1.11908     2.54655e-08              
        1.12031     3.50151e-08              
        1.12153     3.97899e-08              
        1.12275     3.50151e-08              
        1.12397     3.50151e-08              
        1.12519     4.29731e-08              
        1.12641     2.38739e-08              
        1.12763     2.54655e-08              
        1.12885     3.34235e-08              
        1.13007     2.54655e-08              
        1.13129     3.34235e-08              
        1.13251     4.29731e-08              
        1.13373     3.18319e-08              
        1.13495     2.70571e-08              
        1.13617     3.66067e-08              
        1.13739     2.70571e-08              
        1.13861     4.77479e-08              
        1.13983     4.29731e-08              
        1.14105     2.06908e-08              
        1.14227     2.70571e-08              
        1.14349     4.13815e-08              
        1.14471     2.86487e-08              
        1.14593     4.45647e-08              
        1.14715     2.86487e-08              
        1.14837     5.41143e-08              
        1.14959     2.38739e-08              
        1.15081     2.86487e-08              
        1.15203     3.34235e-08              
        1.15325     2.70571e-08              
        1.15448      1.5916e-08              
         1.1557     2.86487e-08              
        1.15692     2.22823e-08              
        1.15814     3.81983e-08              
        1.15936     2.38739e-08              
        1.16058     2.54655e-08              
         1.1618     2.86487e-08              
        1.16302     3.18319e-08              
        1.16424     2.70571e-08              
        1.16546     3.81983e-08              
        1.16668     4.45647e-08              
         1.1679     2.06908e-08              
        1.16912     2.22823e-08              
        1.17034     2.54655e-08              
        1.17157     3.97899e-08              
         1.1728     3.02403e-08              
        1.17402     1.43244e-08              
        1.17524     3.50151e-08              
        1.17646     3.18319e-08              
        1.17768     2.70571e-08              
         1.1789     2.86487e-08              
        1.18012     3.34235e-08              
        1.18134     3.02403e-08              
        1.18256     2.38739e-08              
        1.18378     2.54655e-08              
          1.185     2.06908e-08              
        1.18622     2.38739e-08              
        1.18744     2.54655e-08              
        1.18866     2.70571e-08              
        1.18989     1.90992e-08              
        1.19111     1.90992e-08              
        1.19233     3.50151e-08              
        1.19355     3.66067e-08              
        1.19477     4.13815e-08              
        1.19599     1.90992e-08              
        1.19721     3.18319e-08              
        1.19843     3.81983e-08              
        1.19965     3.02403e-08              
        1.20087     3.02403e-08              
        1.20209     3.18319e-08              
        1.20331     5.09311e-08              
        1.20453     4.13815e-08              
        1.20575     2.70571e-08              
        1.20697     4.29731e-08              
        1.20819     2.54655e-08              
        1.20941     3.34235e-08              
        1.21063     3.18319e-08              
        1.21185     3.34235e-08              
        1.21307     3.81983e-08              
        1.21429     3.18319e-08              
        1.21551     2.70571e-08              
        1.21673     3.18319e-08              
        1.21795     3.34235e-08              
        1.21917     2.54655e-08              
        1.22039     2.86487e-08              
        1.22161     3.02403e-08              
        1.22283     3.18319e-08              
        1.22406     2.86487e-08              
        1.22528     2.38739e-08              
         1.2265     1.27328e-08              
        1.22772     2.54655e-08              
        1.22894     4.13815e-08              
        1.23016     3.81983e-08              
        1.23138     3.34235e-08              
         1.2326     2.70571e-08              
        1.23382     2.54655e-08              
        1.23504     2.70571e-08              
        1.23626      1.5916e-08              
        1.23748     3.34235e-08              
         1.2387     2.22823e-08              
        1.23992     3.02403e-08              
        1.24115     2.70571e-08              
        1.24238     2.38739e-08              
         1.2436     2.86487e-08              
        1.24482     2.22823e-08              
        1.24604     3.18319e-08              
        1.24726     2.38739e-08              
        1.24848     2.38739e-08              
         1.2497     3.18319e-08              
        1.25091     3.66067e-08              
        1.25213     3.02403e-08              
        1.25335     3.02403e-08              
        1.25457     2.86487e-08              
        1.25579     3.97899e-08              
        1.25701     3.02403e-08              
        1.25823     3.18319e-08              
        1.25947     2.86487e-08              
        1.26069     2.54655e-08              
        1.26191     2.70571e-08              
        1.26313     3.66067e-08              
        1.26435     2.22823e-08              
        1.26557     3.50151e-08              
        1.26679     3.50151e-08              
        1.26801     2.86487e-08              
        1.26923     2.70571e-08              
        1.27045     3.34235e-08              
        1.27167     2.54655e-08              
        1.27289     2.22823e-08              
        1.27411     3.34235e-08              
        1.27533     2.86487e-08              
        1.27656     2.06908e-08              
        1.27778     2.54655e-08              
          1.279     3.02403e-08              
        1.28022     3.66067e-08              
        1.28144      1.5916e-08              
        1.28266     3.18319e-08              
        1.28388     2.38739e-08              
         1.2851     2.70571e-08              
        1.28632     2.06908e-08              
        1.28754     3.34235e-08              
        1.28876     2.22823e-08              
        1.28998     4.29731e-08              
         1.2912     2.86487e-08              
        1.29242     3.81983e-08              
        1.29364     2.86487e-08              
        1.29486     2.22823e-08              
        1.29608     3.02403e-08              
         1.2973     2.54655e-08              
        1.29852     2.38739e-08              
        1.29974     3.18319e-08              
        1.30096     2.86487e-08              
        1.30218     3.34235e-08              
         1.3034     2.54655e-08              
        1.30462     2.06908e-08              
        1.30584     1.43244e-08              
        1.30706     3.66067e-08              
        1.30828     2.86487e-08              
         1.3095      1.5916e-08              
        1.31073     2.22823e-08              
        1.31195     3.66067e-08              
        1.31317     2.22823e-08              
        1.31439     2.70571e-08              
        1.31561     2.38739e-08              
        1.31683     2.22823e-08              
        1.31805     2.54655e-08              
        1.31927     3.66067e-08              
        1.32049     2.38739e-08              
        1.32171     2.38739e-08              
        1.32293     2.38739e-08              
        1.32415     7.63966e-08              
        1.32537     2.86487e-08              
        1.32659     3.02403e-08              
        1.32781     3.66067e-08              
        1.32905     3.50151e-08              
        1.33027     4.45647e-08              
        1.33149     1.90992e-08              
        1.33271     4.13815e-08              
        1.33393     3.34235e-08              
        1.33515     2.70571e-08              
        1.33637     1.43244e-08              
        1.33759     2.54655e-08              
        1.33881     1.90992e-08              
        1.34003     3.81983e-08              
        1.34125     3.34235e-08              
        1.34247     2.86487e-08              
        1.34369     2.38739e-08              
        1.34491     2.54655e-08              
        1.34614     2.06908e-08              
        1.34736     2.54655e-08              
        1.34858     2.06908e-08              
         1.3498     3.34235e-08              
        1.35102     3.02403e-08              
        1.35224     2.86487e-08              
        1.35346     2.54655e-08              
        1.35468     3.66067e-08              
         1.3559     2.86487e-08              
        1.35712     2.06908e-08              
        1.35834     2.70571e-08              
        1.35956     1.90992e-08              
        1.36078     2.22823e-08              
          1.362     3.02403e-08              
        1.36322     2.70571e-08              
        1.36444     3.34235e-08              
        1.36566     2.06908e-08              
        1.36688     2.38739e-08              
         1.3681     3.18319e-08              
        1.36932     3.66067e-08              
        1.37054     1.43244e-08              
        1.37176     3.02403e-08              
        1.37298     1.75076e-08              
         1.3742     2.54655e-08              
        1.37542     2.06908e-08              
        1.37664     2.86487e-08              
        1.37786     2.54655e-08              
        1.37908     2.86487e-08              
        1.38031     3.97899e-08              
        1.38153     3.18319e-08              
        1.38275     1.27328e-08              
        1.38397     2.38739e-08              
        1.38519     2.22823e-08              
        1.38641     1.43244e-08              
        1.38763     2.06908e-08              
        1.38885     2.86487e-08              
        1.39007     2.86487e-08              
        1.39129     1.90992e-08              
        1.39251      1.5916e-08              
        1.39373     2.22823e-08              
        1.39495     3.18319e-08              
        1.39617     1.11412e-08              
         1.3974     2.70571e-08              
        1.39863     2.38739e-08              
        1.39985     2.38739e-08              
        1.40107     2.22823e-08              
        1.40229     3.02403e-08              
        1.40351     2.06908e-08              
        1.40473     3.34235e-08              
        1.40595     2.38739e-08              
        1.40716     3.97899e-08              
        1.40838     2.86487e-08              
         1.4096     3.50151e-08              
        1.41082     3.34235e-08              
        1.41204     2.06908e-08              
        1.41326     2.86487e-08              
        1.41448     2.86487e-08              
        1.41572     3.02403e-08              
        1.41694     1.11412e-08              
        1.41816     2.86487e-08              
        1.41938     2.22823e-08              
         1.4206     1.75076e-08              
        1.42182     2.54655e-08              
        1.42304     1.90992e-08              
        1.42426     2.22823e-08              
        1.42548     2.22823e-08              
         1.4267     2.70571e-08              
        1.42792     2.70571e-08              
        1.42914     1.75076e-08              
        1.43036     2.54655e-08              
        1.43158     2.22823e-08              
        1.43281     2.38739e-08              
        1.43403      1.5916e-08              
        1.43525     2.06908e-08              
        1.43647     1.90992e-08              
        1.43769     3.18319e-08              
        1.43891     2.54655e-08              
        1.44013     1.75076e-08              
        1.44135     2.38739e-08              
        1.44257     2.22823e-08              
        1.44379     3.02403e-08              
        1.44501     1.24145e-07              
        1.44623     2.70571e-08              
        1.44745     2.22823e-08              
        1.44867     2.38739e-08              
        1.44989     2.38739e-08              
        1.45111     2.54655e-08              
        1.45233     1.75076e-08              
        1.45355     3.81983e-08              
        1.45477     2.06908e-08              
        1.45599     1.90992e-08              
        1.45721     2.54655e-08              
        1.45843     2.22823e-08              
        1.45965     3.18319e-08              
        1.46087     2.22823e-08              
        1.46209     1.75076e-08              
        1.46331     2.70571e-08              
        1.46453     1.75076e-08              
        1.46575     2.86487e-08              
        1.46698     1.75076e-08              
         1.4682     2.06908e-08              
        1.46942     2.38739e-08              
        1.47064     2.22823e-08              
        1.47186     1.75076e-08              
        1.47308     3.34235e-08              
         1.4743     3.02403e-08              
        1.47552     2.86487e-08              
        1.47674     2.22823e-08              
        1.47796     2.70571e-08              
        1.47918     3.97899e-08              
         1.4804     1.43244e-08              
        1.48162     2.06908e-08              
        1.48284     2.38739e-08              
        1.48407     2.06908e-08              
         1.4853     3.50151e-08              
        1.48652     2.06908e-08              
        1.48774     3.18319e-08              
        1.48896     2.70571e-08              
        1.49018     2.70571e-08              
         1.4914     2.22823e-08              
        1.49262     2.22823e-08              
        1.49384     2.54655e-08              
        1.49506     3.81983e-08              
        1.49628     3.34235e-08              
         1.4975     1.90992e-08              
        1.49872     1.75076e-08              
        1.49994     3.50151e-08              
        1.50116      1.5916e-08              
        1.50239     2.22823e-08              
        1.50361     2.06908e-08              
        1.50483     4.77479e-08              
        1.50605     1.75076e-08              
        1.50727     2.22823e-08              
        1.50849     2.86487e-08              
        1.50971     2.22823e-08              
        1.51093     2.22823e-08              
        1.51215     2.22823e-08              
        1.51337     3.34235e-08              
        1.51459     2.22823e-08              
        1.51581     2.54655e-08              
        1.51703     1.43244e-08              
        1.51825     2.06908e-08              
        1.51947     2.22823e-08              
        1.52069     2.38739e-08              
        1.52191     3.02403e-08              
        1.52313     2.54655e-08              
        1.52435     1.90992e-08              
        1.52557     1.43244e-08              
        1.52679     2.86487e-08              
        1.52801     3.66067e-08              
        1.52923     1.75076e-08              
        1.53045     2.06908e-08              
        1.53167     1.43244e-08              
        1.53289     3.02403e-08              
        1.53411     3.34235e-08              
        1.53533     1.27328e-08              
        1.53656     2.06908e-08              
        1.53778     2.06908e-08              
          1.539     2.22823e-08              
        1.54022      1.5916e-08              
        1.54144     3.34235e-08              
        1.54266     3.66067e-08              
        1.54388     2.70571e-08              
         1.5451     2.70571e-08              
        1.54632     1.75076e-08              
        1.54754     1.27328e-08              
        1.54876     1.75076e-08              
        1.54998     2.06908e-08              
         1.5512     2.06908e-08              
        1.55242     2.38739e-08              
        1.55365     1.11412e-08              
        1.55488     2.22823e-08              
         1.5561     2.54655e-08              
        1.55732     2.22823e-08              
        1.55854     1.75076e-08              
        1.55976     1.75076e-08              
        1.56098     2.22823e-08              
         1.5622     3.34235e-08              
        1.56341     2.22823e-08              
        1.56463     3.02403e-08              
        1.56585     2.06908e-08              
        1.56707     1.43244e-08              
        1.56829     2.38739e-08              
        1.56951     2.22823e-08              
        1.57073     2.70571e-08              
        1.57197     2.54655e-08              
        1.57319     2.86487e-08              
        1.57441     2.38739e-08              
        1.57563     2.22823e-08              
        1.57685     3.18319e-08              
        1.57807     2.86487e-08              
        1.57929     1.27328e-08              
        1.58051     1.90992e-08              
        1.58173     2.06908e-08              
        1.58295     2.86487e-08              
        1.58417     1.75076e-08              
        1.58539     2.38739e-08              
        1.58661     2.86487e-08              
        1.58783     3.02403e-08              
        1.58906     2.54655e-08              
        1.59028     2.54655e-08              
         1.5915     2.54655e-08              
        1.59272     1.27328e-08              
        1.59394     3.18319e-08              
        1.59516     1.75076e-08              
        1.59638     3.66067e-08              
         1.5976     2.06908e-08              
        1.59882     2.38739e-08              
        1.60004      1.5916e-08              
        1.60126     3.66067e-08              
        1.60248     2.70571e-08              
         1.6037     1.90992e-08              
        1.60492     2.22823e-08              
        1.60614     1.90992e-08              
        1.60736     2.70571e-08              
        1.60858     1.90992e-08              
         1.6098     1.75076e-08              
        1.61102     1.27328e-08              
        1.61224     1.75076e-08              
        1.61346     2.38739e-08              
        1.61468     2.70571e-08              
         1.6159     3.18319e-08              
        1.61712     2.70571e-08              
        1.61834     2.06908e-08              
        1.61956     2.86487e-08              
        1.62078     1.43244e-08              
          1.622     2.54655e-08              
        1.62323     2.22823e-08              
        1.62445     3.50151e-08              
        1.62567     1.75076e-08              
        1.62689     2.70571e-08              
        1.62811     2.70571e-08              
        1.62933     2.70571e-08              
        1.63055     1.90992e-08              
        1.63177     2.06908e-08              
        1.63299     2.54655e-08              
        1.63421      1.5916e-08              
        1.63543     1.90992e-08              
        1.63665     2.38739e-08              
        1.63787     2.38739e-08              
        1.63909     1.75076e-08              
        1.64031     3.34235e-08              
        1.64155     2.54655e-08              
        1.64277      1.5916e-08              
        1.64399     2.86487e-08              
        1.64521      1.5916e-08              
        1.64643     2.70571e-08              
        1.64765     2.54655e-08              
        1.64887     2.86487e-08              
        1.65009     3.02403e-08              
        1.65131     2.22823e-08              
        1.65253     1.27328e-08              
        1.65375     2.54655e-08              
        1.65497      1.5916e-08              
        1.65619     1.90992e-08              
        1.65741     1.90992e-08              
        1.65864     2.86487e-08              
        1.65986     2.38739e-08              
        1.66108     1.43244e-08              
         1.6623     2.22823e-08              
        1.66352     1.43244e-08              
        1.66474     1.43244e-08              
        1.66596     2.06908e-08              
        1.66718     2.38739e-08              
         1.6684     1.75076e-08              
        1.66962      1.5916e-08              
        1.67084     1.27328e-08              
        1.67206     2.38739e-08              
        1.67328     3.18319e-08              
         1.6745     2.22823e-08              
        1.67572     1.43244e-08              
        1.67694     1.43244e-08              
        1.67816     2.86487e-08              
        1.67938     2.70571e-08              
         1.6806     2.22823e-08              
        1.68182     1.11412e-08              
        1.68304     1.75076e-08              
        1.68426     2.54655e-08              
        1.68548     1.75076e-08              
         1.6867     1.75076e-08              
        1.68792     2.22823e-08              
        1.68914      1.5916e-08              
        1.69036     2.06908e-08              
        1.69158      1.5916e-08              
        1.69281     1.75076e-08              
        1.69403     1.27328e-08              
        1.69525     2.38739e-08              
        1.69647     3.81983e-08              
        1.69769     1.43244e-08              
        1.69891     2.22823e-08              
        1.70013     2.06908e-08              
        1.70135     1.90992e-08              
        1.70257     1.75076e-08              
        1.70379     1.75076e-08              
        1.70501     2.06908e-08              
        1.70623     2.70571e-08              
        1.70745      1.5916e-08              
        1.70867     2.54655e-08              
         1.7099     3.02403e-08              
        1.71113     1.43244e-08              
        1.71235     1.75076e-08              
        1.71357     2.38739e-08              
        1.71479     2.06908e-08              
        1.71601     1.75076e-08              
        1.71723     2.06908e-08              
        1.71845     7.95798e-09              
        1.71966     2.22823e-08              
        1.72088     3.18319e-08              
         1.7221     1.27328e-08              
        1.72332     3.34235e-08              
        1.72454     2.22823e-08              
        1.72576     2.54655e-08              
        1.72698      1.5916e-08              
        1.72822     1.90992e-08              
        1.72944     1.90992e-08              
        1.73066     3.34235e-08              
        1.73188     1.43244e-08              
         1.7331     2.06908e-08              
        1.73432     2.38739e-08              
        1.73554     1.43244e-08              
        1.73676     1.27328e-08              
        1.73798     1.11412e-08              
         1.7392     1.90992e-08              
        1.74042     1.90992e-08              
        1.74164     3.18319e-08              
        1.74286     2.38739e-08              
        1.74408     3.18319e-08              
        1.74531      1.5916e-08              
        1.74653     3.18319e-08              
        1.74775     1.90992e-08              
        1.74897     2.22823e-08              
        1.75019     2.54655e-08              
        1.75141      1.5916e-08              
        1.75263     2.38739e-08              
        1.75385     1.90992e-08              
        1.75507     1.75076e-08              
        1.75629     2.54655e-08              
        1.75751     1.43244e-08              
        1.75873     1.75076e-08              
        1.75995     1.43244e-08              
        1.76117     1.75076e-08              
        1.76239      1.5916e-08              
        1.76361     1.75076e-08              
        1.76483     3.18319e-08              
        1.76605     1.90992e-08              
        1.76727      1.5916e-08              
        1.76849     2.54655e-08              
        1.76971     1.11412e-08              
        1.77093      1.5916e-08              
        1.77215     1.90992e-08              
        1.77337     2.70571e-08              
        1.77459     1.90992e-08              
        1.77581     3.66067e-08              
        1.77703     2.22823e-08              
        1.77825      1.5916e-08              
        1.77948     1.11412e-08              
         1.7807     2.06908e-08              
        1.78192     2.70571e-08              
        1.78314     1.90992e-08              
        1.78436     1.90992e-08              
        1.78558     2.38739e-08              
         1.7868     1.43244e-08              
        1.78802      1.5916e-08              
        1.78924     2.22823e-08              
        1.79046     3.50151e-08              
        1.79168     1.90992e-08              
         1.7929      1.5916e-08              
        1.79412     1.11412e-08              
        1.79534     2.54655e-08              
        1.79657     2.38739e-08              
         1.7978     2.38739e-08              
        1.79902     2.22823e-08              
        1.80024     2.70571e-08              
        1.80146     1.75076e-08              
        1.80268     2.54655e-08              
         1.8039     1.27328e-08              
        1.80512     1.90992e-08              
        1.80634      1.5916e-08              
        1.80756     2.22823e-08              
        1.80878     1.27328e-08              
           1.81     1.11412e-08              
        1.81122     2.86487e-08              
        1.81244     3.02403e-08              
        1.81366     1.75076e-08              
        1.81489     2.38739e-08              
        1.81611      1.5916e-08              
        1.81733     2.06908e-08              
        1.81855     1.90992e-08              
        1.81977      1.5916e-08              
        1.82099     2.38739e-08              
        1.82221     1.90992e-08              
        1.82343     2.06908e-08              
        1.82465     2.86487e-08              
        1.82587     1.75076e-08              
        1.82709     2.06908e-08              
        1.82831     1.75076e-08              
        1.82953     1.75076e-08              
        1.83075     3.18319e-08              
        1.83197     1.75076e-08              
        1.83319     2.70571e-08              
        1.83441     2.22823e-08              
        1.83563     1.43244e-08              
        1.83685     2.22823e-08              
        1.83807     2.22823e-08              
        1.83929     1.43244e-08              
        1.84051     1.75076e-08              
        1.84173     1.90992e-08              
        1.84295     2.22823e-08              
        1.84417     1.27328e-08              
        1.84539     1.90992e-08              
        1.84661     1.27328e-08              
        1.84783      1.5916e-08              
        1.84906     2.06908e-08              
        1.85028     2.06908e-08              
         1.8515     2.06908e-08              
        1.85272     2.86487e-08              
        1.85394     1.75076e-08              
        1.85516     1.75076e-08              
        1.85638     2.86487e-08              
         1.8576     9.54958e-09              
        1.85882     9.54958e-09              
        1.86004     1.75076e-08              
        1.86126     1.11412e-08              
        1.86248     2.38739e-08              
         1.8637     1.27328e-08              
        1.86492      1.5916e-08              
        1.86615     1.43244e-08              
        1.86738     2.38739e-08              
         1.8686     1.90992e-08              
        1.86982     2.38739e-08              
        1.87104      1.5916e-08              
        1.87226      1.5916e-08              
        1.87348     2.38739e-08              
         1.8747     1.43244e-08              
        1.87591     1.75076e-08              
        1.87713      1.5916e-08              
        1.87835     2.22823e-08              
        1.87957     2.38739e-08              
        1.88079     2.06908e-08              
        1.88201     1.27328e-08              
        1.88323     2.06908e-08              
        1.88447     1.43244e-08              
        1.88569     1.27328e-08              
        1.88691      1.5916e-08              
        1.88813     1.11412e-08              
        1.88935     1.43244e-08              
        1.89057     2.38739e-08              
        1.89179     6.36639e-09              
        1.89301      1.5916e-08              
        1.89423     2.22823e-08              
        1.89545     1.75076e-08              
        1.89667     1.11412e-08              
        1.89789     1.75076e-08              
        1.89911      1.5916e-08              
        1.90033     1.27328e-08              
        1.90156     1.11412e-08              
        1.90278     2.54655e-08              
          1.904     2.38739e-08              
        1.90522     1.75076e-08              
        1.90644     1.27328e-08              
        1.90766     1.11412e-08              
        1.90888     1.43244e-08              
         1.9101     2.06908e-08              
        1.91132     2.38739e-08              
        1.91254     1.90992e-08              
        1.91376     1.43244e-08              
        1.91498     2.54655e-08              
         1.9162     2.38739e-08              
        1.91742     9.54958e-09              
        1.91864      1.5916e-08              
        1.91986     1.43244e-08              
        1.92108     1.90992e-08              
         1.9223     2.38739e-08              
        1.92352     2.38739e-08              
        1.92474     1.27328e-08              
        1.92596     1.43244e-08              
        1.92718     2.06908e-08              
         1.9284     1.75076e-08              
        1.92962     3.02403e-08              
        1.93084     1.90992e-08              
        1.93206     2.38739e-08              
        1.93328     1.43244e-08              
         1.9345     2.38739e-08              
        1.93573     2.06908e-08              
        1.93695      1.5916e-08              
        1.93817     2.38739e-08              
        1.93939     1.75076e-08              
        1.94061     2.06908e-08              
        1.94183     1.43244e-08              
        1.94305     1.43244e-08              
        1.94427     1.43244e-08              
        1.94549      1.5916e-08              
        1.94671     1.27328e-08              
        1.94793     2.54655e-08              
        1.94915     1.43244e-08              
        1.95037     1.43244e-08              
        1.95159     2.06908e-08              
        1.95281      1.5916e-08              
        1.95405     2.38739e-08              
        1.95527     1.11412e-08              
        1.95649     9.54958e-09              
        1.95771     1.43244e-08              
        1.95893     2.70571e-08              
        1.96015     2.06908e-08              
        1.96137     2.70571e-08              
        1.96259     2.54655e-08              
        1.96381     9.54958e-09              
        1.96503     1.75076e-08              
        1.96625     2.38739e-08              
        1.96747     2.54655e-08              
        1.96869     1.75076e-08              
        1.96991     2.22823e-08              
        1.97114     1.43244e-08              
        1.97236     1.11412e-08              
        1.97358     1.27328e-08              
         1.9748     1.11412e-08              
        1.97602      1.5916e-08              
        1.97724     2.22823e-08              
        1.97846     1.11412e-08              
        1.97968     2.22823e-08              
         1.9809     2.38739e-08              
        1.98212     2.06908e-08              
        1.98334      1.5916e-08              
        1.98456     1.90992e-08              
        1.98578     1.11412e-08              
          1.987     1.90992e-08              
        1.98822      1.5916e-08              
        1.98944     3.02403e-08              
        1.99066     1.90992e-08              
        1.99188     1.43244e-08              
         1.9931     1.11412e-08              
        1.99432     9.54958e-09              
        1.99554     2.38739e-08              
        1.99676     2.06908e-08              
        1.99798     1.90992e-08              
