        8.99628     3.18319e-09              
         8.9975      1.5916e-09              
        8.99872      1.5916e-09              
        8.99994      1.5916e-09              
        9.00116     3.18319e-09              
        9.00239     3.18319e-09              
        9.00361     3.18319e-09              
        9.00483      1.5916e-09              
        9.00605     7.95798e-09              
        9.00727     3.18319e-09              
        9.00849     3.18319e-09              
        9.00971      1.5916e-09              
        9.01093      1.5916e-09              
        9.01215      1.5916e-09              
        9.01337      1.5916e-09              
        9.01459     4.77479e-09              
        9.01581               0              
        9.01703     3.18319e-09              
        9.01825      1.5916e-09              
        9.01947               0              
        9.02069     6.36639e-09              
        9.02191      1.5916e-09              
        9.02313     4.77479e-09              
        9.02435     3.18319e-09              
        9.02557     4.77479e-09              
        9.02679               0              
        9.02801     4.77479e-09              
        9.02923      1.5916e-09              
        9.03045      1.5916e-09              
        9.03167     3.18319e-09              
        9.03289     4.77479e-09              
        9.03411      1.5916e-09              
        9.03533      1.5916e-09              
        9.03656     6.36639e-09              
        9.03778      1.5916e-09              
          9.039      1.5916e-09              
        9.04022     3.18319e-09              
        9.04144               0              
        9.04266     3.18319e-09              
        9.04388      1.5916e-09              
         9.0451      1.5916e-09              
        9.04632     3.18319e-09              
        9.04754     4.77479e-09              
        9.04876      1.5916e-09              
        9.04998     3.18319e-09              
         9.0512      1.5916e-09              
        9.05242     4.77479e-09              
        9.05365     3.18319e-09              
        9.05487      1.5916e-09              
        9.05609     6.36639e-09              
        9.05731     3.18319e-09              
        9.05853               0              
        9.05975      1.5916e-09              
        9.06097     4.77479e-09              
        9.06219     4.77479e-09              
        9.06341      1.5916e-09              
        9.06463               0              
        9.06585      1.5916e-09              
        9.06707               0              
        9.06829     7.95798e-09              
        9.06951      1.5916e-09              
        9.07073      1.5916e-09              
        9.07196     3.18319e-09              
        9.07318     9.54958e-09              
         9.0744      1.5916e-09              
        9.07562     4.77479e-09              
        9.07684               0              
        9.07806     3.18319e-09              
        9.07928      1.5916e-09              
         9.0805     7.95798e-09              
        9.08172     4.77479e-09              
        9.08294     4.77479e-09              
        9.08416     4.77479e-09              
        9.08538               0              
         9.0866     3.18319e-09              
        9.08782     3.18319e-09              
        9.08905      1.5916e-09              
        9.09027               0              
        9.09149     3.18319e-09              
        9.09271     7.95798e-09              
        9.09393               0              
        9.09515      1.5916e-09              
        9.09637     4.77479e-09              
        9.09759      1.5916e-09              
        9.09881     6.36639e-09              
        9.10003     3.18319e-09              
        9.10125      1.5916e-09              
        9.10247               0              
        9.10369               0              
        9.10491     6.36639e-09              
        9.10614      1.5916e-09              
        9.10737               0              
        9.10859     4.77479e-09              
        9.10981      1.5916e-09              
        9.11103               0              
        9.11225      1.5916e-09              
        9.11347     3.18319e-09              
        9.11469      1.5916e-09              
        9.11591     4.77479e-09              
        9.11713     3.18319e-09              
        9.11835     7.95798e-09              
        9.11957               0              
        9.12079               0              
        9.12201      1.5916e-09              
        9.12323               0              
        9.12446     3.18319e-09              
        9.12568      1.5916e-09              
         9.1269     3.18319e-09              
        9.12812     3.18319e-09              
        9.12934     7.95798e-09              
        9.13056      1.5916e-09              
        9.13178     6.36639e-09              
          9.133     3.18319e-09              
        9.13422               0              
        9.13544               0              
        9.13666      1.5916e-09              
        9.13788     3.18319e-09              
         9.1391      1.5916e-09              
        9.14032     3.18319e-09              
        9.14155               0              
        9.14277               0              
        9.14399     3.18319e-09              
        9.14521     4.77479e-09              
        9.14643      1.5916e-09              
        9.14765      1.5916e-09              
        9.14887      1.5916e-09              
        9.15009     3.18319e-09              
        9.15131               0              
        9.15253      1.5916e-09              
        9.15375               0              
        9.15497      1.5916e-09              
        9.15619     4.77479e-09              
        9.15741               0              
        9.15864               0              
        9.15986      1.5916e-09              
        9.16108      1.5916e-09              
         9.1623     4.77479e-09              
        9.16352               0              
        9.16474     3.18319e-09              
        9.16596     7.95798e-09              
        9.16718      1.5916e-09              
         9.1684     4.77479e-09              
        9.16962     6.36639e-09              
        9.17084               0              
        9.17206     7.95798e-09              
        9.17328     4.77479e-09              
         9.1745     4.77479e-09              
        9.17572               0              
        9.17694               0              
        9.17816     4.77479e-09              
        9.17938      1.5916e-09              
         9.1806      1.5916e-09              
        9.18182     3.18319e-09              
        9.18304     4.77479e-09              
        9.18426     4.77479e-09              
        9.18548     3.18319e-09              
         9.1867      1.5916e-09              
        9.18792               0              
        9.18914     4.77479e-09              
        9.19036     4.77479e-09              
        9.19158     3.18319e-09              
        9.19281     4.77479e-09              
        9.19403      1.5916e-09              
        9.19525               0              
        9.19647     4.77479e-09              
        9.19769      1.5916e-09              
        9.19891      1.5916e-09              
        9.20013     3.18319e-09              
        9.20135      1.5916e-09              
        9.20257               0              
        9.20379     6.36639e-09              
        9.20501     3.18319e-09              
        9.20623     4.77479e-09              
        9.20745     7.95798e-09              
        9.20867     3.18319e-09              
         9.2099      1.5916e-09              
        9.21112     3.18319e-09              
        9.21234     6.36639e-09              
        9.21356               0              
        9.21478     3.18319e-09              
          9.216     3.18319e-09              
        9.21722               0              
        9.21844      1.5916e-09              
        9.21966     4.77479e-09              
        9.22088     3.18319e-09              
         9.2221      1.5916e-09              
        9.22332      1.5916e-09              
        9.22454      1.5916e-09              
        9.22576      1.5916e-09              
        9.22698      1.5916e-09              
        9.22821      1.5916e-09              
        9.22943               0              
        9.23065     4.77479e-09              
        9.23187     6.36639e-09              
        9.23309               0              
        9.23431      1.5916e-09              
        9.23553     7.95798e-09              
        9.23675               0              
        9.23797               0              
        9.23919      1.5916e-09              
        9.24041     6.36639e-09              
        9.24163     3.18319e-09              
        9.24285     3.18319e-09              
        9.24407      1.5916e-09              
         9.2453     6.36639e-09              
        9.24652               0              
        9.24774     3.18319e-09              
        9.24896               0              
        9.25018     4.77479e-09              
         9.2514     3.18319e-09              
        9.25262      1.5916e-09              
        9.25384     3.18319e-09              
        9.25506     3.18319e-09              
        9.25628     4.77479e-09              
         9.2575      1.5916e-09              
        9.25872     4.77479e-09              
        9.25994      1.5916e-09              
        9.26116     4.77479e-09              
        9.26239     3.18319e-09              
        9.26362     6.36639e-09              
        9.26484     6.36639e-09              
        9.26606      1.5916e-09              
        9.26728               0              
         9.2685     3.18319e-09              
        9.26972     4.77479e-09              
        9.27094     4.77479e-09              
        9.27216     3.18319e-09              
        9.27338     4.77479e-09              
         9.2746     3.18319e-09              
        9.27582     3.18319e-09              
        9.27704     3.18319e-09              
        9.27826     4.77479e-09              
        9.27948      1.5916e-09              
        9.28071               0              
        9.28193     4.77479e-09              
        9.28315               0              
        9.28437      1.5916e-09              
        9.28559      1.5916e-09              
        9.28681     4.77479e-09              
        9.28803               0              
        9.28925      1.5916e-09              
        9.29047      1.5916e-09              
        9.29169      1.5916e-09              
        9.29291               0              
        9.29413      1.5916e-09              
        9.29535     3.18319e-09              
        9.29657      1.5916e-09              
         9.2978               0              
        9.29902      1.5916e-09              
        9.30024               0              
        9.30146      1.5916e-09              
        9.30268     3.18319e-09              
         9.3039     4.77479e-09              
        9.30512     7.95798e-09              
        9.30634     4.77479e-09              
        9.30756     3.18319e-09              
        9.30878      1.5916e-09              
           9.31      1.5916e-09              
        9.31122      1.5916e-09              
        9.31244               0              
        9.31366      1.5916e-09              
        9.31489      1.5916e-09              
        9.31611      1.5916e-09              
        9.31733      1.5916e-09              
        9.31855               0              
        9.31977     4.77479e-09              
        9.32099     6.36639e-09              
        9.32221      1.5916e-09              
        9.32343     3.18319e-09              
        9.32465      1.5916e-09              
        9.32587     4.77479e-09              
        9.32709     9.54958e-09              
        9.32831     3.18319e-09              
        9.32953               0              
        9.33075     3.18319e-09              
        9.33197     3.18319e-09              
        9.33319      1.5916e-09              
        9.33441      1.5916e-09              
        9.33563               0              
        9.33685               0              
        9.33807     3.18319e-09              
        9.33929      1.5916e-09              
        9.34051               0              
        9.34173      1.5916e-09              
        9.34295               0              
        9.34417      1.5916e-09              
        9.34539     4.77479e-09              
        9.34661      1.5916e-09              
        9.34783               0              
        9.34906     3.18319e-09              
        9.35028     3.18319e-09              
         9.3515               0              
        9.35272     3.18319e-09              
        9.35394     4.77479e-09              
        9.35516               0              
        9.35638               0              
         9.3576     4.77479e-09              
        9.35882               0              
        9.36004               0              
        9.36126     4.77479e-09              
        9.36248     3.18319e-09              
         9.3637      1.5916e-09              
        9.36492     4.77479e-09              
        9.36615               0              
        9.36737     4.77479e-09              
        9.36859               0              
        9.36981     3.18319e-09              
        9.37103               0              
        9.37225     3.18319e-09              
        9.37347     4.77479e-09              
        9.37469      1.5916e-09              
        9.37591     3.18319e-09              
        9.37713               0              
        9.37835               0              
        9.37957      1.5916e-09              
        9.38079               0              
        9.38201      1.5916e-09              
        9.38323      1.5916e-09              
        9.38446     9.54958e-09              
        9.38568     3.18319e-09              
         9.3869      1.5916e-09              
        9.38812      1.5916e-09              
        9.38934     4.77479e-09              
        9.39056     3.18319e-09              
        9.39178     3.18319e-09              
          9.393      1.5916e-09              
        9.39422      1.5916e-09              
        9.39544      1.5916e-09              
        9.39666      1.5916e-09              
        9.39788      1.5916e-09              
         9.3991               0              
        9.40032     4.77479e-09              
        9.40155     3.18319e-09              
        9.40277      1.5916e-09              
        9.40399     4.77479e-09              
        9.40521     3.18319e-09              
        9.40643               0              
        9.40765     6.36639e-09              
        9.40887               0              
        9.41009      1.5916e-09              
        9.41131               0              
        9.41253      1.5916e-09              
        9.41375      1.5916e-09              
        9.41497      1.5916e-09              
        9.41619     3.18319e-09              
        9.41741      1.5916e-09              
        9.41864               0              
        9.41987               0              
        9.42109     3.18319e-09              
        9.42231      1.5916e-09              
        9.42353      1.5916e-09              
        9.42475      1.5916e-09              
        9.42597      1.5916e-09              
        9.42719     4.77479e-09              
        9.42841      1.5916e-09              
        9.42963     3.18319e-09              
        9.43085      1.5916e-09              
        9.43207      1.5916e-09              
        9.43329      1.5916e-09              
        9.43451               0              
        9.43573      1.5916e-09              
        9.43696      1.5916e-09              
        9.43818     3.18319e-09              
         9.4394               0              
        9.44062     3.18319e-09              
        9.44184     6.36639e-09              
        9.44306               0              
        9.44428      1.5916e-09              
         9.4455               0              
        9.44672     3.18319e-09              
        9.44794      1.5916e-09              
        9.44916     3.18319e-09              
        9.45038     4.77479e-09              
         9.4516      1.5916e-09              
        9.45282      1.5916e-09              
        9.45405               0              
        9.45527               0              
        9.45649      1.5916e-09              
        9.45771     6.36639e-09              
        9.45893      1.5916e-09              
        9.46015     3.18319e-09              
        9.46137     3.18319e-09              
        9.46259               0              
        9.46381      1.5916e-09              
        9.46503               0              
        9.46625      1.5916e-09              
        9.46747      1.5916e-09              
        9.46869               0              
        9.46991               0              
        9.47114     4.77479e-09              
        9.47236     3.18319e-09              
        9.47358     3.18319e-09              
         9.4748     4.77479e-09              
        9.47602               0              
        9.47724      1.5916e-09              
        9.47846      1.5916e-09              
        9.47968               0              
         9.4809      1.5916e-09              
        9.48212      1.5916e-09              
        9.48334               0              
        9.48456     4.77479e-09              
        9.48578     3.18319e-09              
          9.487     3.18319e-09              
        9.48822               0              
        9.48944               0              
        9.49066     3.18319e-09              
        9.49188      1.5916e-09              
         9.4931               0              
        9.49432     3.18319e-09              
        9.49554               0              
        9.49676     3.18319e-09              
        9.49798               0              
         9.4992     3.18319e-09              
        9.50042               0              
        9.50164     3.18319e-09              
        9.50286      1.5916e-09              
        9.50408      1.5916e-09              
        9.50531      1.5916e-09              
        9.50653     4.77479e-09              
        9.50775     3.18319e-09              
        9.50897     3.18319e-09              
        9.51019               0              
        9.51141      1.5916e-09              
        9.51263               0              
        9.51385               0              
        9.51507               0              
        9.51629               0              
        9.51751               0              
        9.51873     3.18319e-09              
        9.51995     3.18319e-09              
        9.52117               0              
         9.5224      1.5916e-09              
        9.52362               0              
        9.52484      1.5916e-09              
        9.52606      1.5916e-09              
        9.52728     3.18319e-09              
         9.5285     3.18319e-09              
        9.52972     3.18319e-09              
        9.53094     3.18319e-09              
        9.53216               0              
        9.53338      1.5916e-09              
         9.5346      1.5916e-09              
        9.53582               0              
        9.53704      1.5916e-09              
        9.53826      1.5916e-09              
        9.53948     4.77479e-09              
        9.54071               0              
        9.54193      1.5916e-09              
        9.54315     3.18319e-09              
        9.54437     3.18319e-09              
        9.54559               0              
        9.54681      1.5916e-09              
        9.54803               0              
        9.54925     3.18319e-09              
        9.55047     6.36639e-09              
        9.55169               0              
        9.55291     4.77479e-09              
        9.55413               0              
        9.55535      1.5916e-09              
        9.55657     3.18319e-09              
         9.5578     4.77479e-09              
        9.55902     3.18319e-09              
        9.56024      1.5916e-09              
        9.56146      1.5916e-09              
        9.56268     4.77479e-09              
         9.5639     3.18319e-09              
        9.56512     4.77479e-09              
        9.56634     3.18319e-09              
        9.56756     3.18319e-09              
        9.56878               0              
           9.57     3.18319e-09              
        9.57122               0              
        9.57244     3.18319e-09              
        9.57366      1.5916e-09              
        9.57489     4.77479e-09              
        9.57612      1.5916e-09              
        9.57734     3.18319e-09              
        9.57856     3.18319e-09              
        9.57978     4.77479e-09              
          9.581               0              
        9.58222     3.18319e-09              
        9.58344               0              
        9.58466     4.77479e-09              
        9.58588               0              
         9.5871      1.5916e-09              
        9.58832               0              
        9.58954      1.5916e-09              
        9.59076     3.18319e-09              
        9.59198               0              
        9.59321      1.5916e-09              
        9.59443     4.77479e-09              
        9.59565      1.5916e-09              
        9.59687               0              
        9.59809     3.18319e-09              
        9.59931      1.5916e-09              
        9.60053     4.77479e-09              
        9.60175      1.5916e-09              
        9.60297               0              
        9.60419      1.5916e-09              
        9.60541     3.18319e-09              
        9.60663      1.5916e-09              
        9.60785     4.77479e-09              
        9.60907      1.5916e-09              
         9.6103      1.5916e-09              
        9.61152               0              
        9.61274     3.18319e-09              
        9.61396     4.77479e-09              
        9.61518      1.5916e-09              
         9.6164               0              
        9.61762      1.5916e-09              
        9.61884      1.5916e-09              
        9.62006     4.77479e-09              
        9.62128     3.18319e-09              
         9.6225     3.18319e-09              
        9.62372      1.5916e-09              
        9.62494               0              
        9.62616     3.18319e-09              
        9.62739      1.5916e-09              
        9.62861     4.77479e-09              
        9.62983      1.5916e-09              
        9.63105      1.5916e-09              
        9.63227     3.18319e-09              
        9.63349               0              
        9.63471      1.5916e-09              
        9.63593               0              
        9.63715     3.18319e-09              
        9.63837               0              
        9.63959      1.5916e-09              
        9.64081      1.5916e-09              
        9.64203               0              
        9.64325      1.5916e-09              
        9.64447               0              
        9.64569      1.5916e-09              
        9.64691     3.18319e-09              
        9.64813      1.5916e-09              
        9.64935      1.5916e-09              
        9.65057     3.18319e-09              
        9.65179               0              
        9.65301      1.5916e-09              
        9.65423     6.36639e-09              
        9.65545      1.5916e-09              
        9.65667               0              
        9.65789      1.5916e-09              
        9.65911     3.18319e-09              
        9.66033               0              
        9.66156     4.77479e-09              
        9.66278      1.5916e-09              
          9.664      1.5916e-09              
        9.66522     4.77479e-09              
        9.66644               0              
        9.66766     3.18319e-09              
        9.66888      1.5916e-09              
         9.6701               0              
        9.67132      1.5916e-09              
        9.67254               0              
        9.67376               0              
        9.67498      1.5916e-09              
         9.6762      1.5916e-09              
        9.67742      1.5916e-09              
        9.67865      1.5916e-09              
        9.67987     3.18319e-09              
        9.68109      1.5916e-09              
        9.68231               0              
        9.68353     6.36639e-09              
        9.68475               0              
        9.68597               0              
        9.68719      1.5916e-09              
        9.68841               0              
        9.68963      1.5916e-09              
        9.69085     6.36639e-09              
        9.69207               0              
        9.69329      1.5916e-09              
        9.69451     3.18319e-09              
        9.69573     3.18319e-09              
        9.69696     3.18319e-09              
        9.69818               0              
         9.6994     3.18319e-09              
        9.70062      1.5916e-09              
        9.70184     3.18319e-09              
        9.70306               0              
        9.70428     3.18319e-09              
         9.7055     3.18319e-09              
        9.70672      1.5916e-09              
        9.70794     3.18319e-09              
        9.70916      1.5916e-09              
        9.71038      1.5916e-09              
         9.7116      1.5916e-09              
        9.71282      1.5916e-09              
        9.71405               0              
        9.71527      1.5916e-09              
        9.71649               0              
        9.71771      1.5916e-09              
        9.71893     6.36639e-09              
        9.72015     3.18319e-09              
        9.72137      1.5916e-09              
        9.72259     3.18319e-09              
        9.72381               0              
        9.72503               0              
        9.72625      1.5916e-09              
        9.72747     4.77479e-09              
        9.72869               0              
        9.72991     3.18319e-09              
        9.73114               0              
        9.73237      1.5916e-09              
        9.73359      1.5916e-09              
        9.73481     6.36639e-09              
        9.73603     4.77479e-09              
        9.73725               0              
        9.73847               0              
        9.73969     4.77479e-09              
        9.74091     3.18319e-09              
        9.74213     4.77479e-09              
        9.74335     3.18319e-09              
        9.74457      1.5916e-09              
        9.74579     3.18319e-09              
        9.74701     3.18319e-09              
        9.74823               0              
        9.74946     3.18319e-09              
        9.75068     4.77479e-09              
         9.7519     3.18319e-09              
        9.75312     3.18319e-09              
        9.75434      1.5916e-09              
        9.75556     3.18319e-09              
        9.75678      1.5916e-09              
          9.758               0              
        9.75922     4.77479e-09              
        9.76044      1.5916e-09              
        9.76166     3.18319e-09              
        9.76288     3.18319e-09              
         9.7641      1.5916e-09              
        9.76532      1.5916e-09              
        9.76655               0              
        9.76777      1.5916e-09              
        9.76899               0              
        9.77021               0              
        9.77143      1.5916e-09              
        9.77265      1.5916e-09              
        9.77387               0              
        9.77509      1.5916e-09              
        9.77631      1.5916e-09              
        9.77753     4.77479e-09              
        9.77875               0              
        9.77997               0              
        9.78119     3.18319e-09              
        9.78241      1.5916e-09              
        9.78364               0              
        9.78486               0              
        9.78608      1.5916e-09              
         9.7873               0              
        9.78852     4.77479e-09              
        9.78974     3.18319e-09              
        9.79096      1.5916e-09              
        9.79218      1.5916e-09              
         9.7934               0              
        9.79462               0              
        9.79584      1.5916e-09              
        9.79706               0              
        9.79828     4.77479e-09              
         9.7995      1.5916e-09              
        9.80072      1.5916e-09              
        9.80194      1.5916e-09              
        9.80316     6.36639e-09              
        9.80438               0              
         9.8056               0              
        9.80682               0              
        9.80804               0              
        9.80926               0              
        9.81048      1.5916e-09              
         9.8117      1.5916e-09              
        9.81292      1.5916e-09              
        9.81414      1.5916e-09              
        9.81536      1.5916e-09              
        9.81658      1.5916e-09              
        9.81781     3.18319e-09              
        9.81903      1.5916e-09              
        9.82025               0              
        9.82147      1.5916e-09              
        9.82269               0              
        9.82391     3.18319e-09              
        9.82513      1.5916e-09              
        9.82635     3.18319e-09              
        9.82757     4.77479e-09              
        9.82879               0              
        9.83001     4.77479e-09              
        9.83123      1.5916e-09              
        9.83245               0              
        9.83367               0              
         9.8349               0              
        9.83612     6.36639e-09              
        9.83734      1.5916e-09              
        9.83856      1.5916e-09              
        9.83978               0              
          9.841     3.18319e-09              
        9.84222      1.5916e-09              
        9.84344               0              
        9.84466      1.5916e-09              
        9.84588      1.5916e-09              
         9.8471     7.95798e-09              
        9.84832     3.18319e-09              
        9.84954     3.18319e-09              
        9.85076     3.18319e-09              
        9.85198     3.18319e-09              
        9.85321     3.18319e-09              
        9.85443     6.36639e-09              
        9.85565     3.18319e-09              
        9.85687      1.5916e-09              
        9.85809               0              
        9.85931     3.18319e-09              
        9.86053      1.5916e-09              
        9.86175      1.5916e-09              
        9.86297      1.5916e-09              
        9.86419     4.77479e-09              
        9.86541      1.5916e-09              
        9.86663     3.18319e-09              
        9.86785     4.77479e-09              
        9.86907     6.36639e-09              
         9.8703               0              
        9.87152               0              
        9.87274               0              
        9.87396               0              
        9.87518               0              
         9.8764               0              
        9.87762      1.5916e-09              
        9.87884               0              
        9.88006      1.5916e-09              
        9.88128      1.5916e-09              
         9.8825      1.5916e-09              
        9.88372               0              
        9.88494      1.5916e-09              
        9.88616               0              
        9.88739      1.5916e-09              
        9.88862               0              
        9.88984      1.5916e-09              
        9.89106      1.5916e-09              
        9.89228               0              
         9.8935               0              
        9.89472      1.5916e-09              
        9.89594               0              
        9.89716               0              
        9.89838     3.18319e-09              
         9.8996      1.5916e-09              
        9.90082      1.5916e-09              
        9.90204      1.5916e-09              
        9.90326      1.5916e-09              
        9.90448     4.77479e-09              
        9.90571               0              
        9.90693      1.5916e-09              
        9.90815     3.18319e-09              
        9.90937               0              
        9.91059               0              
        9.91181      1.5916e-09              
        9.91303      1.5916e-09              
        9.91425               0              
        9.91547     3.18319e-09              
        9.91669     3.18319e-09              
        9.91791     4.77479e-09              
        9.91913               0              
        9.92035     4.77479e-09              
        9.92157               0              
         9.9228               0              
        9.92402     3.18319e-09              
        9.92524               0              
        9.92646               0              
        9.92768     3.18319e-09              
         9.9289               0              
        9.93012     4.77479e-09              
        9.93134      1.5916e-09              
        9.93256      1.5916e-09              
        9.93378      1.5916e-09              
          9.935               0              
        9.93622      1.5916e-09              
        9.93744               0              
        9.93866      1.5916e-09              
        9.93989      1.5916e-09              
        9.94111     4.77479e-09              
        9.94233      1.5916e-09              
        9.94355      1.5916e-09              
        9.94477     3.18319e-09              
        9.94599      1.5916e-09              
        9.94721     3.18319e-09              
        9.94843      1.5916e-09              
        9.94965      1.5916e-09              
        9.95087               0              
        9.95209     6.36639e-09              
        9.95331      1.5916e-09              
        9.95453      1.5916e-09              
        9.95575      1.5916e-09              
        9.95697      1.5916e-09              
        9.95819               0              
        9.95941               0              
        9.96063     3.18319e-09              
        9.96185      1.5916e-09              
        9.96307     3.18319e-09              
        9.96429      1.5916e-09              
        9.96551     3.18319e-09              
        9.96673      1.5916e-09              
        9.96795               0              
        9.96917               0              
        9.97039      1.5916e-09              
        9.97161     4.77479e-09              
        9.97283               0              
        9.97406     3.18319e-09              
        9.97528     3.18319e-09              
         9.9765               0              
        9.97772               0              
        9.97894     4.77479e-09              
        9.98016      1.5916e-09              
        9.98138      1.5916e-09              
         9.9826               0              
        9.98382      1.5916e-09              
        9.98504               0              
        9.98626     3.18319e-09              
        9.98748               0              
         9.9887     6.36639e-09              
        9.98992      1.5916e-09              
        9.99115               0              
        9.99237     4.77479e-09              
        9.99359      1.5916e-09              
        9.99481     3.18319e-09              
