        5.99823               0              
        5.99946     4.77479e-09              
        6.00068      1.5916e-09              
         6.0019     9.54958e-09              
        6.00312     4.77479e-09              
        6.00434     3.18319e-09              
        6.00556     3.18319e-09              
        6.00678     9.54958e-09              
          6.008     4.77479e-09              
        6.00922     6.36639e-09              
        6.01044     7.95798e-09              
        6.01166     1.43244e-08              
        6.01288     4.77479e-09              
         6.0141     7.95798e-09              
        6.01532     1.11412e-08              
        6.01654     7.95798e-09              
        6.01776     4.77479e-09              
        6.01898     7.95798e-09              
         6.0202     4.77479e-09              
        6.02142     4.77479e-09              
        6.02264     3.18319e-09              
        6.02386     7.95798e-09              
        6.02508     3.18319e-09              
         6.0263      1.5916e-09              
        6.02752     6.36639e-09              
        6.02874     4.77479e-09              
        6.02996     4.77479e-09              
        6.03118     4.77479e-09              
         6.0324     6.36639e-09              
        6.03364     3.18319e-09              
        6.03486     3.18319e-09              
        6.03608     4.77479e-09              
         6.0373     2.06908e-08              
        6.03852     4.77479e-09              
        6.03974     6.36639e-09              
        6.04096     6.36639e-09              
        6.04218               0              
         6.0434     9.54958e-09              
        6.04462     9.54958e-09              
        6.04584     4.77479e-09              
        6.04706     6.36639e-09              
        6.04828     4.77479e-09              
         6.0495     9.54958e-09              
        6.05072     4.77479e-09              
        6.05194     7.95798e-09              
        6.05316     9.54958e-09              
        6.05438     9.54958e-09              
         6.0556      1.5916e-09              
        6.05682     4.77479e-09              
        6.05804     4.77479e-09              
        6.05926     6.36639e-09              
        6.06048      1.5916e-09              
         6.0617               0              
        6.06292     4.77479e-09              
        6.06414     3.18319e-09              
        6.06536               0              
        6.06658     4.77479e-09              
        6.06781     3.18319e-09              
        6.06904     4.77479e-09              
        6.07026     6.36639e-09              
        6.07148     4.77479e-09              
         6.0727     7.95798e-09              
        6.07392     7.95798e-09              
        6.07514     4.77479e-09              
        6.07636     4.77479e-09              
        6.07758     3.18319e-09              
         6.0788      1.5916e-09              
        6.08002     6.36639e-09              
        6.08124     1.11412e-08              
        6.08246     4.77479e-09              
        6.08368     7.95798e-09              
         6.0849     6.36639e-09              
        6.08613     4.77479e-09              
        6.08735     3.18319e-09              
        6.08857     3.18319e-09              
        6.08979      1.5916e-09              
        6.09101     7.95798e-09              
        6.09223     7.95798e-09              
        6.09345     4.77479e-09              
        6.09466     9.54958e-09              
        6.09588     4.77479e-09              
         6.0971     7.95798e-09              
        6.09832     7.95798e-09              
        6.09954     3.18319e-09              
        6.10076     9.54958e-09              
        6.10198     4.77479e-09              
        6.10321     7.95798e-09              
        6.10443     3.18319e-09              
        6.10565               0              
        6.10687      1.5916e-09              
        6.10809     3.18319e-09              
        6.10931     7.95798e-09              
        6.11053     3.18319e-09              
        6.11175     6.36639e-09              
        6.11297     6.36639e-09              
        6.11419     4.77479e-09              
        6.11541     6.36639e-09              
        6.11663     1.27328e-08              
        6.11785     9.54958e-09              
        6.11907      1.5916e-09              
        6.12031     1.11412e-08              
        6.12153     9.54958e-09              
        6.12275     4.77479e-09              
        6.12397     1.11412e-08              
        6.12519     3.18319e-09              
        6.12641     6.36639e-09              
        6.12763     3.18319e-09              
        6.12885     3.18319e-09              
        6.13007     6.36639e-09              
        6.13129     4.77479e-09              
        6.13251     4.77479e-09              
        6.13373     9.54958e-09              
        6.13495     4.77479e-09              
        6.13617     6.36639e-09              
        6.13739     3.18319e-09              
        6.13861     7.95798e-09              
        6.13983     4.77479e-09              
        6.14105     7.95798e-09              
        6.14227     7.95798e-09              
        6.14349     6.36639e-09              
        6.14471      1.5916e-09              
        6.14593     7.95798e-09              
        6.14715     6.36639e-09              
        6.14837     3.18319e-09              
        6.14959     3.18319e-09              
        6.15081     4.77479e-09              
        6.15203     3.18319e-09              
        6.15325     6.36639e-09              
        6.15448     3.18319e-09              
        6.15571     1.11412e-08              
        6.15693     4.77479e-09              
        6.15815     6.36639e-09              
        6.15937     9.54958e-09              
        6.16059     4.77479e-09              
        6.16181     4.77479e-09              
        6.16303     6.36639e-09              
        6.16425     6.36639e-09              
        6.16547     4.77479e-09              
        6.16669     9.54958e-09              
        6.16791               0              
        6.16913     6.36639e-09              
        6.17035     3.18319e-09              
        6.17157     6.36639e-09              
        6.17279     4.77479e-09              
        6.17401     6.36639e-09              
        6.17523     6.36639e-09              
        6.17645     4.77479e-09              
        6.17767     3.18319e-09              
        6.17889     6.36639e-09              
        6.18011     9.54958e-09              
        6.18133     7.95798e-09              
        6.18255     7.95798e-09              
        6.18377     6.36639e-09              
        6.18499     1.11412e-08              
        6.18621      1.5916e-09              
        6.18743     7.95798e-09              
        6.18865     7.95798e-09              
        6.18989     4.77479e-09              
        6.19111     4.77479e-09              
        6.19233               0              
        6.19355     3.18319e-09              
        6.19477     4.77479e-09              
        6.19599     7.95798e-09              
        6.19721     6.36639e-09              
        6.19843     9.54958e-09              
        6.19965     1.11412e-08              
        6.20087     9.54958e-09              
        6.20209     3.18319e-09              
        6.20331     4.77479e-09              
        6.20453     3.18319e-09              
        6.20575     9.54958e-09              
        6.20697     3.18319e-09              
        6.20819     4.77479e-09              
        6.20941     3.18319e-09              
        6.21063      1.5916e-09              
        6.21185      1.5916e-09              
        6.21307               0              
        6.21429      1.5916e-09              
        6.21551     4.77479e-09              
        6.21673     3.18319e-09              
        6.21795     3.18319e-09              
        6.21917     9.54958e-09              
        6.22039     7.95798e-09              
        6.22161     6.36639e-09              
        6.22283     3.18319e-09              
        6.22406     9.54958e-09              
        6.22529     1.11412e-08              
        6.22651     9.54958e-09              
        6.22773     7.95798e-09              
        6.22895     1.11412e-08              
        6.23017     4.77479e-09              
        6.23139     7.95798e-09              
        6.23261     4.77479e-09              
        6.23383     3.18319e-09              
        6.23505     3.18319e-09              
        6.23627     7.95798e-09              
        6.23749     6.36639e-09              
        6.23871     6.36639e-09              
        6.23993     3.18319e-09              
        6.24115     1.11412e-08              
        6.24238     3.18319e-09              
         6.2436     9.54958e-09              
        6.24482     6.36639e-09              
        6.24604     6.36639e-09              
        6.24726     6.36639e-09              
        6.24848     9.54958e-09              
         6.2497      1.5916e-09              
        6.25091     6.36639e-09              
        6.25213     2.54655e-08              
        6.25335     3.18319e-09              
        6.25457     4.77479e-09              
        6.25579     6.36639e-09              
        6.25701     6.36639e-09              
        6.25823      1.5916e-08              
        6.25946     6.36639e-09              
        6.26068      1.5916e-09              
         6.2619     7.95798e-09              
        6.26312     3.18319e-09              
        6.26434     9.54958e-09              
        6.26556     1.11412e-08              
        6.26678               0              
          6.268     3.18319e-09              
        6.26922     3.18319e-09              
        6.27044     9.54958e-09              
        6.27166     7.95798e-09              
        6.27288     6.36639e-09              
         6.2741     4.77479e-09              
        6.27532     9.54958e-09              
        6.27656     1.11412e-08              
        6.27778     6.36639e-09              
          6.279     4.77479e-09              
        6.28022     1.11412e-08              
        6.28144     4.77479e-09              
        6.28266     3.18319e-09              
        6.28388     6.36639e-09              
         6.2851      1.5916e-09              
        6.28632     3.18319e-09              
        6.28754      1.5916e-09              
        6.28876     4.77479e-09              
        6.28998     6.36639e-09              
         6.2912     6.36639e-09              
        6.29242     6.36639e-09              
        6.29364     4.77479e-09              
        6.29486     4.77479e-09              
        6.29608     6.36639e-09              
         6.2973     3.18319e-09              
        6.29852     1.11412e-08              
        6.29974     4.77479e-09              
        6.30096     4.77479e-09              
        6.30218     7.95798e-09              
         6.3034     1.11412e-08              
        6.30462     6.36639e-09              
        6.30584     7.95798e-09              
        6.30706     7.95798e-09              
        6.30828     4.77479e-09              
         6.3095     3.18319e-09              
        6.31073     4.77479e-09              
        6.31196               0              
        6.31318     6.36639e-09              
         6.3144     4.77479e-09              
        6.31562     7.95798e-09              
        6.31684     4.77479e-09              
        6.31806     4.77479e-09              
        6.31928     1.27328e-08              
         6.3205     3.18319e-09              
        6.32172     6.36639e-09              
        6.32294     3.18319e-09              
        6.32416     3.18319e-09              
        6.32538     4.77479e-09              
         6.3266     7.95798e-09              
        6.32782     4.77479e-09              
        6.32904     3.18319e-09              
        6.33026      1.5916e-09              
        6.33148     7.95798e-09              
         6.3327     7.95798e-09              
        6.33392     9.54958e-09              
        6.33514     6.36639e-09              
        6.33636               0              
        6.33758     6.36639e-09              
         6.3388     3.18319e-09              
        6.34002     3.18319e-09              
        6.34124     3.18319e-09              
        6.34246     3.18319e-09              
        6.34368               0              
         6.3449     6.36639e-09              
        6.34614     6.36639e-09              
        6.34736     4.77479e-09              
        6.34858     1.11412e-08              
         6.3498     9.54958e-09              
        6.35102     3.18319e-09              
        6.35224     1.11412e-08              
        6.35346     3.18319e-09              
        6.35468               0              
         6.3559     6.36639e-09              
        6.35712     9.54958e-09              
        6.35834     6.36639e-09              
        6.35956     7.95798e-09              
        6.36078     7.95798e-09              
          6.362     9.54958e-09              
        6.36322      1.5916e-09              
        6.36444     3.18319e-09              
        6.36566     4.77479e-09              
        6.36688     3.18319e-09              
         6.3681     9.54958e-09              
        6.36932     4.77479e-09              
        6.37054      1.5916e-08              
        6.37176     7.95798e-09              
        6.37298     6.36639e-09              
         6.3742     9.54958e-09              
        6.37542     3.18319e-09              
        6.37664     4.77479e-09              
        6.37786      1.5916e-09              
        6.37908     9.54958e-09              
        6.38031      1.5916e-09              
        6.38154     6.36639e-09              
        6.38276      1.5916e-09              
        6.38398     6.36639e-09              
         6.3852     4.77479e-09              
        6.38642     1.43244e-08              
        6.38764     9.54958e-09              
        6.38886     4.77479e-09              
        6.39008     6.36639e-09              
         6.3913      1.5916e-09              
        6.39252      1.5916e-09              
        6.39374     3.18319e-09              
        6.39496     4.77479e-09              
        6.39618     1.11412e-08              
         6.3974     3.18319e-09              
        6.39863     4.77479e-09              
        6.39985     4.77479e-09              
        6.40107     3.18319e-09              
        6.40229     6.36639e-09              
        6.40351     4.77479e-09              
        6.40473     4.77479e-09              
        6.40595     4.77479e-09              
        6.40716     4.77479e-09              
        6.40838     7.95798e-09              
         6.4096     6.36639e-09              
        6.41082     4.77479e-09              
        6.41204      1.5916e-09              
        6.41326     3.18319e-09              
        6.41448     1.11412e-08              
        6.41571     7.95798e-09              
        6.41693     6.36639e-09              
        6.41815     6.36639e-09              
        6.41937      1.5916e-09              
        6.42059     3.18319e-09              
        6.42181     4.77479e-09              
        6.42303     7.95798e-09              
        6.42425     7.95798e-09              
        6.42547     4.77479e-09              
        6.42669     6.36639e-09              
        6.42791     7.95798e-09              
        6.42913     4.77479e-09              
        6.43035     4.77479e-09              
        6.43157     7.95798e-09              
        6.43281     3.18319e-09              
        6.43403     4.77479e-09              
        6.43525     3.18319e-09              
        6.43647     4.77479e-09              
        6.43769     4.77479e-09              
        6.43891      1.5916e-09              
        6.44013     4.77479e-09              
        6.44135     6.36639e-09              
        6.44257     9.54958e-09              
        6.44379      1.5916e-09              
        6.44501     6.36639e-09              
        6.44623     3.18319e-09              
        6.44745     1.11412e-08              
        6.44867      1.5916e-09              
        6.44989     6.36639e-09              
        6.45111               0              
        6.45233     3.18319e-09              
        6.45355     3.18319e-09              
        6.45477     3.18319e-09              
        6.45599      1.5916e-09              
        6.45721      1.5916e-09              
        6.45843      1.5916e-09              
        6.45965      1.5916e-09              
        6.46087     1.11412e-08              
        6.46209     6.36639e-09              
        6.46331     7.95798e-09              
        6.46453     4.77479e-09              
        6.46575      1.5916e-09              
        6.46698     3.18319e-09              
        6.46821     6.36639e-09              
        6.46943     7.95798e-09              
        6.47065     4.77479e-09              
        6.47187     6.36639e-09              
        6.47309     4.77479e-09              
        6.47431     4.77479e-09              
        6.47553     1.11412e-08              
        6.47675     3.18319e-09              
        6.47797     6.36639e-09              
        6.47919     4.77479e-09              
        6.48041     4.77479e-09              
        6.48163     6.36639e-09              
        6.48285     7.95798e-09              
        6.48407     4.77479e-09              
        6.48529     7.95798e-09              
        6.48651      1.5916e-09              
        6.48773     6.36639e-09              
        6.48895      1.5916e-09              
        6.49017     1.11412e-08              
        6.49139      1.5916e-09              
        6.49261     6.36639e-09              
        6.49383     3.18319e-09              
        6.49505     4.77479e-09              
        6.49627     1.27328e-08              
        6.49749     4.77479e-09              
        6.49871      1.5916e-09              
        6.49993     4.77479e-09              
        6.50115     9.54958e-09              
        6.50239               0              
        6.50361     9.54958e-09              
        6.50483     4.77479e-09              
        6.50605     7.95798e-09              
        6.50727     3.18319e-09              
        6.50849     6.36639e-09              
        6.50971     7.95798e-09              
        6.51093     6.36639e-09              
        6.51215     3.18319e-09              
        6.51337     6.36639e-09              
        6.51459     3.18319e-09              
        6.51581               0              
        6.51703     3.18319e-09              
        6.51825      1.5916e-09              
        6.51947     3.18319e-09              
        6.52069     4.77479e-09              
        6.52191     7.95798e-09              
        6.52313     6.36639e-09              
        6.52435     4.77479e-09              
        6.52557      1.5916e-09              
        6.52679     7.95798e-09              
        6.52801     6.36639e-09              
        6.52923     7.95798e-09              
        6.53045     9.54958e-09              
        6.53167      1.5916e-09              
        6.53289     6.36639e-09              
        6.53411     6.36639e-09              
        6.53533     4.77479e-09              
        6.53656      1.5916e-09              
        6.53779     4.77479e-09              
        6.53901     4.77479e-09              
        6.54023     3.18319e-09              
        6.54145     4.77479e-09              
        6.54267     7.95798e-09              
        6.54389     3.18319e-09              
        6.54511               0              
        6.54633     3.18319e-09              
        6.54755     6.36639e-09              
        6.54877               0              
        6.54999     4.77479e-09              
        6.55121     4.77479e-09              
        6.55243      1.5916e-09              
        6.55365     3.18319e-09              
        6.55488     4.77479e-09              
         6.5561     3.18319e-09              
        6.55732     4.77479e-09              
        6.55854     4.77479e-09              
        6.55976     3.18319e-09              
        6.56098     3.18319e-09              
         6.5622     4.77479e-09              
        6.56341     3.18319e-09              
        6.56463     4.77479e-09              
        6.56585     6.36639e-09              
        6.56707     6.36639e-09              
        6.56829     1.75076e-08              
        6.56951     4.77479e-09              
        6.57073     4.77479e-09              
        6.57196     4.77479e-09              
        6.57318     6.36639e-09              
         6.5744     9.54958e-09              
        6.57562      1.5916e-09              
        6.57684     6.36639e-09              
        6.57806     1.11412e-08              
        6.57928     4.77479e-09              
         6.5805      1.5916e-09              
        6.58172      1.5916e-09              
        6.58294     4.77479e-09              
        6.58416     7.95798e-09              
        6.58538     4.77479e-09              
         6.5866     6.36639e-09              
        6.58782     7.95798e-09              
        6.58906     3.18319e-09              
        6.59028     4.77479e-09              
         6.5915     3.18319e-09              
        6.59272     9.54958e-09              
        6.59394     6.36639e-09              
        6.59516     6.36639e-09              
        6.59638     9.54958e-09              
         6.5976     7.95798e-09              
        6.59882     4.77479e-09              
        6.60004     4.77479e-09              
        6.60126     9.54958e-09              
        6.60248     3.18319e-09              
         6.6037               0              
        6.60492     7.95798e-09              
        6.60614     4.77479e-09              
        6.60736      1.5916e-09              
        6.60858     6.36639e-09              
         6.6098     4.77479e-09              
        6.61102     6.36639e-09              
        6.61224     4.77479e-09              
        6.61346     3.18319e-09              
        6.61468     1.27328e-08              
         6.6159     9.54958e-09              
        6.61712     1.11412e-08              
        6.61834     4.77479e-09              
        6.61956     6.36639e-09              
        6.62078     4.77479e-09              
          6.622     7.95798e-09              
        6.62323     7.95798e-09              
        6.62446     3.18319e-09              
        6.62568     4.77479e-09              
         6.6269     3.18319e-09              
        6.62812     6.36639e-09              
        6.62934     4.77479e-09              
        6.63056     6.36639e-09              
        6.63178      1.5916e-09              
          6.633     6.36639e-09              
        6.63422      1.5916e-09              
        6.63544     7.95798e-09              
        6.63666     4.77479e-09              
        6.63788     9.54958e-09              
         6.6391     9.54958e-09              
        6.64032     6.36639e-09              
        6.64154     3.18319e-09              
        6.64276     7.95798e-09              
        6.64398     6.36639e-09              
         6.6452     3.18319e-09              
        6.64642     6.36639e-09              
        6.64764     3.18319e-09              
        6.64886      1.5916e-09              
        6.65008     3.18319e-09              
         6.6513     6.36639e-09              
        6.65252     9.54958e-09              
        6.65374     6.36639e-09              
        6.65496     4.77479e-09              
        6.65618     1.11412e-08              
         6.6574     9.54958e-09              
        6.65864     1.11412e-08              
        6.65986     4.77479e-09              
        6.66108      1.5916e-09              
         6.6623     4.77479e-09              
        6.66352      1.5916e-09              
        6.66474      1.5916e-09              
        6.66596     6.36639e-09              
        6.66626     2.12213e-09              
        6.66718      1.5916e-09              
         6.6684     6.36639e-09              
        6.66962     3.18319e-09              
        6.67084     4.77479e-09              
        6.67206               0              
        6.67328     3.18319e-09              
         6.6745     1.11412e-08              
        6.67572     6.36639e-09              
        6.67694     6.36639e-09              
        6.67816     9.54958e-09              
        6.67938     3.18319e-09              
         6.6806     4.77479e-09              
        6.68182     6.36639e-09              
        6.68304     3.18319e-09              
        6.68426     4.77479e-09              
        6.68548     6.36639e-09              
         6.6867     4.77479e-09              
        6.68792     3.18319e-09              
        6.68914     4.77479e-09              
        6.69036     7.95798e-09              
        6.69158      1.5916e-09              
        6.69281      1.5916e-09              
        6.69404     3.18319e-09              
        6.69526     3.18319e-09              
        6.69648     4.77479e-09              
         6.6977     4.77479e-09              
        6.69892      1.5916e-09              
        6.70014     4.77479e-09              
        6.70136     4.77479e-09              
        6.70258     4.77479e-09              
         6.7038     3.18319e-09              
        6.70502     3.18319e-09              
        6.70624     6.36639e-09              
        6.70746     1.90992e-08              
        6.70868     9.54958e-09              
         6.7099     6.36639e-09              
        6.71113     3.18319e-09              
        6.71235     4.77479e-09              
        6.71357     6.36639e-09              
        6.71479     6.36639e-09              
        6.71601     6.36639e-09              
        6.71723     4.77479e-09              
        6.71845     9.54958e-09              
        6.71966      1.5916e-09              
        6.72088     6.36639e-09              
         6.7221     4.77479e-09              
        6.72332     6.36639e-09              
        6.72454     6.36639e-09              
        6.72576     6.36639e-09              
        6.72698     3.18319e-09              
        6.72821     3.18319e-09              
        6.72943     4.77479e-09              
        6.73065     3.18319e-09              
        6.73187     7.95798e-09              
        6.73309     6.36639e-09              
        6.73431     7.95798e-09              
        6.73553     6.36639e-09              
        6.73675     1.11412e-08              
        6.73797     4.77479e-09              
        6.73919     4.77479e-09              
        6.74041     6.36639e-09              
        6.74163     6.36639e-09              
        6.74285     3.18319e-09              
        6.74407     7.95798e-09              
        6.74531     3.18319e-09              
        6.74653     3.18319e-09              
        6.74775     6.36639e-09              
        6.74897     3.18319e-09              
        6.75019     7.95798e-09              
        6.75141     6.36639e-09              
        6.75263               0              
        6.75385     4.77479e-09              
        6.75507      1.5916e-09              
        6.75629     7.95798e-09              
        6.75751     6.36639e-09              
        6.75873               0              
        6.75995     4.77479e-09              
        6.76117     4.77479e-09              
        6.76239     6.36639e-09              
        6.76361               0              
        6.76483     4.77479e-09              
        6.76605     4.77479e-09              
        6.76727     6.36639e-09              
        6.76849     3.18319e-09              
        6.76971     6.36639e-09              
        6.77093      1.5916e-09              
        6.77215     4.77479e-09              
        6.77337     6.36639e-09              
        6.77459      1.5916e-09              
        6.77581     4.77479e-09              
        6.77703     3.18319e-09              
        6.77825     6.36639e-09              
        6.77948     3.18319e-09              
        6.78071     1.11412e-08              
        6.78193     3.18319e-09              
        6.78315     6.36639e-09              
        6.78437     9.54958e-09              
        6.78559     6.36639e-09              
        6.78681     6.36639e-09              
        6.78803     4.77479e-09              
        6.78925     3.18319e-09              
        6.79047     6.36639e-09              
        6.79169     4.77479e-09              
        6.79291     4.77479e-09              
        6.79413     4.77479e-09              
        6.79535     6.36639e-09              
        6.79657     3.18319e-09              
        6.79779     4.77479e-09              
        6.79901     4.77479e-09              
        6.80023      1.5916e-09              
        6.80145     6.36639e-09              
        6.80267     4.77479e-09              
        6.80389     7.95798e-09              
        6.80511     4.77479e-09              
        6.80633               0              
        6.80755     7.95798e-09              
        6.80877     7.95798e-09              
        6.80999     9.54958e-09              
        6.81121     3.18319e-09              
        6.81243               0              
        6.81365     3.18319e-09              
        6.81489     4.77479e-09              
        6.81611     6.36639e-09              
        6.81733     7.95798e-09              
        6.81855     6.36639e-09              
        6.81977     6.36639e-09              
        6.82099     6.36639e-09              
        6.82221      1.5916e-09              
        6.82343     3.18319e-09              
        6.82465     4.77479e-09              
        6.82587     3.18319e-09              
        6.82709     3.18319e-09              
        6.82831     7.95798e-09              
        6.82953               0              
        6.83075     4.77479e-09              
        6.83197     3.18319e-09              
        6.83319     3.18319e-09              
        6.83441               0              
        6.83563     3.18319e-09              
        6.83685     7.95798e-09              
        6.83807     3.18319e-09              
        6.83929     3.18319e-09              
        6.84051     6.36639e-09              
        6.84173     9.54958e-09              
        6.84295      1.5916e-09              
        6.84417     3.18319e-09              
        6.84539     6.36639e-09              
        6.84661               0              
        6.84783     3.18319e-09              
        6.84906     6.36639e-09              
        6.85029      1.5916e-09              
        6.85151     6.36639e-09              
        6.85273     3.18319e-09              
        6.85395     3.18319e-09              
        6.85517      1.5916e-09              
        6.85639     6.36639e-09              
        6.85761      1.5916e-09              
        6.85883     7.95798e-09              
        6.86005     9.54958e-09              
        6.86127     3.18319e-09              
        6.86249     4.77479e-09              
        6.86371     7.95798e-09              
        6.86493     6.36639e-09              
        6.86615     4.77479e-09              
        6.86738     6.36639e-09              
         6.8686     9.54958e-09              
        6.86982     3.18319e-09              
        6.87104     9.54958e-09              
        6.87226     6.36639e-09              
        6.87348     9.54958e-09              
         6.8747     4.77479e-09              
        6.87591      1.5916e-09              
        6.87713     3.18319e-09              
        6.87835      1.5916e-09              
        6.87957     1.11412e-08              
        6.88079      1.5916e-09              
        6.88201     9.54958e-09              
        6.88323     3.18319e-09              
        6.88446     3.18319e-09              
        6.88568     6.36639e-09              
         6.8869     3.18319e-09              
        6.88812     4.77479e-09              
        6.88934     6.36639e-09              
        6.89056     6.36639e-09              
        6.89178      1.5916e-09              
          6.893      1.5916e-09              
        6.89422      1.5916e-09              
        6.89544     4.77479e-09              
        6.89666     4.77479e-09              
        6.89788     3.18319e-09              
         6.8991     4.77479e-09              
        6.90032     4.77479e-09              
        6.90156     4.77479e-09              
        6.90278      1.5916e-09              
          6.904     3.18319e-09              
        6.90522     3.18319e-09              
        6.90644     6.36639e-09              
        6.90766     4.77479e-09              
        6.90888     3.18319e-09              
         6.9101     6.36639e-09              
        6.91132     9.54958e-09              
        6.91254     3.18319e-09              
        6.91376     4.77479e-09              
        6.91498     6.36639e-09              
         6.9162     4.77479e-09              
        6.91742     1.27328e-08              
        6.91864      1.5916e-09              
        6.91986     4.77479e-09              
        6.92108     6.36639e-09              
         6.9223     6.36639e-09              
        6.92352     6.36639e-09              
        6.92474     1.27328e-08              
        6.92596               0              
        6.92718     4.77479e-09              
         6.9284     4.77479e-09              
        6.92962      1.5916e-09              
        6.93084      1.5916e-09              
        6.93206     1.11412e-08              
        6.93328     6.36639e-09              
         6.9345     7.95798e-09              
        6.93573     7.95798e-09              
        6.93696     4.77479e-09              
        6.93818     4.77479e-09              
         6.9394     3.18319e-09              
        6.94062     4.77479e-09              
        6.94184     3.18319e-09              
        6.94306     9.54958e-09              
        6.94428     6.36639e-09              
         6.9455     4.77479e-09              
        6.94672     6.36639e-09              
        6.94794     1.27328e-08              
        6.94916      1.5916e-09              
        6.95038     4.77479e-09              
         6.9516      1.5916e-09              
        6.95282     4.77479e-09              
        6.95404     3.18319e-09              
        6.95526     4.77479e-09              
        6.95648      1.5916e-09              
         6.9577     1.11412e-08              
        6.95892     9.54958e-09              
        6.96014               0              
        6.96136     1.11412e-08              
        6.96258     9.54958e-09              
         6.9638     9.54958e-09              
        6.96502     4.77479e-09              
        6.96624     7.95798e-09              
        6.96746     7.95798e-09              
        6.96868     1.27328e-08              
         6.9699     6.36639e-09              
        6.97114      1.5916e-09              
        6.97236     4.77479e-09              
        6.97358      1.5916e-09              
         6.9748     9.54958e-09              
        6.97602      1.5916e-09              
        6.97724     6.36639e-09              
        6.97846     7.95798e-09              
        6.97968     1.11412e-08              
         6.9809     6.36639e-09              
        6.98212     6.36639e-09              
        6.98334               0              
        6.98456     4.77479e-09              
        6.98578      1.5916e-09              
          6.987     3.18319e-09              
        6.98822     4.77479e-09              
        6.98944     4.77479e-09              
        6.99066     3.18319e-09              
        6.99188     4.77479e-09              
         6.9931     7.95798e-09              
        6.99432      1.5916e-09              
        6.99554     6.36639e-09              
