        4.99848      1.5916e-09              
         4.9997      1.5916e-08              
        5.00091     1.11412e-08              
        5.00213     3.18319e-09              
        5.00335     9.54958e-09              
        5.00457     1.27328e-08              
        5.00579     4.77479e-09              
        5.00701     7.95798e-09              
        5.00823      1.5916e-09              
        5.00946     6.36639e-09              
        5.01068     3.18319e-09              
         5.0119      1.5916e-09              
        5.01312     9.54958e-09              
        5.01434     6.36639e-09              
        5.01556     7.95798e-09              
        5.01678     4.77479e-09              
          5.018     7.95798e-09              
        5.01922     6.36639e-09              
        5.02044     9.54958e-09              
        5.02166     7.95798e-09              
        5.02288      1.5916e-09              
         5.0241      1.5916e-09              
        5.02532     4.77479e-09              
        5.02656     7.95798e-09              
        5.02778     4.77479e-09              
          5.029     6.36639e-09              
        5.03022     4.77479e-09              
        5.03144     1.11412e-08              
        5.03266     7.95798e-09              
        5.03388     9.54958e-09              
         5.0351     3.18319e-09              
        5.03632     4.77479e-09              
        5.03754     1.75076e-08              
        5.03876               0              
        5.03998     4.77479e-09              
         5.0412     3.18319e-09              
        5.04242     4.77479e-09              
        5.04364     7.95798e-09              
        5.04486      1.5916e-09              
        5.04608     4.77479e-09              
         5.0473     7.95798e-09              
        5.04852     7.95798e-09              
        5.04974     1.43244e-08              
        5.05096     1.11412e-08              
        5.05218     4.77479e-09              
         5.0534     6.36639e-09              
        5.05462     6.36639e-09              
        5.05584     6.36639e-09              
        5.05706     6.36639e-09              
        5.05828               0              
         5.0595     9.54958e-09              
        5.06073     3.18319e-09              
        5.06196     6.36639e-09              
        5.06318     6.36639e-09              
         5.0644     7.95798e-09              
        5.06562     6.36639e-09              
        5.06684     1.27328e-08              
        5.06806     4.77479e-09              
        5.06928     9.54958e-09              
         5.0705     6.36639e-09              
        5.07172     7.95798e-09              
        5.07294     1.43244e-08              
        5.07416     4.77479e-09              
        5.07538      1.5916e-09              
         5.0766     1.11412e-08              
        5.07782     1.43244e-08              
        5.07904               0              
        5.08026     7.95798e-09              
        5.08148     6.36639e-09              
         5.0827     4.77479e-09              
        5.08392     9.54958e-09              
        5.08514               0              
        5.08636     3.18319e-09              
        5.08758     6.36639e-09              
         5.0888     2.22823e-08              
        5.09002     6.36639e-09              
        5.09124     4.77479e-09              
        5.09246     6.36639e-09              
        5.09368     4.77479e-09              
         5.0949     6.36639e-09              
        5.09614     9.54958e-09              
        5.09736     1.27328e-08              
        5.09858     3.18319e-09              
         5.0998     3.18319e-09              
        5.10102      1.5916e-09              
        5.10224     6.36639e-09              
        5.10346     1.11412e-08              
        5.10468     7.95798e-09              
         5.1059     1.27328e-08              
        5.10712     9.54958e-09              
        5.10834     4.77479e-09              
        5.10956     3.18319e-09              
        5.11078     4.77479e-09              
          5.112     6.36639e-09              
        5.11322     3.18319e-09              
        5.11444      1.5916e-09              
        5.11566     1.11412e-08              
        5.11688      1.5916e-09              
         5.1181     9.54958e-09              
        5.11932     7.95798e-09              
        5.12054     4.77479e-09              
        5.12176     6.36639e-09              
        5.12298     7.95798e-09              
         5.1242     3.18319e-09              
        5.12542     1.11412e-08              
        5.12664     1.11412e-08              
        5.12786     4.77479e-09              
        5.12908     4.77479e-09              
        5.13031     1.27328e-08              
        5.13154     6.36639e-09              
        5.13276               0              
        5.13398      1.5916e-09              
         5.1352     7.95798e-09              
        5.13642     6.36639e-09              
        5.13764     6.36639e-09              
        5.13886     6.36639e-09              
        5.14008      1.5916e-09              
         5.1413     7.95798e-09              
        5.14252     3.18319e-09              
        5.14374     7.95798e-09              
        5.14496     3.18319e-09              
        5.14618     1.27328e-08              
         5.1474     1.11412e-08              
        5.14863     7.95798e-09              
        5.14985     9.54958e-09              
        5.15107      1.5916e-09              
        5.15229     3.18319e-09              
        5.15351     4.77479e-09              
        5.15473     6.36639e-09              
        5.15595      1.5916e-09              
        5.15716     3.18319e-09              
        5.15838      1.5916e-09              
         5.1596     1.11412e-08              
        5.16082     4.77479e-09              
        5.16204     6.36639e-09              
        5.16326     7.95798e-09              
        5.16448     7.95798e-09              
        5.16571      1.5916e-08              
        5.16693     7.95798e-09              
        5.16815     6.36639e-09              
        5.16937     7.95798e-09              
        5.17059     9.54958e-09              
        5.17181     7.95798e-09              
        5.17303     9.54958e-09              
        5.17425     4.77479e-09              
        5.17547     1.27328e-08              
        5.17669     3.18319e-09              
        5.17791     6.36639e-09              
        5.17913     1.11412e-08              
        5.18035     4.77479e-09              
        5.18157     6.36639e-09              
        5.18281     4.77479e-09              
        5.18403     1.11412e-08              
        5.18525     3.18319e-09              
        5.18647      1.5916e-08              
        5.18769     1.11412e-08              
        5.18891     1.11412e-08              
        5.19013     7.95798e-09              
        5.19135     4.77479e-09              
        5.19257      1.5916e-09              
        5.19379     9.54958e-09              
        5.19501     6.36639e-09              
        5.19623     3.18319e-09              
        5.19745     4.77479e-09              
        5.19867     4.77479e-09              
        5.19989     7.95798e-09              
        5.20111     7.95798e-09              
        5.20233      1.5916e-09              
        5.20355     9.54958e-09              
        5.20477     4.77479e-09              
        5.20599     9.54958e-09              
        5.20721     4.77479e-09              
        5.20843     7.95798e-09              
        5.20965      1.5916e-09              
        5.21087     6.36639e-09              
        5.21209               0              
        5.21331      1.5916e-09              
        5.21453     3.18319e-09              
        5.21575     4.77479e-09              
        5.21698     6.36639e-09              
        5.21821     6.36639e-09              
        5.21943     7.95798e-09              
        5.22065     7.95798e-09              
        5.22187     3.18319e-09              
        5.22309      1.5916e-09              
        5.22431     7.95798e-09              
        5.22553     4.77479e-09              
        5.22675     1.11412e-08              
        5.22797     6.36639e-09              
        5.22919     3.18319e-09              
        5.23041     7.95798e-09              
        5.23163     4.77479e-09              
        5.23285      1.5916e-09              
        5.23407      1.5916e-09              
        5.23529     3.18319e-09              
        5.23651     1.11412e-08              
        5.23773     7.95798e-09              
        5.23895      1.5916e-09              
        5.24017     4.77479e-09              
        5.24139     1.27328e-08              
        5.24261     3.18319e-09              
        5.24383     7.95798e-09              
        5.24505     3.18319e-09              
        5.24627     4.77479e-09              
        5.24749     9.54958e-09              
        5.24871     1.27328e-08              
        5.24993      1.5916e-09              
        5.25115     1.75076e-08              
        5.25239     6.36639e-09              
        5.25361     6.36639e-09              
        5.25483     7.95798e-09              
        5.25605     3.18319e-09              
        5.25727      1.5916e-09              
        5.25849     1.11412e-08              
        5.25971     4.77479e-09              
        5.26093     7.95798e-09              
        5.26215      1.5916e-09              
        5.26337     4.77479e-09              
        5.26459     9.54958e-09              
        5.26581     6.36639e-09              
        5.26703     6.36639e-09              
        5.26825     3.18319e-09              
        5.26947     9.54958e-09              
        5.27069     6.36639e-09              
        5.27191     7.95798e-09              
        5.27313     9.54958e-09              
        5.27435     3.18319e-09              
        5.27557     9.54958e-09              
        5.27679     3.18319e-09              
        5.27801     6.36639e-09              
        5.27923     7.95798e-09              
        5.28045     6.36639e-09              
        5.28167      1.5916e-09              
        5.28289     7.95798e-09              
        5.28411     7.95798e-09              
        5.28533     6.36639e-09              
        5.28656     3.18319e-09              
        5.28779     6.36639e-09              
        5.28901     7.95798e-09              
        5.29023     9.54958e-09              
        5.29145     9.54958e-09              
        5.29267     3.18319e-09              
        5.29389     6.36639e-09              
        5.29511      1.5916e-09              
        5.29633     6.36639e-09              
        5.29755     1.11412e-08              
        5.29877     4.77479e-09              
        5.29999     3.18319e-09              
        5.30121     3.18319e-09              
        5.30243               0              
        5.30365     9.54958e-09              
        5.30488     3.18319e-09              
         5.3061     3.18319e-09              
        5.30732     4.77479e-09              
        5.30854     1.11412e-08              
        5.30976     6.36639e-09              
        5.31098     4.77479e-09              
         5.3122     9.54958e-09              
        5.31341     6.36639e-09              
        5.31463     9.54958e-09              
        5.31585     7.95798e-09              
        5.31707      1.5916e-09              
        5.31829     7.95798e-09              
        5.31951     3.18319e-09              
        5.32073     3.18319e-09              
        5.32196     4.77479e-09              
        5.32318     9.54958e-09              
         5.3244     4.77479e-09              
        5.32562     3.18319e-09              
        5.32684     3.18319e-09              
        5.32806      1.5916e-09              
        5.32928     1.27328e-08              
         5.3305     6.36639e-09              
        5.33172     6.36639e-09              
        5.33294     6.36639e-09              
        5.33416     3.18319e-09              
        5.33538     6.36639e-09              
         5.3366     7.95798e-09              
        5.33782     3.18319e-09              
        5.33906     3.18319e-09              
        5.34028     4.77479e-09              
         5.3415      1.5916e-09              
        5.34272      1.5916e-09              
        5.34394     4.77479e-09              
        5.34516     7.95798e-09              
        5.34638     7.95798e-09              
         5.3476     9.54958e-09              
        5.34882     6.36639e-09              
        5.35004     3.18319e-09              
        5.35126               0              
        5.35248      1.5916e-09              
         5.3537     4.77479e-09              
        5.35492      1.5916e-09              
        5.35614     6.36639e-09              
        5.35736     9.54958e-09              
        5.35858     1.11412e-08              
         5.3598     3.18319e-09              
        5.36102     6.36639e-09              
        5.36224     3.18319e-09              
        5.36346      1.5916e-09              
        5.36468      1.5916e-09              
         5.3659               0              
        5.36712     4.77479e-09              
        5.36834     1.90992e-08              
        5.36956     4.77479e-09              
        5.37078     4.77479e-09              
          5.372     6.36639e-09              
        5.37323     4.77479e-09              
        5.37446     7.95798e-09              
        5.37568     6.36639e-09              
         5.3769     7.95798e-09              
        5.37812     4.77479e-09              
        5.37934     6.36639e-09              
        5.38056      1.5916e-09              
        5.38178     1.11412e-08              
          5.383     1.11412e-08              
        5.38422     6.36639e-09              
        5.38544     6.36639e-09              
        5.38666     6.36639e-09              
        5.38788               0              
         5.3891     4.77479e-09              
        5.39032     7.95798e-09              
        5.39154     3.18319e-09              
        5.39276     3.18319e-09              
        5.39398     1.27328e-08              
         5.3952      1.5916e-09              
        5.39642     9.54958e-09              
        5.39764     6.36639e-09              
        5.39886     3.18319e-09              
        5.40008     7.95798e-09              
         5.4013      1.5916e-09              
        5.40252      1.5916e-09              
        5.40374     1.11412e-08              
        5.40496     6.36639e-09              
        5.40618     9.54958e-09              
         5.4074     3.18319e-09              
        5.40864     4.77479e-09              
        5.40986     6.36639e-09              
        5.41108     7.95798e-09              
         5.4123     6.36639e-09              
        5.41352     3.18319e-09              
        5.41474     1.11412e-08              
        5.41596     7.95798e-09              
        5.41718      1.5916e-09              
         5.4184     9.54958e-09              
        5.41962     1.11412e-08              
        5.42084     6.36639e-09              
        5.42206     3.18319e-09              
        5.42328     1.11412e-08              
         5.4245     3.18319e-09              
        5.42572     4.77479e-09              
        5.42694     3.18319e-09              
        5.42816      1.5916e-09              
        5.42938     3.18319e-09              
         5.4306     4.77479e-09              
        5.43182     6.36639e-09              
        5.43304     1.43244e-08              
        5.43426     3.18319e-09              
        5.43548     4.77479e-09              
         5.4367     6.36639e-09              
        5.43792     4.77479e-09              
        5.43914      1.5916e-09              
        5.44036     6.36639e-09              
        5.44158     7.95798e-09              
        5.44281     4.77479e-09              
        5.44404     7.95798e-09              
        5.44526      1.5916e-09              
        5.44648     6.36639e-09              
         5.4477     7.95798e-09              
        5.44892     6.36639e-09              
        5.45014     7.95798e-09              
        5.45136     6.36639e-09              
        5.45258     6.36639e-09              
         5.4538      1.5916e-09              
        5.45502     4.77479e-09              
        5.45624     7.95798e-09              
        5.45746     9.54958e-09              
        5.45868     6.36639e-09              
         5.4599      1.5916e-09              
        5.46113      1.5916e-09              
        5.46235     7.95798e-09              
        5.46357     6.36639e-09              
        5.46479     3.18319e-09              
        5.46601     6.36639e-09              
        5.46723     4.77479e-09              
        5.46845     7.95798e-09              
        5.46966               0              
        5.47088               0              
         5.4721     6.36639e-09              
        5.47332      1.5916e-09              
        5.47454     3.18319e-09              
        5.47576      1.5916e-09              
        5.47698     9.54958e-09              
        5.47821     6.36639e-09              
        5.47943     6.36639e-09              
        5.48065     7.95798e-09              
        5.48187     9.54958e-09              
        5.48309     7.95798e-09              
        5.48431     4.77479e-09              
        5.48553     3.18319e-09              
        5.48675     4.77479e-09              
        5.48797     1.11412e-08              
        5.48919     3.18319e-09              
        5.49041     7.95798e-09              
        5.49163     1.11412e-08              
        5.49285      1.5916e-09              
        5.49407     6.36639e-09              
        5.49531     3.18319e-09              
        5.49653     3.18319e-09              
        5.49775     7.95798e-09              
        5.49897     6.36639e-09              
        5.50019     6.36639e-09              
        5.50141      1.5916e-09              
        5.50263     7.95798e-09              
        5.50385     3.18319e-09              
        5.50507     3.18319e-09              
        5.50629               0              
        5.50751     7.95798e-09              
        5.50873     6.36639e-09              
        5.50995     4.77479e-09              
        5.51117     1.27328e-08              
        5.51239     4.77479e-09              
        5.51361     4.77479e-09              
        5.51483     7.95798e-09              
        5.51605     6.36639e-09              
        5.51727     3.18319e-09              
        5.51849     4.77479e-09              
        5.51971     3.18319e-09              
        5.52093     6.36639e-09              
        5.52215     7.95798e-09              
        5.52337     4.77479e-09              
        5.52459     6.36639e-09              
        5.52581     4.77479e-09              
        5.52703     1.11412e-08              
        5.52825     3.18319e-09              
        5.52948     3.18319e-09              
        5.53071     3.18319e-09              
        5.53193     6.36639e-09              
        5.53315     4.77479e-09              
        5.53437     1.11412e-08              
        5.53559     4.77479e-09              
        5.53681     9.54958e-09              
        5.53803     9.54958e-09              
        5.53925     9.54958e-09              
        5.54047     3.18319e-09              
        5.54169     4.77479e-09              
        5.54291     7.95798e-09              
        5.54413     7.95798e-09              
        5.54535     6.36639e-09              
        5.54657     9.54958e-09              
        5.54779     6.36639e-09              
        5.54901     6.36639e-09              
        5.55023     4.77479e-09              
        5.55145      1.5916e-09              
        5.55267     9.54958e-09              
        5.55389     7.95798e-09              
        5.55511     6.36639e-09              
        5.55633     7.95798e-09              
        5.55755     9.54958e-09              
        5.55877     4.77479e-09              
        5.55999     4.77479e-09              
        5.56121     9.54958e-09              
        5.56243     4.77479e-09              
        5.56365     4.77479e-09              
        5.56489      1.5916e-09              
        5.56611     3.18319e-09              
        5.56733     7.95798e-09              
        5.56855     3.18319e-09              
        5.56977     7.95798e-09              
        5.57099     4.77479e-09              
        5.57221     3.18319e-09              
        5.57343     6.36639e-09              
        5.57465     6.36639e-09              
        5.57587     3.18319e-09              
        5.57709     7.95798e-09              
        5.57831      1.5916e-09              
        5.57953     1.43244e-08              
        5.58075     6.36639e-09              
        5.58197      1.5916e-09              
        5.58319     9.54958e-09              
        5.58441     9.54958e-09              
        5.58563     4.77479e-09              
        5.58685     6.36639e-09              
        5.58807     9.54958e-09              
        5.58929     9.54958e-09              
        5.59051     6.36639e-09              
        5.59173     4.77479e-09              
        5.59295     3.18319e-09              
        5.59417     3.18319e-09              
        5.59539     4.77479e-09              
        5.59661     9.54958e-09              
        5.59783     4.77479e-09              
        5.59906     7.95798e-09              
        5.60029     6.36639e-09              
        5.60151     4.77479e-09              
        5.60273     7.95798e-09              
        5.60395     9.54958e-09              
        5.60517     6.36639e-09              
        5.60639     4.77479e-09              
        5.60761     6.36639e-09              
        5.60883     3.18319e-09              
        5.61005     7.95798e-09              
        5.61127     6.36639e-09              
        5.61249      1.5916e-09              
        5.61371     4.77479e-09              
        5.61493     3.18319e-09              
        5.61615      1.5916e-09              
        5.61738     6.36639e-09              
         5.6186     4.77479e-09              
        5.61982     1.27328e-08              
        5.62104     1.11412e-08              
        5.62226     7.95798e-09              
        5.62348     6.36639e-09              
         5.6247     6.36639e-09              
        5.62591     3.18319e-09              
        5.62713      1.5916e-09              
        5.62835      1.5916e-09              
        5.62957     4.77479e-09              
        5.63079     7.95798e-09              
        5.63201     4.77479e-09              
        5.63323     3.18319e-09              
        5.63446     3.18319e-09              
        5.63568     6.36639e-09              
         5.6369     6.36639e-09              
        5.63812     7.95798e-09              
        5.63934     7.95798e-09              
        5.64056     4.77479e-09              
        5.64178     7.95798e-09              
          5.643     7.95798e-09              
        5.64422     6.36639e-09              
        5.64544      1.5916e-09              
        5.64666     6.36639e-09              
        5.64788     4.77479e-09              
         5.6491     1.11412e-08              
        5.65032     9.54958e-09              
        5.65156     7.95798e-09              
        5.65278     3.18319e-09              
          5.654      1.5916e-09              
        5.65522               0              
        5.65644     7.95798e-09              
        5.65766     3.18319e-09              
        5.65888     6.36639e-09              
         5.6601     3.18319e-09              
        5.66132     3.18319e-09              
        5.66254      1.5916e-09              
        5.66376     6.36639e-09              
        5.66498     6.36639e-09              
         5.6662     1.11412e-08              
        5.66742     1.11412e-08              
        5.66864     6.36639e-09              
        5.66986     3.18319e-09              
        5.67108     4.77479e-09              
         5.6723     6.36639e-09              
        5.67352     4.77479e-09              
        5.67474     7.95798e-09              
        5.67596     3.18319e-09              
        5.67718     4.77479e-09              
         5.6784               0              
        5.67962     4.77479e-09              
        5.68084     3.18319e-09              
        5.68206     9.54958e-09              
        5.68328     3.18319e-09              
         5.6845     4.77479e-09              
        5.68573     6.36639e-09              
        5.68696     6.36639e-09              
        5.68818     7.95798e-09              
         5.6894     1.11412e-08              
        5.69062     1.11412e-08              
        5.69184     9.54958e-09              
        5.69306     7.95798e-09              
        5.69428     1.11412e-08              
         5.6955      1.5916e-09              
        5.69672               0              
        5.69794     3.18319e-09              
        5.69916     3.18319e-09              
        5.70038     3.18319e-09              
         5.7016     4.77479e-09              
        5.70282     1.11412e-08              
        5.70404     3.18319e-09              
        5.70526     7.95798e-09              
        5.70648     6.36639e-09              
         5.7077     6.36639e-09              
        5.70892     9.54958e-09              
        5.71014     4.77479e-09              
        5.71136     7.95798e-09              
        5.71258      1.5916e-09              
         5.7138     4.77479e-09              
        5.71502     6.36639e-09              
        5.71624     3.18319e-09              
        5.71746     3.18319e-09              
        5.71868     7.95798e-09              
         5.7199      1.5916e-09              
        5.72114     4.77479e-09              
        5.72236      1.5916e-09              
        5.72358     3.18319e-09              
         5.7248     4.77479e-09              
        5.72602     4.77479e-09              
        5.72724     4.77479e-09              
        5.72846               0              
        5.72968     1.11412e-08              
         5.7309     7.95798e-09              
        5.73212     6.36639e-09              
        5.73334      1.5916e-09              
        5.73456      1.5916e-09              
        5.73578      1.5916e-09              
          5.737     7.95798e-09              
        5.73822     9.54958e-09              
        5.73944     7.95798e-09              
        5.74066     6.36639e-09              
        5.74188               0              
         5.7431     6.36639e-09              
        5.74432     9.54958e-09              
        5.74554     9.54958e-09              
        5.74676     6.36639e-09              
        5.74798     6.36639e-09              
         5.7492     7.95798e-09              
        5.75042     4.77479e-09              
        5.75164     6.36639e-09              
        5.75286     6.36639e-09              
        5.75408      1.5916e-09              
        5.75531     3.18319e-09              
        5.75654     6.36639e-09              
        5.75776     1.43244e-08              
        5.75898     3.18319e-09              
         5.7602     4.77479e-09              
        5.76142     4.77479e-09              
        5.76264     6.36639e-09              
        5.76386     6.36639e-09              
        5.76508     7.95798e-09              
         5.7663     7.95798e-09              
        5.76752     3.18319e-09              
        5.76874     3.18319e-09              
        5.76996      1.5916e-08              
        5.77118     4.77479e-09              
         5.7724     4.77479e-09              
        5.77363     6.36639e-09              
        5.77485     3.18319e-09              
        5.77607     4.77479e-09              
        5.77729     3.18319e-09              
        5.77851     4.77479e-09              
        5.77973     9.54958e-09              
        5.78095     6.36639e-09              
        5.78216               0              
        5.78338     3.18319e-09              
         5.7846     1.11412e-08              
        5.78582     6.36639e-09              
        5.78704     6.36639e-09              
        5.78826     3.18319e-09              
        5.78948     7.95798e-09              
        5.79071     6.36639e-09              
        5.79193     7.95798e-09              
        5.79315     4.77479e-09              
        5.79437     7.95798e-09              
        5.79559     1.11412e-08              
        5.79681     7.95798e-09              
        5.79803     6.36639e-09              
        5.79925     6.36639e-09              
        5.80047     1.43244e-08              
        5.80169     7.95798e-09              
        5.80291     7.95798e-09              
        5.80413     4.77479e-09              
        5.80535     3.18319e-09              
        5.80657      1.5916e-09              
        5.80781     6.36639e-09              
        5.80903     9.54958e-09              
        5.81025               0              
        5.81147     4.77479e-09              
        5.81269     6.36639e-09              
        5.81391     7.95798e-09              
        5.81513     4.77479e-09              
        5.81635     7.95798e-09              
        5.81757     7.95798e-09              
        5.81879     7.95798e-09              
        5.82001     7.95798e-09              
        5.82123     4.77479e-09              
        5.82245     6.36639e-09              
        5.82367     4.77479e-09              
        5.82489     6.36639e-09              
        5.82611     4.77479e-09              
        5.82733     1.11412e-08              
        5.82855      1.5916e-09              
        5.82977     3.18319e-09              
        5.83099     3.18319e-09              
        5.83221     3.18319e-09              
        5.83343     6.36639e-09              
        5.83465     4.77479e-09              
        5.83587     4.77479e-09              
        5.83709     3.18319e-09              
        5.83831     9.54958e-09              
        5.83953     9.54958e-09              
        5.84075     3.18319e-09              
        5.84198     6.36639e-09              
        5.84321     3.18319e-09              
        5.84443     4.77479e-09              
        5.84565     6.36639e-09              
        5.84687     3.18319e-09              
        5.84809     7.95798e-09              
        5.84931     6.36639e-09              
        5.85053     6.36639e-09              
        5.85175     6.36639e-09              
        5.85297     4.77479e-09              
        5.85419               0              
        5.85541     3.18319e-09              
        5.85663     7.95798e-09              
        5.85785     1.11412e-08              
        5.85907     9.54958e-09              
        5.86029     4.77479e-09              
        5.86151     9.54958e-09              
        5.86273     7.95798e-09              
        5.86395     3.18319e-09              
        5.86517     7.95798e-09              
        5.86639     4.77479e-09              
        5.86761     4.77479e-09              
        5.86883     3.18319e-09              
        5.87005     7.95798e-09              
        5.87127     7.95798e-09              
        5.87249     3.18319e-09              
        5.87371     7.95798e-09              
        5.87493     3.18319e-09              
        5.87615     7.95798e-09              
        5.87739     6.36639e-09              
        5.87861     3.18319e-09              
        5.87983     7.95798e-09              
        5.88105     4.77479e-09              
        5.88227     7.95798e-09              
        5.88349     6.36639e-09              
        5.88471     4.77479e-09              
        5.88593     3.18319e-09              
        5.88715     3.18319e-09              
        5.88837               0              
        5.88959     3.18319e-09              
        5.89081     3.18319e-09              
        5.89203     4.77479e-09              
        5.89325     1.27328e-08              
        5.89447      1.5916e-09              
        5.89569     9.54958e-09              
        5.89691     6.36639e-09              
        5.89813     9.54958e-09              
        5.89935     9.54958e-09              
        5.90057     3.18319e-09              
        5.90179     3.18319e-09              
        5.90301     6.36639e-09              
        5.90423     4.77479e-09              
        5.90545      1.5916e-08              
        5.90667     6.36639e-09              
        5.90789     4.77479e-09              
        5.90911     7.95798e-09              
        5.91033     4.77479e-09              
        5.91156     1.11412e-08              
        5.91279     6.36639e-09              
        5.91401     4.77479e-09              
        5.91523     6.36639e-09              
        5.91645     6.36639e-09              
        5.91767      1.5916e-09              
        5.91889     7.95798e-09              
        5.92011     1.43244e-08              
        5.92133     7.95798e-09              
        5.92255     4.77479e-09              
        5.92377     4.77479e-09              
        5.92499      1.5916e-09              
        5.92621     7.95798e-09              
        5.92743     1.11412e-08              
        5.92865     3.18319e-09              
        5.92988     3.18319e-09              
         5.9311     7.95798e-09              
        5.93232     4.77479e-09              
        5.93354     7.95798e-09              
        5.93476     3.18319e-09              
        5.93598     9.54958e-09              
         5.9372     3.18319e-09              
        5.93841     7.95798e-09              
        5.93963     4.77479e-09              
        5.94085     3.18319e-09              
        5.94207     6.36639e-09              
        5.94329     6.36639e-09              
        5.94451     9.54958e-09              
        5.94573     1.11412e-08              
        5.94696     9.54958e-09              
        5.94818     3.18319e-09              
         5.9494     3.18319e-09              
        5.95062     9.54958e-09              
        5.95184     6.36639e-09              
        5.95306     6.36639e-09              
        5.95428     3.18319e-09              
         5.9555     3.18319e-09              
        5.95672     6.36639e-09              
        5.95794     4.77479e-09              
        5.95916     6.36639e-09              
        5.96038     6.36639e-09              
         5.9616     3.18319e-09              
        5.96282      1.5916e-09              
        5.96406      1.5916e-09              
        5.96528     6.36639e-09              
         5.9665     3.18319e-09              
        5.96772     4.77479e-09              
        5.96894     4.77479e-09              
        5.97016     3.18319e-09              
        5.97138     6.36639e-09              
         5.9726      1.5916e-09              
        5.97382     3.18319e-09              
        5.97504     4.77479e-09              
        5.97626     3.18319e-09              
        5.97748     7.95798e-09              
         5.9787     3.18319e-09              
        5.97992     3.18319e-09              
        5.98114     6.36639e-09              
        5.98236      1.5916e-09              
        5.98358      1.5916e-09              
         5.9848     6.36639e-09              
        5.98602     3.18319e-09              
        5.98724     6.36639e-09              
        5.98846     7.95798e-09              
        5.98968     4.77479e-09              
         5.9909     4.77479e-09              
        5.99212     7.95798e-09              
        5.99334     3.18319e-09              
        5.99456     6.36639e-09              
        5.99578     6.36639e-09              
          5.997     3.18319e-09              
