              0      1.5916e-08              
    0.000915526     1.27328e-08              
     0.00213623     3.18319e-09              
     0.00335694               0              
     0.00457764     3.18319e-09              
     0.00579834     6.36639e-09              
     0.00701904               0              
     0.00823974      1.5916e-09              
     0.00946044               0              
      0.0106812     9.54958e-09              
      0.0119019     6.36639e-09              
      0.0131226     3.18319e-09              
      0.0143433     3.18319e-09              
       0.015564     9.54958e-09              
      0.0167846     1.63934e-07              
      0.0180053     2.40331e-07              
      0.0192261     2.48289e-07              
      0.0204468     2.08499e-07              
      0.0216675     2.21232e-07              
      0.0228882     2.08499e-07              
      0.0241089     2.06908e-07              
      0.0253296     2.53064e-07              
      0.0265503     2.80121e-07              
       0.027771     3.16728e-07              
      0.0289917     4.36097e-07              
      0.0302124     4.80662e-07              
      0.0314331     6.95528e-07              
      0.0326538     7.86249e-07              
      0.0338745     8.99252e-07              
      0.0350952      1.1364e-06              
      0.0363159     1.27964e-06              
      0.0375366      1.4006e-06              
      0.0387573     1.55976e-06              
      0.0399781     1.56454e-06              
      0.0411988     1.81283e-06              
      0.0424194     1.80965e-06              
      0.0436402     1.92901e-06              
      0.0448608     1.95926e-06              
      0.0460815     1.95607e-06              
      0.0473023     2.04838e-06              
      0.0485229     2.05953e-06              
      0.0497437     2.10727e-06              
      0.0509644     2.13592e-06              
       0.052185     2.15025e-06              
      0.0534058     2.19959e-06              
      0.0546265     2.10091e-06              
      0.0558471     2.09613e-06              
      0.0570679     2.13911e-06              
      0.0582886     2.16298e-06              
      0.0595093      2.1407e-06              
        0.06073     2.02769e-06              
      0.0619507     2.06589e-06              
      0.0631714     2.06748e-06              
      0.0643921      2.0261e-06              
      0.0656128      2.0834e-06              
      0.0668335     2.08977e-06              
      0.0680542     2.05793e-06              
      0.0692749     1.87013e-06              
      0.0704956     1.88763e-06              
      0.0717163     1.94652e-06              
       0.072937     1.96562e-06              
      0.0741577     1.85103e-06              
      0.0753784     1.92424e-06              
      0.0765991     1.90832e-06              
      0.0778198     1.80965e-06              
      0.0790406       1.781e-06              
      0.0802613     1.73325e-06              
      0.0814819     1.74916e-06              
      0.0827027     1.71892e-06              
      0.0839234     1.82238e-06              
       0.085144     1.78259e-06              
      0.0863647     1.76667e-06              
      0.0875855     1.69982e-06              
      0.0888062     1.71415e-06              
      0.0900268      1.7619e-06              
      0.0912476     1.78736e-06              
      0.0924683     1.72688e-06              
      0.0936889     1.71415e-06              
      0.0949096     1.66481e-06              
      0.0961304     1.63775e-06              
       0.097351     1.70301e-06              
      0.0985718     1.59637e-06              
      0.0997927     1.62979e-06              
       0.101013     1.55499e-06              
       0.102234     1.53589e-06              
       0.103455      1.6282e-06              
       0.104675     1.52316e-06              
       0.105896     1.59319e-06              
       0.107117     1.56295e-06              
       0.108338     1.51202e-06              
       0.109558     1.41175e-06              
       0.110779     1.52316e-06              
          0.112     1.38787e-06              
        0.11322     1.51679e-06              
       0.114441     1.46586e-06              
       0.115662     1.51042e-06              
       0.116883      1.4022e-06              
       0.118103      1.4213e-06              
       0.119324     1.31307e-06              
       0.120544     1.26214e-06              
       0.121765     1.39583e-06              
       0.122986     1.36241e-06              
       0.124206     1.28919e-06              
       0.125427      1.2685e-06              
       0.126648     1.23508e-06              
       0.127868     1.27328e-06              
        0.12909     1.20802e-06              
        0.13031      1.2494e-06              
       0.131531     1.23349e-06              
       0.132752     1.20484e-06              
       0.133972     1.20643e-06              
       0.135193     1.19688e-06              
       0.136414     1.21439e-06              
       0.137634     1.20484e-06              
       0.138855     1.17301e-06              
       0.140076     1.10298e-06              
       0.141296     1.13322e-06              
       0.142517     1.09661e-06              
       0.143738     1.06796e-06              
       0.144958     1.10457e-06              
       0.146179     1.17141e-06              
         0.1474     1.08706e-06              
        0.14862     1.03772e-06              
       0.149841     1.03772e-06              
       0.151062      9.8679e-07              
       0.152283     9.88381e-07              
       0.153504     9.53366e-07              
       0.154724     9.88381e-07              
       0.155945     1.01226e-06              
       0.157166     9.75649e-07              
       0.158386     9.64507e-07              
       0.159607     9.72465e-07              
       0.160828     9.82015e-07              
       0.162048     8.81744e-07              
       0.163269     8.69012e-07              
        0.16449     8.61054e-07              
        0.16571     8.56279e-07              
       0.166931     8.35588e-07              
       0.168152     8.51504e-07              
       0.169372     7.89432e-07              
       0.170593     8.14897e-07              
       0.171814      8.5787e-07              
       0.173034     8.43546e-07              
       0.174256     8.14897e-07              
       0.175476     8.86519e-07              
       0.176697     8.53096e-07              
       0.177918     8.11714e-07              
       0.179138     8.35588e-07              
       0.180359     7.73516e-07              
        0.18158     7.56008e-07              
         0.1828       7.576e-07              
       0.184021      7.9739e-07              
       0.185242     7.65558e-07              
       0.186462     8.03756e-07              
       0.187683     6.76428e-07              
       0.188904     6.81203e-07              
       0.190124      7.0826e-07              
       0.191345     7.06669e-07              
       0.192566     7.00302e-07              
       0.193786     6.52555e-07              
       0.195007      7.1781e-07              
       0.196228     6.58921e-07              
       0.197449     6.31864e-07              
       0.198669     6.58921e-07              
        0.19989     6.62104e-07              
       0.201111     6.57329e-07              
       0.202331      6.6847e-07              
       0.203552     6.44597e-07              
       0.204773     5.82524e-07              
       0.205993     6.62104e-07              
       0.207215     6.46188e-07              
       0.208435     5.93665e-07              
       0.209656     6.19131e-07              
       0.210877     6.28681e-07              
       0.212097     6.25497e-07              
       0.213318     6.41413e-07              
       0.214539     6.41413e-07              
       0.215759     6.98711e-07              
        0.21698     5.82524e-07              
       0.218201     5.55467e-07              
       0.219421     5.50692e-07              
       0.220642     5.71383e-07              
       0.221863      4.9817e-07              
       0.223083     4.93395e-07              
       0.224304     5.93665e-07              
       0.225525     5.17269e-07              
       0.226745     5.39551e-07              
       0.227966     5.04536e-07              
       0.229187     5.77749e-07              
       0.230408     5.44326e-07              
       0.231629     5.39551e-07              
       0.232849     5.12494e-07              
        0.23407     5.36368e-07              
       0.235291     4.82254e-07              
       0.236511     4.61563e-07              
       0.237732     4.74296e-07              
       0.238953     4.61563e-07              
       0.240173     4.64746e-07              
       0.241394     5.10902e-07              
       0.242615     4.82254e-07              
       0.243835     5.20452e-07              
       0.245056     4.75887e-07              
       0.246277     4.37689e-07              
       0.247497     5.01353e-07              
       0.248718      4.8862e-07              
       0.249939     4.87028e-07              
       0.251159     4.71113e-07              
       0.252381     5.15677e-07              
       0.253601     4.99761e-07              
       0.254822     3.77208e-07              
       0.256043      4.4883e-07              
       0.257263      4.5838e-07              
       0.258484     4.20181e-07              
       0.259705     4.40872e-07              
       0.260925     4.34506e-07              
       0.262146     4.04265e-07              
       0.263367     4.29731e-07              
       0.264587     4.32914e-07              
       0.265808     3.61292e-07              
       0.267029     4.10632e-07              
        0.26825     3.67659e-07              
        0.26947     4.05857e-07              
       0.270691     3.61292e-07              
       0.271911     3.58109e-07              
       0.273133     4.34506e-07              
       0.274353     3.34235e-07              
       0.275574       3.788e-07              
       0.276794     3.26277e-07              
       0.278015     3.70842e-07              
       0.279236     3.42193e-07              
       0.280456     3.61292e-07              
       0.281677     3.32644e-07              
       0.282898     3.86758e-07              
       0.284118     4.44055e-07              
       0.285339     3.23094e-07              
        0.28656     3.74025e-07              
       0.287781     3.18319e-07              
       0.289002     3.45376e-07              
       0.290222     3.26277e-07              
       0.291443     3.21502e-07              
       0.292663     2.97629e-07              
       0.293884     3.45376e-07              
       0.295105      3.3901e-07              
       0.296326     3.53334e-07              
       0.297546     3.24686e-07              
       0.298767      3.2946e-07              
       0.299988     3.24686e-07              
       0.301208     3.05587e-07              
       0.302429     2.76938e-07              
        0.30365     3.13544e-07              
        0.30487     3.24686e-07              
       0.306091     2.86487e-07              
       0.307312     3.10361e-07              
       0.308533     2.97629e-07              
       0.309754     3.10361e-07              
       0.310974     2.53064e-07              
       0.312195     2.97629e-07              
       0.313416      3.0877e-07              
       0.314636     2.96037e-07              
       0.315857     2.83304e-07              
       0.317078     2.86487e-07              
       0.318299     3.02403e-07              
       0.319519     2.73755e-07              
        0.32074     2.73755e-07              
        0.32196     3.31052e-07              
       0.323181     3.19911e-07              
       0.324402     2.81713e-07              
       0.325623     2.51472e-07              
       0.326843     2.40331e-07              
       0.328064     2.37148e-07              
       0.329284     3.24686e-07              
       0.330506     2.57839e-07              
       0.331726     2.92854e-07              
       0.332947     2.48289e-07              
       0.334168     2.61022e-07              
       0.335388     2.65797e-07              
       0.336609     2.51472e-07              
        0.33783     2.35556e-07              
        0.33905     2.84896e-07              
       0.340271     2.51472e-07              
       0.341492     2.57839e-07              
       0.342712     2.24415e-07              
       0.343933     2.54655e-07              
       0.345154     2.88079e-07              
       0.346375     2.33965e-07              
       0.347595     2.67388e-07              
       0.348816     2.16457e-07              
       0.350036     2.22823e-07              
       0.351257      2.1964e-07              
       0.352478     3.02403e-07              
       0.353699     2.08499e-07              
       0.354919     2.05316e-07              
        0.35614     2.24415e-07              
       0.357361     2.18049e-07              
       0.358581     2.03724e-07              
       0.359802      2.2919e-07              
       0.361023     2.43514e-07              
       0.362243     1.95766e-07              
       0.363464     2.32373e-07              
       0.364685     2.13274e-07              
       0.365906     2.26007e-07              
       0.367127      2.2919e-07              
       0.368347     2.06908e-07              
       0.369568     1.97358e-07              
       0.370788      2.2919e-07              
       0.372009     2.10091e-07              
        0.37323     1.94175e-07              
       0.374451     1.97358e-07              
       0.375671     2.08499e-07              
       0.376892     2.26007e-07              
       0.378113     2.24415e-07              
       0.379333      1.7985e-07              
       0.380554     1.97358e-07              
       0.381775     2.11682e-07              
       0.382995     2.00541e-07              
       0.384216     1.94175e-07              
       0.385437     1.63934e-07              
       0.386658     1.70301e-07              
       0.387879     1.81442e-07              
       0.389099     1.70301e-07              
        0.39032     1.84625e-07              
       0.391541      2.1964e-07              
       0.392761     2.41923e-07              
       0.393982      1.9895e-07              
       0.395203     2.06908e-07              
       0.396424     1.95766e-07              
       0.397644     1.92583e-07              
       0.398865     2.02133e-07              
       0.400085     1.86217e-07              
       0.401306     1.95766e-07              
       0.402527     1.97358e-07              
       0.403748     2.05316e-07              
       0.404968     1.70301e-07              
       0.406189     2.30781e-07              
       0.407409     2.11682e-07              
       0.408631     1.62343e-07              
       0.409851     1.75076e-07              
       0.411072     1.70301e-07              
       0.412293     1.76667e-07              
       0.413513     1.48018e-07              
       0.414734     1.83034e-07              
       0.415955     1.76667e-07              
       0.417175     1.67118e-07              
       0.418396     1.62343e-07              
       0.419617     1.71892e-07              
       0.420837      1.9895e-07              
       0.422058      1.7985e-07              
       0.423279     1.52793e-07              
         0.4245     1.71892e-07              
        0.42572     1.71892e-07              
       0.426941     1.44835e-07              
       0.428161     1.46427e-07              
       0.429383     1.84625e-07              
       0.430603     1.73484e-07              
       0.431824     1.52793e-07              
       0.433044     1.75076e-07              
       0.434265     1.63934e-07              
       0.435486     1.68709e-07              
       0.436706     1.65526e-07              
       0.437927     1.32102e-07              
       0.439148     1.51202e-07              
       0.440368     1.54385e-07              
       0.441589     1.48018e-07              
        0.44281     1.75076e-07              
       0.444031      1.4961e-07              
       0.445252     1.63934e-07              
       0.446472     1.46427e-07              
       0.447693     1.68709e-07              
       0.448913     1.62343e-07              
       0.450134     1.65526e-07              
       0.451355     1.70301e-07              
       0.452576     1.57568e-07              
       0.453796     1.60751e-07              
       0.455017     1.54385e-07              
       0.456238     1.48018e-07              
       0.457458     1.75076e-07              
       0.458679     1.44835e-07              
         0.4599     1.24145e-07              
        0.46112     1.76667e-07              
       0.462341     1.68709e-07              
       0.463562     1.65526e-07              
       0.464783     1.57568e-07              
       0.466004     1.67118e-07              
       0.467224      1.9895e-07              
       0.468445     1.44835e-07              
       0.469666     1.63934e-07              
       0.470886     1.55976e-07              
       0.472107      1.4961e-07              
       0.473328     1.52793e-07              
       0.474549     1.48018e-07              
       0.475769     1.35286e-07              
        0.47699     1.60751e-07              
        0.47821     1.41652e-07              
       0.479431     1.35286e-07              
       0.480652     1.30511e-07              
       0.481873     1.43244e-07              
       0.483093     1.27328e-07              
       0.484314     1.46427e-07              
       0.485534     1.32102e-07              
       0.486756     1.35286e-07              
       0.487976     1.38469e-07              
       0.489197     1.57568e-07              
       0.490418     1.87808e-07              
       0.491638     1.25736e-07              
       0.492859     1.52793e-07              
        0.49408     1.35286e-07              
         0.4953      1.4006e-07              
       0.496521     1.51202e-07              
       0.497742     1.25736e-07              
       0.498962     1.54385e-07              
       0.500183     1.41652e-07              
       0.501404     9.23126e-08              
       0.502625     1.36877e-07              
       0.503845     1.33694e-07              
       0.505066     1.33694e-07              
       0.506287      1.4961e-07              
       0.507507     1.00271e-07              
       0.508728     1.24145e-07              
       0.509949     1.01862e-07              
        0.51117     6.02738e-06              
        0.51239     1.38469e-07              
       0.513611     1.08229e-07              
       0.514831      9.8679e-08              
       0.516052     8.11714e-08              
       0.517273      9.8679e-08              
       0.518493     1.00271e-07              
       0.519715     9.54958e-08              
       0.520935     1.22553e-07              
       0.522156     9.70874e-08              
       0.523376     8.75378e-08              
       0.524597     8.91294e-08              
       0.525818      1.1937e-07              
       0.527038     1.08229e-07              
       0.528259     1.25736e-07              
        0.52948     1.22553e-07              
       0.530701     9.39042e-08              
       0.531921     1.17778e-07              
       0.533142     9.54958e-08              
       0.534363      1.0982e-07              
       0.535583      8.2763e-08              
       0.536804     1.05045e-07              
       0.538025      9.8679e-08              
       0.539246      7.4805e-08              
       0.540466     9.39042e-08              
       0.541687     9.39042e-08              
       0.542908     1.01862e-07              
       0.544129      9.8679e-08              
       0.545349      9.8679e-08              
        0.54657     1.03454e-07              
       0.547791      9.8679e-08              
       0.549011     1.00271e-07              
       0.550232     1.01862e-07              
       0.551453     1.01862e-07              
       0.552674     8.43546e-08              
       0.553894     1.05045e-07              
       0.555115     1.06637e-07              
       0.556336     1.06637e-07              
       0.557556     9.39042e-08              
       0.558777     9.54958e-08              
       0.559997     1.03454e-07              
       0.561218     1.57568e-07              
       0.562439     1.54385e-07              
       0.563659     1.01862e-07              
       0.564881     1.00271e-07              
       0.566101     1.05045e-07              
       0.567322     9.54958e-08              
       0.568542     7.63966e-08              
       0.569763     7.95798e-08              
       0.570984     9.39042e-08              
       0.572205     1.06637e-07              
       0.573425      8.2763e-08              
       0.574646      1.0982e-07              
       0.575867     8.43546e-08              
       0.577087     7.16218e-08              
       0.578308     1.01862e-07              
       0.579529     1.08229e-07              
        0.58075      8.2763e-08              
        0.58197      9.0721e-08              
       0.583191     7.63966e-08              
       0.584412     7.79882e-08              
       0.585633     9.54958e-08              
       0.586853     8.43546e-08              
       0.588074     9.39042e-08              
       0.589295     9.70874e-08              
       0.590515     7.32134e-08              
       0.591736     1.08229e-07              
       0.592956     7.95798e-08              
       0.594177     7.00302e-08              
       0.595398     8.75378e-08              
       0.596618     8.11714e-08              
        0.59784     5.88891e-08              
        0.59906     7.95798e-08              
       0.600281     6.36639e-08              
       0.601501     8.75378e-08              
       0.602722     7.63966e-08              
       0.603943     9.54958e-08              
       0.605163     8.59462e-08              
       0.606384     6.52555e-08              
       0.607605     9.39042e-08              
       0.608826     7.95798e-08              
       0.610046     1.05045e-07              
       0.611267     7.95798e-08              
       0.612488     8.59462e-08              
       0.613708     8.43546e-08              
       0.614929     7.16218e-08              
        0.61615     9.23126e-08              
       0.617371      7.4805e-08              
       0.618591     7.95798e-08              
       0.619812     8.43546e-08              
       0.621033     7.00302e-08              
       0.622254     8.59462e-08              
       0.623474     7.32134e-08              
       0.624695      9.0721e-08              
       0.625916     6.52555e-08              
       0.627136     9.23126e-08              
       0.628357     7.16218e-08              
       0.629578      6.6847e-08              
       0.630799     6.52555e-08              
       0.632019      9.0721e-08              
        0.63324     6.84386e-08              
       0.634461     9.39042e-08              
       0.635681     7.95798e-08              
       0.636902     7.00302e-08              
       0.638122     6.84386e-08              
       0.639343     7.00302e-08              
       0.640564      8.2763e-08              
       0.641784      8.2763e-08              
       0.643006     8.11714e-08              
       0.644226     9.23126e-08              
       0.645447      7.4805e-08              
       0.646667     7.63966e-08              
       0.647888     7.16218e-08              
       0.649109     6.52555e-08              
        0.65033      6.6847e-08              
        0.65155     6.20723e-08              
       0.652771     6.20723e-08              
       0.653992     6.36639e-08              
       0.655212     8.59462e-08              
       0.656433     8.91294e-08              
       0.657654      6.6847e-08              
       0.658875      6.6847e-08              
       0.660095     5.72975e-08              
       0.661316     7.79882e-08              
       0.662537     7.16218e-08              
       0.663757      8.2763e-08              
       0.664978     8.59462e-08              
       0.666199     7.79882e-08              
        0.66742     8.43546e-08              
        0.66864     7.63966e-08              
       0.669861     6.20723e-08              
       0.671081      9.0721e-08              
       0.672302     7.63966e-08              
       0.673523      8.2763e-08              
       0.674743     8.11714e-08              
       0.675965      9.0721e-08              
       0.677185     7.32134e-08              
       0.678406     8.11714e-08              
       0.679626     7.79882e-08              
       0.680847      7.4805e-08              
       0.682068     7.63966e-08              
       0.683288     5.25227e-08              
       0.684509     7.95798e-08              
        0.68573     7.00302e-08              
       0.686951     7.79882e-08              
       0.688171     7.95798e-08              
       0.689392     6.52555e-08              
       0.690613     6.04807e-08              
       0.691833     5.88891e-08              
       0.693054     8.11714e-08              
       0.694275     8.11714e-08              
       0.695496     5.09311e-08              
       0.696716     7.79882e-08              
       0.697937     7.16218e-08              
       0.699158     4.93395e-08              
       0.700379     6.20723e-08              
       0.701599     7.32134e-08              
        0.70282     7.63966e-08              
       0.704041     6.36639e-08              
       0.705261     4.45647e-08              
       0.706482     6.52555e-08              
       0.707703     1.11412e-07              
       0.708924     5.72975e-08              
       0.710144     5.57059e-08              
       0.711365     6.36639e-08              
       0.712586     5.09311e-08              
       0.713806     5.72975e-08              
       0.715027      7.4805e-08              
       0.716247     7.32134e-08              
       0.717468      6.6847e-08              
       0.718689     5.88891e-08              
       0.719909     6.20723e-08              
       0.721131     5.88891e-08              
       0.722351     5.41143e-08              
       0.723572     5.41143e-08              
       0.724792     6.84386e-08              
       0.726013     6.04807e-08              
       0.727234     8.59462e-08              
       0.728455      6.6847e-08              
       0.729675     5.72975e-08              
       0.730896     5.09311e-08              
       0.732117     6.36639e-08              
       0.733337     4.61563e-08              
       0.734558      7.4805e-08              
       0.735779     3.97899e-08              
          0.737     5.25227e-08              
        0.73822     7.79882e-08              
       0.739441     6.84386e-08              
       0.740662     4.93395e-08              
       0.741883      7.4805e-08              
       0.743103     5.25227e-08              
       0.744324     4.13815e-08              
       0.745545     9.54958e-08              
       0.746765     6.20723e-08              
       0.747986     6.36639e-08              
       0.749206      6.6847e-08              
       0.750427     3.18319e-08              
       0.751648     6.84386e-08              
       0.752868     5.57059e-08              
        0.75409     9.54958e-08              
        0.75531     6.36639e-08              
       0.756531     5.72975e-08              
       0.757751     5.25227e-08              
       0.758972     6.20723e-08              
       0.760193     5.57059e-08              
       0.761413     6.20723e-08              
       0.762634     4.29731e-08              
       0.763855     3.50151e-08              
       0.765076     4.45647e-08              
       0.766296     4.77479e-08              
       0.767517     6.52555e-08              
       0.768738     5.41143e-08              
       0.769958     6.84386e-08              
       0.771179     6.36639e-08              
         0.7724     6.84386e-08              
       0.773621     5.09311e-08              
       0.774841     5.41143e-08              
       0.776062     8.11714e-08              
       0.777283     4.45647e-08              
       0.778504     5.88891e-08              
       0.779724     5.25227e-08              
       0.780945     5.57059e-08              
       0.782166     4.93395e-08              
       0.783386     3.97899e-08              
       0.784607     5.25227e-08              
       0.785828      6.6847e-08              
       0.787049     7.00302e-08              
       0.788269     6.20723e-08              
        0.78949     5.41143e-08              
       0.790711     6.20723e-08              
       0.791931     5.72975e-08              
       0.793152     6.36639e-08              
       0.794372     5.41143e-08              
       0.795593     7.16218e-08              
       0.796814     5.57059e-08              
       0.798034     5.41143e-08              
       0.799256     4.45647e-08              
       0.800476     4.13815e-08              
       0.801697     5.88891e-08              
       0.802917     7.63966e-08              
       0.804138     5.57059e-08              
       0.805359     5.72975e-08              
        0.80658     4.61563e-08              
         0.8078     4.45647e-08              
       0.809021     5.72975e-08              
       0.810242     6.84386e-08              
       0.811462     5.09311e-08              
       0.812683     6.52555e-08              
       0.813904     7.63966e-08              
       0.815125     5.88891e-08              
       0.816345     5.57059e-08              
       0.817566     7.95798e-08              
       0.818787     6.04807e-08              
       0.820007     5.41143e-08              
       0.821228     3.97899e-08              
       0.822449     6.04807e-08              
        0.82367     4.61563e-08              
        0.82489     4.45647e-08              
       0.826111     4.77479e-08              
       0.827331     6.20723e-08              
       0.828552     7.16218e-08              
       0.829773     5.88891e-08              
       0.830993     4.77479e-08              
       0.832215     5.41143e-08              
       0.833435     4.93395e-08              
       0.834656     6.36639e-08              
       0.835876     3.50151e-08              
       0.837097     5.09311e-08              
       0.838318     5.09311e-08              
       0.839538     4.77479e-08              
       0.840759     6.36639e-08              
        0.84198     5.57059e-08              
       0.843201     6.52555e-08              
       0.844421     5.72975e-08              
       0.845642     4.93395e-08              
       0.846863     5.25227e-08              
       0.848083     4.93395e-08              
       0.849304     5.72975e-08              
       0.850525     4.77479e-08              
       0.851746     5.25227e-08              
       0.852966     6.04807e-08              
       0.854187     4.93395e-08              
       0.855408     4.61563e-08              
       0.856629     5.72975e-08              
       0.857849     6.52555e-08              
        0.85907     3.97899e-08              
       0.860291     6.20723e-08              
       0.861511     4.93395e-08              
       0.862732     3.97899e-08              
       0.863953     6.36639e-08              
       0.865174     5.41143e-08              
       0.866394     5.57059e-08              
       0.867615     6.04807e-08              
       0.868836     3.66067e-08              
       0.870056     4.77479e-08              
       0.871277     6.52555e-08              
       0.872497     4.13815e-08              
       0.873718     6.36639e-08              
       0.874939     4.61563e-08              
       0.876159     3.66067e-08              
       0.877381     4.93395e-08              
       0.878601     4.13815e-08              
       0.879822     5.72975e-08              
       0.881042     6.20723e-08              
       0.882263     5.41143e-08              
       0.883484     6.20723e-08              
       0.884705     5.41143e-08              
       0.885925     5.09311e-08              
       0.887146     3.18319e-08              
       0.888367     4.45647e-08              
       0.889587     5.57059e-08              
       0.890808     5.41143e-08              
       0.892029     5.41143e-08              
        0.89325     4.93395e-08              
        0.89447     5.88891e-08              
       0.895691     4.93395e-08              
       0.896912     4.13815e-08              
       0.898133     5.09311e-08              
       0.899353     6.04807e-08              
       0.900574     4.45647e-08              
       0.901795     3.34235e-08              
       0.903015     3.18319e-08              
       0.904236     3.81983e-08              
       0.905456     4.29731e-08              
       0.906677     4.13815e-08              
       0.907898     3.81983e-08              
       0.909118     4.93395e-08              
        0.91034     4.45647e-08              
        0.91156     4.61563e-08              
       0.912781     5.09311e-08              
       0.914001     5.25227e-08              
       0.915222     5.72975e-08              
       0.916443     3.50151e-08              
       0.917663     4.77479e-08              
       0.918884     4.77479e-08              
       0.920105     3.66067e-08              
       0.921326     4.77479e-08              
       0.922546     3.97899e-08              
       0.923767     3.66067e-08              
       0.924988     3.34235e-08              
       0.926208     4.61563e-08              
       0.927429     5.25227e-08              
        0.92865     5.41143e-08              
       0.929871     3.02403e-08              
       0.931091     3.02403e-08              
       0.932312     3.97899e-08              
       0.933533     5.09311e-08              
       0.934754     5.88891e-08              
       0.935974     6.20723e-08              
       0.937195     3.97899e-08              
       0.938416     4.45647e-08              
       0.939636     4.29731e-08              
       0.940857     4.77479e-08              
       0.942078     4.13815e-08              
       0.943299     3.66067e-08              
       0.944519     4.45647e-08              
        0.94574     4.77479e-08              
       0.946961     4.29731e-08              
       0.948181     3.97899e-08              
       0.949402     3.18319e-08              
       0.950622     3.50151e-08              
       0.951843     3.81983e-08              
       0.953064     3.66067e-08              
       0.954284     3.66067e-08              
       0.955506     5.09311e-08              
       0.956726     3.97899e-08              
       0.957947     4.93395e-08              
       0.959167     6.84386e-08              
       0.960388     3.97899e-08              
       0.961609     3.66067e-08              
        0.96283     4.13815e-08              
        0.96405     3.81983e-08              
       0.965271     3.97899e-08              
       0.966492     2.86487e-08              
       0.967712     1.05045e-07              
       0.968933     4.29731e-08              
       0.970154     3.81983e-08              
       0.971375     4.13815e-08              
       0.972595     3.97899e-08              
       0.973816     4.13815e-08              
       0.975037     3.02403e-08              
       0.976257     5.09311e-08              
       0.977478     4.45647e-08              
       0.978699     5.57059e-08              
        0.97992     5.88891e-08              
        0.98114     3.66067e-08              
       0.982361     3.34235e-08              
       0.983581     4.77479e-08              
       0.984802     5.25227e-08              
       0.986023     3.97899e-08              
       0.987243     3.50151e-08              
       0.988465     4.61563e-08              
       0.989685     5.09311e-08              
       0.990906     4.29731e-08              
       0.992126     3.97899e-08              
       0.993347     6.36639e-08              
       0.994568      8.2763e-08              
       0.995788     4.13815e-08              
       0.997009     3.02403e-08              
        0.99823     6.20723e-08              
