         1.9992     1.11412e-08              
        2.00042     2.22823e-08              
        2.00164     9.54958e-09              
        2.00286     1.90992e-08              
        2.00408     2.06908e-08              
        2.00531     1.27328e-08              
        2.00653     1.75076e-08              
        2.00775     1.75076e-08              
        2.00897     2.38739e-08              
        2.01019     1.43244e-08              
        2.01141     1.43244e-08              
        2.01263     2.70571e-08              
        2.01385     2.86487e-08              
        2.01507     2.70571e-08              
        2.01629     2.22823e-08              
        2.01751     1.11412e-08              
        2.01873     1.90992e-08              
        2.01995     1.11412e-08              
        2.02117     2.22823e-08              
         2.0224     1.90992e-08              
        2.02363     1.11412e-08              
        2.02485     2.22823e-08              
        2.02607      1.5916e-08              
        2.02729     1.75076e-08              
        2.02851     1.11412e-08              
        2.02973     1.27328e-08              
        2.03095     9.54958e-09              
        2.03216     2.06908e-08              
        2.03338     1.75076e-08              
         2.0346     2.38739e-08              
        2.03582      1.5916e-08              
        2.03704      1.5916e-08              
        2.03826     1.75076e-08              
        2.03948     2.22823e-08              
        2.04072     1.75076e-08              
        2.04194     9.54958e-09              
        2.04316     9.54958e-09              
        2.04438     1.75076e-08              
         2.0456     1.27328e-08              
        2.04682     3.66067e-08              
        2.04804     1.43244e-08              
        2.04926     2.54655e-08              
        2.05048     9.54958e-09              
         2.0517     2.22823e-08              
        2.05292      1.5916e-08              
        2.05414     1.75076e-08              
        2.05536      1.5916e-08              
        2.05658     1.90992e-08              
        2.05781     1.43244e-08              
        2.05903     2.06908e-08              
        2.06025      1.5916e-08              
        2.06147     1.43244e-08              
        2.06269     2.06908e-08              
        2.06391     1.43244e-08              
        2.06513     9.54958e-09              
        2.06635     2.54655e-08              
        2.06757     1.75076e-08              
        2.06879     1.90992e-08              
        2.07001     1.11412e-08              
        2.07123     2.70571e-08              
        2.07245      1.5916e-08              
        2.07367     1.75076e-08              
        2.07489     1.27328e-08              
        2.07612     9.54958e-09              
        2.07734     7.95798e-09              
        2.07856     1.90992e-08              
        2.07978     1.27328e-08              
          2.081     2.06908e-08              
        2.08222     2.06908e-08              
        2.08344     1.75076e-08              
        2.08466     2.70571e-08              
        2.08588      1.5916e-09              
         2.0871      1.5916e-08              
        2.08832     1.27328e-08              
        2.08954     2.22823e-08              
        2.09076      1.5916e-08              
        2.09198     9.54958e-09              
        2.09321     2.70571e-08              
        2.09443     2.06908e-08              
        2.09565     1.75076e-08              
        2.09687     7.95798e-09              
        2.09809     1.90992e-08              
        2.09931     1.27328e-08              
        2.10053     2.22823e-08              
        2.10175     1.90992e-08              
        2.10297     2.38739e-08              
        2.10419      1.5916e-08              
        2.10541     1.90992e-08              
        2.10663     1.43244e-08              
        2.10785     1.90992e-08              
        2.10907      1.5916e-08              
        2.11029     2.06908e-08              
        2.11151     2.22823e-08              
        2.11273     1.11412e-08              
        2.11395     1.27328e-08              
        2.11517     3.18319e-08              
        2.11639     2.22823e-08              
        2.11761     1.90992e-08              
        2.11883     3.18319e-08              
        2.12005     1.43244e-08              
        2.12127     2.06908e-08              
        2.12249     2.22823e-08              
        2.12371     1.90992e-08              
        2.12493     1.43244e-08              
        2.12615     2.06908e-08              
        2.12738     1.27328e-08              
         2.1286     1.75076e-08              
        2.12982     1.27328e-08              
        2.13104     2.38739e-08              
        2.13226      1.5916e-08              
        2.13348     7.95798e-09              
         2.1347     2.22823e-08              
        2.13592     1.43244e-08              
        2.13714     1.43244e-08              
        2.13836     2.38739e-08              
        2.13958     1.75076e-08              
         2.1408     6.36639e-09              
        2.14202     1.75076e-08              
        2.14324     2.22823e-08              
        2.14447     2.38739e-08              
        2.14569     1.75076e-08              
        2.14691     9.54958e-09              
        2.14813     1.27328e-08              
        2.14935     2.38739e-08              
        2.15057     1.27328e-08              
        2.15179     1.43244e-08              
        2.15301     1.11412e-08              
        2.15423      1.5916e-08              
        2.15545     1.27328e-08              
        2.15667     9.54958e-09              
        2.15789     1.90992e-08              
        2.15911     1.43244e-08              
        2.16033     2.06908e-08              
        2.16156     1.75076e-08              
        2.16278     1.43244e-08              
          2.164     2.86487e-08              
        2.16522     1.43244e-08              
        2.16644     1.27328e-08              
        2.16766      1.5916e-08              
        2.16888     2.38739e-08              
         2.1701     1.43244e-08              
        2.17132     1.90992e-08              
        2.17254      1.5916e-08              
        2.17376     1.11412e-08              
        2.17498     1.43244e-08              
         2.1762     1.11412e-08              
        2.17742     2.54655e-08              
        2.17865     1.43244e-08              
        2.17988     1.90992e-08              
         2.1811     1.43244e-08              
        2.18232     1.11412e-08              
        2.18354     9.54958e-09              
        2.18476     2.22823e-08              
        2.18598     1.27328e-08              
         2.1872     1.43244e-08              
        2.18841     1.43244e-08              
        2.18963     1.43244e-08              
        2.19085     1.27328e-08              
        2.19207     1.27328e-08              
        2.19329     2.38739e-08              
        2.19451     1.90992e-08              
        2.19573     1.90992e-08              
        2.19697     2.06908e-08              
        2.19819     1.27328e-08              
        2.19941     1.43244e-08              
        2.20063     1.43244e-08              
        2.20185     1.43244e-08              
        2.20307      1.5916e-08              
        2.20429     2.06908e-08              
        2.20551     2.22823e-08              
        2.20673      1.5916e-08              
        2.20795     1.90992e-08              
        2.20917     1.11412e-08              
        2.21039     6.36639e-09              
        2.21161     1.90992e-08              
        2.21283     9.54958e-09              
        2.21406     2.38739e-08              
        2.21528     1.11412e-08              
         2.2165     2.06908e-08              
        2.21772     1.75076e-08              
        2.21894      1.5916e-08              
        2.22016     1.75076e-08              
        2.22138      1.5916e-08              
         2.2226     4.48512e-06              
        2.22382     7.95798e-09              
        2.22504     1.43244e-08              
        2.22626     2.38739e-08              
        2.22748     6.36639e-09              
         2.2287     2.54655e-08              
        2.22992     1.11412e-08              
        2.23114     1.43244e-08              
        2.23237     1.43244e-08              
        2.23359     9.54958e-09              
        2.23481     1.43244e-08              
        2.23603     1.27328e-08              
        2.23725     1.75076e-08              
        2.23847     2.06908e-08              
        2.23969     2.06908e-08              
        2.24091      1.5916e-08              
        2.24213     2.06908e-08              
        2.24335     2.22823e-08              
        2.24457     1.27328e-08              
        2.24579     1.43244e-08              
        2.24701     9.54958e-09              
        2.24823     9.54958e-09              
        2.24946     7.95798e-09              
        2.25068     9.54958e-09              
         2.2519     6.36639e-09              
        2.25312     2.86487e-08              
        2.25434     1.90992e-08              
        2.25556      1.5916e-08              
        2.25678     6.36639e-09              
          2.258     1.75076e-08              
        2.25922     1.43244e-08              
        2.26044     9.54958e-09              
        2.26166     2.22823e-08              
        2.26288     1.27328e-08              
         2.2641     9.54958e-09              
        2.26532      1.5916e-08              
        2.26654     1.11412e-08              
        2.26776     4.77479e-09              
        2.26898     1.11412e-08              
         2.2702     6.36639e-09              
        2.27142     9.54958e-09              
        2.27264      1.5916e-08              
        2.27386     6.36639e-09              
        2.27508     1.27328e-08              
         2.2763     3.18319e-09              
        2.27752     1.43244e-08              
        2.27874     1.27328e-08              
        2.27996     1.43244e-08              
        2.28118     1.27328e-08              
         2.2824     1.11412e-08              
        2.28363     1.27328e-08              
        2.28485      1.5916e-08              
        2.28607      1.5916e-08              
        2.28729     1.27328e-08              
        2.28851     1.43244e-08              
        2.28973     1.27328e-08              
        2.29095     1.43244e-08              
        2.29217      1.5916e-08              
        2.29339      1.5916e-08              
        2.29461     1.27328e-08              
        2.29583     6.36639e-09              
        2.29705     1.27328e-08              
        2.29827     1.27328e-08              
        2.29949     7.95798e-09              
        2.30072     6.36639e-09              
        2.30194     1.11412e-08              
        2.30316     4.77479e-09              
        2.30438     1.11412e-08              
         2.3056     3.34235e-08              
        2.30682     9.54958e-09              
        2.30804     6.36639e-09              
        2.30926     7.95798e-09              
        2.31048     7.95798e-09              
         2.3117     1.11412e-08              
        2.31292     6.36639e-09              
        2.31414     1.90992e-08              
        2.31536     1.27328e-08              
        2.31658     6.36639e-09              
        2.31781     6.36639e-09              
        2.31903      1.5916e-08              
        2.32025     2.22823e-08              
        2.32147     1.43244e-08              
        2.32269     6.36639e-09              
        2.32391     2.06908e-08              
        2.32513      1.5916e-08              
        2.32635     1.43244e-08              
        2.32757     2.06908e-08              
        2.32879     1.11412e-08              
        2.33001     4.77479e-09              
        2.33123     6.36639e-09              
        2.33245     1.90992e-08              
        2.33367     7.95798e-09              
         2.3349     9.54958e-09              
        2.33613     1.43244e-08              
        2.33735     1.11412e-08              
        2.33857     1.27328e-08              
        2.33979     1.75076e-08              
        2.34101     1.43244e-08              
        2.34223     4.77479e-09              
        2.34345     1.27328e-08              
        2.34466     1.75076e-08              
        2.34588     1.11412e-08              
         2.3471     1.27328e-08              
        2.34832     9.54958e-09              
        2.34954     1.11412e-08              
        2.35076     2.22823e-08              
        2.35198     1.90992e-08              
        2.35322     1.11412e-08              
        2.35444     2.38739e-08              
        2.35566     6.36639e-09              
        2.35688     4.77479e-09              
         2.3581      1.5916e-08              
        2.35932      1.5916e-08              
        2.36054     1.11412e-08              
        2.36176      1.5916e-08              
        2.36298     1.11412e-08              
         2.3642     9.54958e-09              
        2.36542     1.11412e-08              
        2.36664      1.5916e-08              
        2.36786     1.43244e-08              
        2.36908     6.36639e-09              
        2.37031     1.11412e-08              
        2.37153     1.75076e-08              
        2.37275     1.11412e-08              
        2.37397     9.54958e-09              
        2.37519     1.27328e-08              
        2.37641      1.5916e-08              
        2.37763     9.54958e-09              
        2.37885     7.95798e-09              
        2.38007     1.27328e-08              
        2.38129     1.43244e-08              
        2.38251     1.11412e-08              
        2.38373     2.22823e-08              
        2.38495     4.77479e-09              
        2.38617     1.43244e-08              
        2.38739     9.54958e-09              
        2.38862     1.27328e-08              
        2.38984     6.36639e-09              
        2.39106     1.11412e-08              
        2.39228     1.27328e-08              
         2.3935     6.36639e-09              
        2.39472     2.22823e-08              
        2.39594     7.95798e-09              
        2.39716     7.95798e-09              
        2.39838     1.27328e-08              
         2.3996     6.36639e-09              
        2.40082     9.54958e-09              
        2.40204     7.95798e-09              
        2.40326     1.75076e-08              
        2.40448      1.5916e-08              
        2.40571     1.43244e-08              
        2.40693     1.27328e-08              
        2.40815     9.54958e-09              
        2.40937     1.11412e-08              
        2.41059     1.43244e-08              
        2.41181     7.95798e-09              
        2.41303     1.75076e-08              
        2.41425      1.5916e-08              
        2.41547     9.54958e-09              
        2.41669     1.27328e-08              
        2.41791     1.75076e-08              
        2.41913     1.75076e-08              
        2.42035     1.11412e-08              
        2.42157     6.36639e-09              
        2.42279     1.27328e-08              
        2.42401      1.5916e-08              
        2.42523     1.90992e-08              
        2.42645      1.5916e-08              
        2.42767     1.43244e-08              
        2.42889      1.5916e-08              
        2.43011     1.43244e-08              
        2.43133     7.95798e-09              
        2.43255     6.36639e-09              
        2.43377     1.11412e-08              
        2.43499     9.54958e-09              
        2.43621     6.36639e-09              
        2.43743     1.90992e-08              
        2.43865     3.18319e-09              
        2.43988     1.11412e-08              
         2.4411     9.54958e-09              
        2.44232     9.54958e-09              
        2.44354      1.5916e-08              
        2.44476      1.5916e-08              
        2.44598     1.27328e-08              
         2.4472      1.5916e-08              
        2.44842     1.43244e-08              
        2.44964     3.18319e-09              
        2.45086     4.77479e-09              
        2.45208     1.11412e-08              
         2.4533     9.54958e-09              
        2.45452     9.54958e-09              
        2.45574     1.11412e-08              
        2.45697     1.43244e-08              
        2.45819     4.77479e-09              
        2.45941     7.95798e-09              
        2.46063     1.90992e-08              
        2.46185     1.11412e-08              
        2.46307     3.18319e-09              
        2.46429     2.06908e-08              
        2.46551     9.54958e-09              
        2.46673     1.43244e-08              
        2.46795      1.5916e-08              
        2.46917      1.5916e-08              
        2.47039     1.43244e-08              
        2.47161     1.11412e-08              
        2.47283     1.43244e-08              
        2.47406     1.11412e-08              
        2.47528     1.75076e-08              
         2.4765     1.27328e-08              
        2.47772     1.27328e-08              
        2.47894     1.75076e-08              
        2.48016     1.75076e-08              
        2.48138     1.43244e-08              
         2.4826     1.27328e-08              
        2.48382     1.11412e-08              
        2.48504     9.54958e-09              
        2.48626     1.43244e-08              
        2.48748     1.75076e-08              
         2.4887     1.27328e-08              
        2.48992      1.5916e-08              
        2.49115     9.54958e-09              
        2.49238     9.54958e-09              
         2.4936     1.90992e-08              
        2.49482     6.36639e-09              
        2.49604     6.36639e-09              
        2.49726     9.54958e-09              
        2.49848     2.06908e-08              
         2.4997      1.5916e-08              
        2.50091     1.11412e-08              
        2.50213     7.95798e-09              
        2.50335     4.77479e-09              
        2.50457     1.43244e-08              
        2.50579     1.27328e-08              
        2.50701     1.11412e-08              
        2.50823     1.11412e-08              
        2.50947     9.54958e-09              
        2.51069     7.95798e-09              
        2.51191     1.75076e-08              
        2.51313     1.11412e-08              
        2.51435     9.54958e-09              
        2.51557     7.95798e-09              
        2.51679     6.36639e-09              
        2.51801     6.36639e-09              
        2.51923      1.5916e-08              
        2.52045     1.27328e-08              
        2.52167     7.95798e-09              
        2.52289     7.95798e-09              
        2.52411      1.5916e-08              
        2.52533     9.54958e-09              
        2.52656     4.77479e-09              
        2.52778     9.54958e-09              
          2.529     1.90992e-08              
        2.53022     6.36639e-09              
        2.53144     1.27328e-08              
        2.53266     1.27328e-08              
        2.53388     2.54655e-08              
         2.5351     1.27328e-08              
        2.53632     9.54958e-09              
        2.53754     7.95798e-09              
        2.53876     1.11412e-08              
        2.53998     1.27328e-08              
         2.5412     1.11412e-08              
        2.54242     6.36639e-09              
        2.54364     9.54958e-09              
        2.54487     1.27328e-08              
        2.54609      1.5916e-08              
        2.54731     9.54958e-09              
        2.54853     2.38739e-08              
        2.54975     1.43244e-08              
        2.55097     1.11412e-08              
        2.55219     1.11412e-08              
        2.55341     9.54958e-09              
        2.55463     1.27328e-08              
        2.55585      1.5916e-08              
        2.55707     2.06908e-08              
        2.55829     1.90992e-08              
        2.55951     7.95798e-09              
        2.56073     1.43244e-08              
        2.56196     1.27328e-08              
        2.56318     1.43244e-08              
         2.5644      1.5916e-08              
        2.56562     9.54958e-09              
        2.56684     7.95798e-09              
        2.56806     1.75076e-08              
        2.56928     1.43244e-08              
         2.5705     1.11412e-08              
        2.57172     1.75076e-08              
        2.57294     9.54958e-09              
        2.57416     6.36639e-09              
        2.57538     1.27328e-08              
         2.5766     1.11412e-08              
        2.57782     1.27328e-08              
        2.57904      1.5916e-08              
        2.58026     4.77479e-09              
        2.58148      1.5916e-08              
         2.5827     7.95798e-09              
        2.58392     1.43244e-08              
        2.58514      1.5916e-08              
        2.58636     7.95798e-09              
        2.58758     1.27328e-08              
         2.5888     9.54958e-09              
        2.59002     7.95798e-09              
        2.59124     9.54958e-09              
        2.59246     1.27328e-08              
        2.59368     1.11412e-08              
         2.5949     4.77479e-09              
        2.59613      1.5916e-09              
        2.59735     1.11412e-08              
        2.59857     1.27328e-08              
        2.59979      1.5916e-08              
        2.60101      1.5916e-08              
        2.60223     1.75076e-08              
        2.60345     1.11412e-08              
        2.60467     1.27328e-08              
        2.60589      1.5916e-08              
        2.60711     7.95798e-09              
        2.60833     1.43244e-08              
        2.60955     4.77479e-09              
        2.61077     7.95798e-09              
        2.61199     9.54958e-09              
        2.61322     6.36639e-09              
        2.61444     1.27328e-08              
        2.61566     1.11412e-08              
        2.61688     7.95798e-09              
         2.6181      1.5916e-09              
        2.61932     1.27328e-08              
        2.62054     1.27328e-08              
        2.62176     1.43244e-08              
        2.62298     1.27328e-08              
         2.6242     9.54958e-09              
        2.62542     1.43244e-08              
        2.62664     1.11412e-08              
        2.62786     1.11412e-08              
        2.62908     9.54958e-09              
        2.63031     1.43244e-08              
        2.63153     9.54958e-09              
        2.63275     1.43244e-08              
        2.63397     1.11412e-08              
        2.63519     1.75076e-08              
        2.63641     6.36639e-09              
        2.63763     4.77479e-09              
        2.63885     1.27328e-08              
        2.64007     1.75076e-08              
        2.64129     1.27328e-08              
        2.64251     1.11412e-08              
        2.64373     4.77479e-09              
        2.64495     1.11412e-08              
        2.64617     1.27328e-08              
         2.6474     9.54958e-09              
        2.64863     9.54958e-09              
        2.64985     1.27328e-08              
        2.65107     1.11412e-08              
        2.65229     1.11412e-08              
        2.65351     4.77479e-09              
        2.65473     1.11412e-08              
        2.65595     1.11412e-08              
        2.65716     1.27328e-08              
        2.65838     1.11412e-08              
         2.6596     1.27328e-08              
        2.66082     4.77479e-09              
        2.66204     1.27328e-08              
        2.66326     4.77479e-09              
        2.66448     1.90992e-08              
        2.66572      1.5916e-09              
        2.66694      1.5916e-08              
        2.66816     9.54958e-09              
        2.66938     1.43244e-08              
         2.6706     9.54958e-09              
        2.67182     1.27328e-08              
        2.67304     4.77479e-09              
        2.67426     1.43244e-08              
        2.67548     1.75076e-08              
         2.6767     1.11412e-08              
        2.67792     1.11412e-08              
        2.67914     3.18319e-09              
        2.68036      1.5916e-08              
        2.68158      1.5916e-08              
        2.68281     1.11412e-08              
        2.68403     1.11412e-08              
        2.68525     1.27328e-08              
        2.68647     7.95798e-09              
        2.68769     1.27328e-08              
        2.68891     4.77479e-09              
        2.69013     7.95798e-09              
        2.69135     7.95798e-09              
        2.69257     9.54958e-09              
        2.69379     1.75076e-08              
        2.69501     1.27328e-08              
        2.69623     1.43244e-08              
        2.69745     4.77479e-09              
        2.69867     2.54655e-08              
        2.69989     1.11412e-08              
        2.70112     4.77479e-09              
        2.70234     1.27328e-08              
        2.70356     4.77479e-09              
        2.70478     1.43244e-08              
          2.706     7.95798e-09              
        2.70722     2.06908e-08              
        2.70844     6.36639e-09              
        2.70966     1.75076e-08              
        2.71088     1.90992e-08              
         2.7121     1.27328e-08              
        2.71332     1.90992e-08              
        2.71454     1.75076e-08              
        2.71576     7.95798e-09              
        2.71698     1.27328e-08              
        2.71821     1.11412e-08              
        2.71943     1.43244e-08              
        2.72065      1.5916e-08              
        2.72187     1.75076e-08              
        2.72309     7.95798e-09              
        2.72431     7.95798e-09              
        2.72553     4.77479e-09              
        2.72675     1.11412e-08              
        2.72797      1.5916e-08              
        2.72919      1.5916e-08              
        2.73041     1.27328e-08              
        2.73163     4.77479e-09              
        2.73285     4.77479e-09              
        2.73407     1.11412e-08              
        2.73529     6.36639e-09              
        2.73651      1.5916e-08              
        2.73773     7.95798e-09              
        2.73895     1.43244e-08              
        2.74017     4.77479e-09              
        2.74139     1.27328e-08              
        2.74261     7.95798e-09              
        2.74383      1.5916e-08              
        2.74505     7.95798e-09              
        2.74627     9.54958e-09              
        2.74749     7.95798e-09              
        2.74871     1.75076e-08              
        2.74993     1.43244e-08              
        2.75115     7.95798e-09              
        2.75238     7.95798e-09              
         2.7536     6.36639e-09              
        2.75482     1.27328e-08              
        2.75604     6.36639e-09              
        2.75726     7.95798e-09              
        2.75848     1.27328e-08              
         2.7597     1.75076e-08              
        2.76092     1.27328e-08              
        2.76214     7.95798e-09              
        2.76336     9.54958e-09              
        2.76458     7.95798e-09              
         2.7658     9.54958e-09              
        2.76702     7.95798e-09              
        2.76824     1.27328e-08              
        2.76947     7.95798e-09              
        2.77069     1.27328e-08              
        2.77191     1.27328e-08              
        2.77313     1.11412e-08              
        2.77435     4.77479e-09              
        2.77557     6.36639e-09              
        2.77679     6.36639e-09              
        2.77801     7.95798e-09              
        2.77923     4.77479e-09              
        2.78045     7.95798e-09              
        2.78167     1.27328e-08              
        2.78289     7.95798e-09              
        2.78411     1.11412e-08              
        2.78533     9.54958e-09              
        2.78656     1.43244e-08              
        2.78778     9.54958e-09              
          2.789     1.75076e-08              
        2.79022     1.11412e-08              
        2.79144      1.5916e-08              
        2.79266     1.75076e-08              
        2.79388     7.95798e-09              
         2.7951     7.95798e-09              
        2.79632     1.27328e-08              
        2.79754     6.36639e-09              
        2.79876     1.11412e-08              
        2.79998     4.77479e-09              
         2.8012     1.11412e-08              
        2.80242     1.27328e-08              
        2.80365     1.90992e-08              
        2.80488     9.54958e-09              
         2.8061     7.95798e-09              
        2.80732     1.11412e-08              
        2.80854     1.75076e-08              
        2.80976     6.36639e-09              
        2.81098     1.11412e-08              
         2.8122     1.27328e-08              
        2.81341     9.54958e-09              
        2.81463     1.27328e-08              
        2.81585     9.54958e-09              
        2.81707     1.27328e-08              
        2.81829     1.27328e-08              
        2.81951     1.11412e-08              
        2.82073     9.54958e-09              
        2.82197     9.54958e-09              
        2.82319     1.43244e-08              
        2.82441     1.11412e-08              
        2.82563     1.11412e-08              
        2.82685     6.36639e-09              
        2.82807     1.11412e-08              
        2.82929      1.5916e-08              
        2.83051     6.36639e-09              
        2.83173     7.95798e-09              
        2.83295      1.5916e-08              
        2.83417     1.43244e-08              
        2.83539     1.43244e-08              
        2.83661     4.77479e-09              
        2.83783     7.95798e-09              
        2.83906     1.75076e-08              
        2.84028     1.11412e-08              
         2.8415     9.54958e-09              
        2.84272     1.11412e-08              
        2.84394     9.54958e-09              
        2.84516     1.27328e-08              
        2.84638     1.11412e-08              
         2.8476     1.11412e-08              
        2.84882     1.27328e-08              
        2.85004     9.54958e-09              
        2.85126     7.95798e-09              
        2.85248     7.95798e-09              
         2.8537     1.11412e-08              
        2.85492     1.43244e-08              
        2.85614     1.43244e-08              
        2.85737     1.75076e-08              
        2.85859     7.95798e-09              
        2.85981     9.54958e-09              
        2.86103     6.36639e-09              
        2.86225     9.54958e-09              
        2.86347     1.11412e-08              
        2.86469     4.77479e-09              
        2.86591     1.27328e-08              
        2.86713     9.54958e-09              
        2.86835     1.27328e-08              
        2.86957     7.95798e-09              
        2.87079     1.11412e-08              
        2.87201     9.54958e-09              
        2.87323     1.11412e-08              
        2.87446     1.75076e-08              
        2.87568     1.90992e-08              
         2.8769     7.95798e-09              
        2.87812     4.77479e-09              
        2.87934     9.54958e-09              
        2.88056     6.36639e-09              
        2.88178     2.38739e-08              
          2.883     4.77479e-09              
        2.88422     4.77479e-09              
        2.88544     1.11412e-08              
        2.88666     9.54958e-09              
        2.88788      1.5916e-08              
         2.8891     7.95798e-09              
        2.89032     3.18319e-09              
        2.89154     4.77479e-09              
        2.89276     3.18319e-09              
        2.89398     1.27328e-08              
         2.8952     1.27328e-08              
        2.89642     4.77479e-09              
        2.89764     9.54958e-09              
        2.89886     9.54958e-09              
        2.90008     9.54958e-09              
         2.9013     1.27328e-08              
        2.90252     4.77479e-09              
        2.90374     7.95798e-09              
        2.90496     9.54958e-09              
        2.90618     9.54958e-09              
         2.9074     1.27328e-08              
        2.90863     7.95798e-09              
        2.90985     1.27328e-08              
        2.91107     1.27328e-08              
        2.91229     6.36639e-09              
        2.91351     6.36639e-09              
        2.91473     1.27328e-08              
        2.91595     1.27328e-08              
        2.91717     6.36639e-09              
        2.91839     1.27328e-08              
        2.91961     1.43244e-08              
        2.92083     1.90992e-08              
        2.92205      1.5916e-08              
        2.92327     1.43244e-08              
        2.92449      1.5916e-08              
        2.92572      1.5916e-08              
        2.92694     3.18319e-09              
        2.92816     6.36639e-09              
        2.92938     7.95798e-09              
         2.9306     1.43244e-08              
        2.93182     9.54958e-09              
        2.93304     9.54958e-09              
        2.93426     4.77479e-09              
        2.93548     1.43244e-08              
         2.9367     4.77479e-09              
        2.93792     1.27328e-08              
        2.93914     4.77479e-09              
        2.94036     1.75076e-08              
        2.94158     2.22823e-08              
        2.94281     1.90992e-08              
        2.94403     9.54958e-09              
        2.94525     1.43244e-08              
        2.94647     6.36639e-09              
        2.94769     9.54958e-09              
        2.94891     1.27328e-08              
        2.95013     9.54958e-09              
        2.95135      1.5916e-08              
        2.95257     1.27328e-08              
        2.95379     1.43244e-08              
        2.95501     6.36639e-09              
        2.95623     4.77479e-09              
        2.95745     1.11412e-08              
        2.95867     1.27328e-08              
         2.9599      8.2763e-08              
        2.96113     5.09311e-08              
        2.96235     2.22823e-08              
        2.96357     9.54958e-09              
        2.96479     1.27328e-08              
        2.96601     1.11412e-08              
        2.96723     1.27328e-08              
        2.96845     6.36639e-09              
        2.96966     1.27328e-08              
        2.97088     6.36639e-09              
         2.9721     1.43244e-08              
        2.97332     4.77479e-09              
        2.97454     7.95798e-09              
        2.97576     1.75076e-08              
        2.97698     1.90992e-08              
        2.97822     6.36639e-09              
        2.97944     9.54958e-09              
        2.98066     3.18319e-09              
        2.98188     9.54958e-09              
         2.9831      1.5916e-08              
        2.98432     1.27328e-08              
        2.98554     3.18319e-09              
        2.98676     7.95798e-09              
        2.98798     7.95798e-09              
         2.9892     1.43244e-08              
        2.99042     7.95798e-09              
        2.99164     6.36639e-09              
        2.99286      1.5916e-09              
        2.99408     6.36639e-09              
        2.99531     7.95798e-09              
        2.99653      1.5916e-09              
        2.99775     1.11412e-08              
