        6.99676     6.36639e-09              
        6.99798     6.36639e-09              
         6.9992     3.18319e-09              
        7.00042     4.77479e-09              
        7.00164     6.36639e-09              
        7.00286     7.95798e-09              
        7.00408     3.18319e-09              
        7.00531     6.36639e-09              
        7.00654     4.77479e-09              
        7.00776     3.18319e-09              
        7.00898      1.5916e-09              
         7.0102     4.77479e-09              
        7.01142     4.77479e-09              
        7.01264     3.18319e-09              
        7.01386     3.18319e-09              
        7.01508      1.5916e-09              
         7.0163     3.18319e-09              
        7.01752     6.36639e-09              
        7.01874     7.95798e-09              
        7.01996               0              
        7.02118     3.18319e-09              
         7.0224      1.5916e-09              
        7.02363     3.18319e-09              
        7.02485     3.18319e-09              
        7.02607     9.54958e-09              
        7.02729     6.36639e-09              
        7.02851     6.36639e-09              
        7.02973      1.5916e-09              
        7.03095     4.77479e-09              
        7.03216     4.77479e-09              
        7.03338     6.36639e-09              
         7.0346     3.18319e-09              
        7.03582     4.77479e-09              
        7.03704      1.5916e-09              
        7.03826      1.5916e-09              
        7.03948     6.36639e-09              
        7.04071      1.5916e-09              
        7.04193     6.36639e-09              
        7.04315     4.77479e-09              
        7.04437     3.18319e-09              
        7.04559     3.18319e-09              
        7.04681      1.5916e-09              
        7.04803     4.77479e-09              
        7.04925     4.77479e-09              
        7.05047     6.36639e-09              
        7.05169     1.27328e-08              
        7.05291     3.18319e-09              
        7.05413     9.54958e-09              
        7.05535     3.18319e-09              
        7.05657     1.11412e-08              
        7.05781     3.18319e-09              
        7.05903     3.18319e-09              
        7.06025     3.18319e-09              
        7.06147     7.95798e-09              
        7.06269     4.77479e-09              
        7.06391     1.11412e-08              
        7.06513      1.5916e-09              
        7.06635     4.77479e-09              
        7.06757     3.18319e-09              
        7.06879     7.95798e-09              
        7.07001               0              
        7.07123     1.75076e-08              
        7.07245     1.11412e-08              
        7.07367     3.18319e-09              
        7.07489      1.5916e-09              
        7.07611     6.36639e-09              
        7.07733      1.5916e-09              
        7.07855               0              
        7.07977     3.18319e-09              
        7.08099     6.36639e-09              
        7.08221     4.77479e-09              
        7.08343      1.5916e-09              
        7.08465     6.36639e-09              
        7.08587     7.95798e-09              
        7.08709     4.77479e-09              
        7.08831               0              
        7.08953     3.18319e-09              
        7.09075               0              
        7.09198               0              
        7.09321     7.95798e-09              
        7.09443     6.36639e-09              
        7.09565     3.18319e-09              
        7.09687     3.18319e-09              
        7.09809               0              
        7.09931     4.77479e-09              
        7.10053     1.27328e-08              
        7.10175     4.77479e-09              
        7.10297     3.18319e-09              
        7.10419     4.77479e-09              
        7.10541     6.36639e-09              
        7.10663               0              
        7.10785     4.77479e-09              
        7.10907     6.36639e-09              
        7.11029     6.36639e-09              
        7.11151      1.5916e-09              
        7.11273               0              
        7.11395     6.36639e-09              
        7.11517     4.77479e-09              
        7.11639     6.36639e-09              
        7.11761     4.77479e-09              
        7.11883      1.5916e-09              
        7.12005      1.5916e-09              
        7.12127               0              
        7.12249     4.77479e-09              
        7.12371     3.18319e-09              
        7.12493     6.36639e-09              
        7.12615      1.5916e-09              
        7.12739     4.77479e-09              
        7.12861     4.77479e-09              
        7.12983     3.18319e-09              
        7.13105     4.77479e-09              
        7.13227     3.18319e-09              
        7.13349     4.77479e-09              
        7.13471     3.18319e-09              
        7.13593     9.54958e-09              
        7.13715     4.77479e-09              
        7.13837     3.18319e-09              
        7.13959     7.95798e-09              
        7.14081     3.18319e-09              
        7.14203      1.5916e-09              
        7.14325     4.77479e-09              
        7.14447     3.18319e-09              
        7.14569     4.77479e-09              
        7.14691      1.5916e-09              
        7.14813      1.5916e-09              
        7.14935     7.95798e-09              
        7.15057     9.54958e-09              
        7.15179     6.36639e-09              
        7.15301      1.5916e-09              
        7.15423      1.5916e-09              
        7.15545     4.77479e-09              
        7.15667     4.77479e-09              
        7.15789     4.77479e-09              
        7.15911     4.77479e-09              
        7.16033      1.5916e-09              
        7.16156     4.77479e-09              
        7.16279     1.11412e-08              
        7.16401      1.5916e-09              
        7.16523      1.5916e-09              
        7.16645     1.11412e-08              
        7.16767     7.95798e-09              
        7.16889     4.77479e-09              
        7.17011     3.18319e-09              
        7.17133     3.18319e-09              
        7.17255     6.36639e-09              
        7.17377     6.36639e-09              
        7.17499     7.95798e-09              
        7.17621     3.18319e-09              
        7.17743     3.18319e-09              
        7.17865     4.77479e-09              
        7.17988     6.36639e-09              
         7.1811     4.77479e-09              
        7.18232     3.18319e-09              
        7.18354     1.11412e-08              
        7.18476     9.54958e-09              
        7.18598      1.5916e-09              
         7.1872     4.77479e-09              
        7.18841     6.36639e-09              
        7.18963     3.18319e-09              
        7.19085     6.36639e-09              
        7.19207     6.36639e-09              
        7.19329      1.5916e-09              
        7.19451     4.77479e-09              
        7.19573     3.18319e-09              
        7.19696     7.95798e-09              
        7.19818     3.18319e-09              
         7.1994     3.18319e-09              
        7.20062     3.18319e-09              
        7.20184     3.18319e-09              
        7.20306     3.18319e-09              
        7.20428      1.5916e-09              
         7.2055     3.18319e-09              
        7.20672     1.11412e-08              
        7.20794     4.77479e-09              
        7.20916     4.77479e-09              
        7.21038     3.18319e-09              
         7.2116     3.18319e-09              
        7.21282     4.77479e-09              
        7.21406     4.77479e-09              
        7.21528     6.36639e-09              
         7.2165               0              
        7.21772     4.77479e-09              
        7.21894     4.77479e-09              
        7.22016     7.95798e-09              
        7.22138      1.5916e-09              
         7.2226     7.95798e-09              
        7.22382     3.18319e-09              
        7.22504     9.54958e-09              
        7.22626     6.36639e-09              
        7.22748     6.36639e-09              
         7.2287     3.18319e-09              
        7.22992     6.36639e-09              
        7.23114     3.18319e-09              
        7.23236      1.5916e-09              
        7.23358      1.5916e-09              
         7.2348     4.77479e-09              
        7.23602     3.18319e-09              
        7.23724     3.18319e-09              
        7.23846     6.36639e-09              
        7.23968     4.77479e-09              
         7.2409               0              
        7.24212               0              
        7.24334      1.5916e-09              
        7.24456     6.36639e-09              
        7.24578      1.5916e-09              
          7.247     3.18319e-09              
        7.24823     6.36639e-09              
        7.24946      1.5916e-09              
        7.25068      1.5916e-09              
         7.2519      1.5916e-09              
        7.25312               0              
        7.25434     6.36639e-09              
        7.25556     3.18319e-09              
        7.25678      1.5916e-09              
          7.258     3.18319e-09              
        7.25922     6.36639e-09              
        7.26044     4.77479e-09              
        7.26166     6.36639e-09              
        7.26288      1.5916e-09              
         7.2641     7.95798e-09              
        7.26532     9.54958e-09              
        7.26654     6.36639e-09              
        7.26776     9.54958e-09              
        7.26898     6.36639e-09              
         7.2702      1.5916e-09              
        7.27142     4.77479e-09              
        7.27264     7.95798e-09              
        7.27386     3.18319e-09              
        7.27508     7.95798e-09              
         7.2763     3.18319e-09              
        7.27752     4.77479e-09              
        7.27874     4.77479e-09              
        7.27996     3.18319e-09              
        7.28118     4.77479e-09              
         7.2824               0              
        7.28364     7.95798e-09              
        7.28486     4.77479e-09              
        7.28608      1.5916e-09              
         7.2873     3.18319e-09              
        7.28852     3.18319e-09              
        7.28974     3.18319e-09              
        7.29096      1.5916e-09              
        7.29218     3.18319e-09              
         7.2934      1.5916e-09              
        7.29462      1.5916e-09              
        7.29584     3.18319e-09              
        7.29706     3.18319e-09              
        7.29828     3.18319e-09              
         7.2995     9.54958e-09              
        7.30072     6.36639e-09              
        7.30194     3.18319e-09              
        7.30316               0              
        7.30438     4.77479e-09              
         7.3056     6.36639e-09              
        7.30682     4.77479e-09              
        7.30804     3.18319e-09              
        7.30926     7.95798e-09              
        7.31048     7.95798e-09              
         7.3117     3.18319e-09              
        7.31292     3.18319e-09              
        7.31414     4.77479e-09              
        7.31536     4.77479e-09              
        7.31658      1.5916e-09              
        7.31781     9.54958e-09              
        7.31904     4.77479e-09              
        7.32026      1.5916e-09              
        7.32148     3.18319e-09              
         7.3227     4.77479e-09              
        7.32392     6.36639e-09              
        7.32514     4.77479e-09              
        7.32636      1.5916e-09              
        7.32758               0              
         7.3288     6.36639e-09              
        7.33002     1.11412e-08              
        7.33124      1.5916e-09              
        7.33246     9.54958e-09              
        7.33368               0              
         7.3349      1.5916e-09              
        7.33613     3.18319e-09              
        7.33735     4.77479e-09              
        7.33857     3.18319e-09              
        7.33979     3.18319e-09              
        7.34101     4.77479e-09              
        7.34223     6.36639e-09              
        7.34345      1.5916e-09              
        7.34466     3.18319e-09              
        7.34588      1.5916e-09              
         7.3471      1.5916e-09              
        7.34832     3.18319e-09              
        7.34954     3.18319e-09              
        7.35076      1.5916e-09              
        7.35198     3.18319e-09              
        7.35321     4.77479e-09              
        7.35443     4.77479e-09              
        7.35565     4.77479e-09              
        7.35687     9.54958e-09              
        7.35809     3.18319e-09              
        7.35931      1.5916e-09              
        7.36053     4.77479e-09              
        7.36175     6.36639e-09              
        7.36297               0              
        7.36419     6.36639e-09              
        7.36541     9.54958e-09              
        7.36663      1.5916e-09              
        7.36785      1.5916e-09              
        7.36907      1.5916e-09              
        7.37031      1.5916e-09              
        7.37153     6.36639e-09              
        7.37275     4.77479e-09              
        7.37397      1.5916e-09              
        7.37519     6.36639e-09              
        7.37641     3.18319e-09              
        7.37763     3.18319e-09              
        7.37885     6.36639e-09              
        7.38007      1.5916e-09              
        7.38129     6.36639e-09              
        7.38251     6.36639e-09              
        7.38373      1.5916e-09              
        7.38495     3.18319e-09              
        7.38617      1.5916e-09              
        7.38739     4.77479e-09              
        7.38861     4.77479e-09              
        7.38983     7.95798e-09              
        7.39105     4.77479e-09              
        7.39227     3.18319e-09              
        7.39349     7.95798e-09              
        7.39471     6.36639e-09              
        7.39593               0              
        7.39715     3.18319e-09              
        7.39837     3.18319e-09              
        7.39959     4.77479e-09              
        7.40081     6.36639e-09              
        7.40203     6.36639e-09              
        7.40325     4.77479e-09              
        7.40448      1.5916e-09              
        7.40571     6.36639e-09              
        7.40693     4.77479e-09              
        7.40815     3.18319e-09              
        7.40937     6.36639e-09              
        7.41059      1.5916e-09              
        7.41181      1.5916e-09              
        7.41303               0              
        7.41425     3.18319e-09              
        7.41547     3.18319e-09              
        7.41669     3.18319e-09              
        7.41791     4.77479e-09              
        7.41913     3.18319e-09              
        7.42035     4.77479e-09              
        7.42157      1.5916e-09              
        7.42279     4.77479e-09              
        7.42401     7.95798e-09              
        7.42523      1.5916e-09              
        7.42645     4.77479e-09              
        7.42767     4.77479e-09              
        7.42889               0              
        7.43011      1.5916e-09              
        7.43133     4.77479e-09              
        7.43255               0              
        7.43377     4.77479e-09              
        7.43499     9.54958e-09              
        7.43621     6.36639e-09              
        7.43743      1.5916e-09              
        7.43865      1.5916e-09              
        7.43989      1.5916e-09              
        7.44111      1.5916e-09              
        7.44233     6.36639e-09              
        7.44355               0              
        7.44477     4.77479e-09              
        7.44599               0              
        7.44721     3.18319e-09              
        7.44843     6.36639e-09              
        7.44965               0              
        7.45087     6.36639e-09              
        7.45209     3.18319e-09              
        7.45331     7.95798e-09              
        7.45453     4.77479e-09              
        7.45575     3.18319e-09              
        7.45697     4.77479e-09              
        7.45819     7.95798e-09              
        7.45941     3.18319e-09              
        7.46063     3.18319e-09              
        7.46185     4.77479e-09              
        7.46307     3.18319e-09              
        7.46429     6.36639e-09              
        7.46551     6.36639e-09              
        7.46673      1.5916e-09              
        7.46795               0              
        7.46917               0              
        7.47039      1.5916e-09              
        7.47161      1.5916e-09              
        7.47283     3.18319e-09              
        7.47406     4.77479e-09              
        7.47529     6.36639e-09              
        7.47651      1.5916e-09              
        7.47773     3.18319e-09              
        7.47895     6.36639e-09              
        7.48017     4.77479e-09              
        7.48139     7.95798e-09              
        7.48261     3.18319e-09              
        7.48383               0              
        7.48505     4.77479e-09              
        7.48627      1.5916e-09              
        7.48749     9.54958e-09              
        7.48871     4.77479e-09              
        7.48993      1.5916e-09              
        7.49115     7.95798e-09              
        7.49238     3.18319e-09              
         7.4936     4.77479e-09              
        7.49482     3.18319e-09              
        7.49604     3.18319e-09              
        7.49726      1.5916e-09              
        7.49848     3.18319e-09              
         7.4997     4.77479e-09              
        7.50091     6.36639e-09              
        7.50213     6.36639e-09              
        7.50335     4.77479e-09              
        7.50457               0              
        7.50579     6.36639e-09              
        7.50701     4.77479e-09              
        7.50823      1.5916e-09              
        7.50946      1.5916e-09              
        7.51068      1.5916e-09              
         7.5119     3.18319e-09              
        7.51312     4.77479e-09              
        7.51434     3.18319e-09              
        7.51556      1.5916e-09              
        7.51678     4.77479e-09              
          7.518     3.18319e-09              
        7.51922      1.5916e-09              
        7.52044     4.77479e-09              
        7.52166     6.36639e-09              
        7.52288     3.18319e-09              
         7.5241     4.77479e-09              
        7.52532     6.36639e-09              
        7.52656     3.18319e-09              
        7.52778     6.36639e-09              
          7.529     4.77479e-09              
        7.53022     3.18319e-09              
        7.53144     7.95798e-09              
        7.53266     3.18319e-09              
        7.53388     4.77479e-09              
         7.5351     4.77479e-09              
        7.53632      1.5916e-09              
        7.53754     4.77479e-09              
        7.53876     3.18319e-09              
        7.53998     3.18319e-09              
         7.5412     6.36639e-09              
        7.54242     6.36639e-09              
        7.54364     4.77479e-09              
        7.54486     4.77479e-09              
        7.54608     7.95798e-09              
         7.5473     4.77479e-09              
        7.54852     4.77479e-09              
        7.54974     3.18319e-09              
        7.55096     3.18319e-09              
        7.55218     4.77479e-09              
         7.5534      1.5916e-09              
        7.55462     1.11412e-08              
        7.55584     9.54958e-09              
        7.55706     1.11412e-08              
        7.55828               0              
         7.5595      1.5916e-09              
        7.56073      1.5916e-09              
        7.56196     4.77479e-09              
        7.56318     3.18319e-09              
         7.5644     6.36639e-09              
        7.56562     3.18319e-09              
        7.56684               0              
        7.56806     7.95798e-09              
        7.56928     3.18319e-09              
         7.5705     7.95798e-09              
        7.57172     4.77479e-09              
        7.57294     4.77479e-09              
        7.57416     4.77479e-09              
        7.57538     4.77479e-09              
         7.5766     3.18319e-09              
        7.57782     7.95798e-09              
        7.57904     6.36639e-09              
        7.58026     4.77479e-09              
        7.58148      1.5916e-09              
         7.5827      1.5916e-09              
        7.58392     3.18319e-09              
        7.58514               0              
        7.58636     3.18319e-09              
        7.58758      1.5916e-09              
         7.5888     4.77479e-09              
        7.59002     6.36639e-09              
        7.59124     4.77479e-09              
        7.59246     3.18319e-09              
        7.59368     4.77479e-09              
         7.5949               0              
        7.59614     6.36639e-09              
        7.59736     7.95798e-09              
        7.59858     4.77479e-09              
         7.5998     6.36639e-09              
        7.60102     3.18319e-09              
        7.60224               0              
        7.60346     3.18319e-09              
        7.60468     7.95798e-09              
         7.6059     4.77479e-09              
        7.60712      1.5916e-09              
        7.60834     6.36639e-09              
        7.60956     3.18319e-09              
        7.61078     4.77479e-09              
          7.612     4.77479e-09              
        7.61322      1.5916e-09              
        7.61444     3.18319e-09              
        7.61566     3.18319e-09              
        7.61688     6.36639e-09              
         7.6181     4.77479e-09              
        7.61932     1.11412e-08              
        7.62054     4.77479e-09              
        7.62176     4.77479e-09              
        7.62298     4.77479e-09              
         7.6242     6.36639e-09              
        7.62542      1.5916e-09              
        7.62664     3.18319e-09              
        7.62786     9.54958e-09              
        7.62908     7.95798e-09              
        7.63031      1.5916e-09              
        7.63154     4.77479e-09              
        7.63276      1.5916e-09              
        7.63398     4.77479e-09              
         7.6352     4.77479e-09              
        7.63642               0              
        7.63764     4.77479e-09              
        7.63886     3.18319e-09              
        7.64008     3.18319e-09              
         7.6413      1.5916e-09              
        7.64252     7.95798e-09              
        7.64374     4.77479e-09              
        7.64496     6.36639e-09              
        7.64618      1.5916e-09              
         7.6474     3.18319e-09              
        7.64863     7.95798e-09              
        7.64985               0              
        7.65107     4.77479e-09              
        7.65229     3.18319e-09              
        7.65351     6.36639e-09              
        7.65473     3.18319e-09              
        7.65595     6.36639e-09              
        7.65716     3.18319e-09              
        7.65838     4.77479e-09              
         7.6596               0              
        7.66082      1.5916e-09              
        7.66204     4.77479e-09              
        7.66326     6.36639e-09              
        7.66448               0              
        7.66571     3.18319e-09              
        7.66693     3.18319e-09              
        7.66815     3.18319e-09              
        7.66937     6.36639e-09              
        7.67059     6.36639e-09              
        7.67181     4.77479e-09              
        7.67303      1.5916e-09              
        7.67425     6.36639e-09              
        7.67547     6.36639e-09              
        7.67669     6.36639e-09              
        7.67791     3.18319e-09              
        7.67913     3.18319e-09              
        7.68035     3.18319e-09              
        7.68157      1.5916e-09              
        7.68281     4.77479e-09              
        7.68403     3.18319e-09              
        7.68525               0              
        7.68647     6.36639e-09              
        7.68769               0              
        7.68891               0              
        7.69013     4.77479e-09              
        7.69135     4.77479e-09              
        7.69257     3.18319e-09              
        7.69379     4.77479e-09              
        7.69501     3.18319e-09              
        7.69623     3.18319e-09              
        7.69745     4.77479e-09              
        7.69867               0              
        7.69989      1.5916e-09              
        7.70111     3.18319e-09              
        7.70233     3.18319e-09              
        7.70355               0              
        7.70477     7.95798e-09              
        7.70599     3.18319e-09              
        7.70721     3.18319e-09              
        7.70843     4.77479e-09              
        7.70965     6.36639e-09              
        7.71087     4.77479e-09              
        7.71209     6.36639e-09              
        7.71331               0              
        7.71453     3.18319e-09              
        7.71575     3.18319e-09              
        7.71698               0              
        7.71821     3.18319e-09              
        7.71943               0              
        7.72065     4.77479e-09              
        7.72187     3.18319e-09              
        7.72309     6.36639e-09              
        7.72431      1.5916e-09              
        7.72553     4.77479e-09              
        7.72675     7.95798e-09              
        7.72797     3.18319e-09              
        7.72919      1.5916e-09              
        7.73041     4.77479e-09              
        7.73163     7.95798e-09              
        7.73285     4.77479e-09              
        7.73407     9.54958e-09              
        7.73529     3.18319e-09              
        7.73651     4.77479e-09              
        7.73773     3.18319e-09              
        7.73895     9.54958e-09              
        7.74017      1.5916e-09              
        7.74139     3.18319e-09              
        7.74261     6.36639e-09              
        7.74383     3.18319e-09              
        7.74505     3.18319e-09              
        7.74627     6.36639e-09              
        7.74749               0              
        7.74871     7.95798e-09              
        7.74993     7.95798e-09              
        7.75115               0              
        7.75239     3.18319e-09              
        7.75361               0              
        7.75483     3.18319e-09              
        7.75605      1.5916e-09              
        7.75727     4.77479e-09              
        7.75849     3.18319e-09              
        7.75971     4.77479e-09              
        7.76093     1.11412e-08              
        7.76215     3.18319e-09              
        7.76337     4.77479e-09              
        7.76459     7.95798e-09              
        7.76581     6.36639e-09              
        7.76703      1.5916e-09              
        7.76825               0              
        7.76947     6.36639e-09              
        7.77069      1.5916e-09              
        7.77191     4.77479e-09              
        7.77313      1.5916e-09              
        7.77435     3.18319e-09              
        7.77557     1.11412e-08              
        7.77679     3.18319e-09              
        7.77801     6.36639e-09              
        7.77923     3.18319e-09              
        7.78045     3.18319e-09              
        7.78167     6.36639e-09              
        7.78289               0              
        7.78411     6.36639e-09              
        7.78533               0              
        7.78656     6.36639e-09              
        7.78779      1.5916e-09              
        7.78901     6.36639e-09              
        7.79023     3.18319e-09              
        7.79145     3.18319e-09              
        7.79267     4.77479e-09              
        7.79389      1.5916e-09              
        7.79511     4.77479e-09              
        7.79633     6.36639e-09              
        7.79755               0              
        7.79877      1.5916e-09              
        7.79999     3.18319e-09              
        7.80121     3.18319e-09              
        7.80243      1.5916e-09              
        7.80365     4.77479e-09              
        7.80488               0              
         7.8061     3.18319e-09              
        7.80732     3.18319e-09              
        7.80854     7.95798e-09              
        7.80976     4.77479e-09              
        7.81098      1.5916e-09              
         7.8122     4.77479e-09              
        7.81341      1.5916e-09              
        7.81463     9.54958e-09              
        7.81585     7.95798e-09              
        7.81707      1.5916e-09              
        7.81829      1.5916e-09              
        7.81951      1.5916e-09              
        7.82073     4.77479e-09              
        7.82196     4.77479e-09              
        7.82318     4.77479e-09              
         7.8244     3.18319e-09              
        7.82562     4.77479e-09              
        7.82684     7.95798e-09              
        7.82806     3.18319e-09              
        7.82928     4.77479e-09              
         7.8305      1.5916e-09              
        7.83172     3.18319e-09              
        7.83294      1.5916e-09              
        7.83416     4.77479e-09              
        7.83538      1.5916e-09              
         7.8366               0              
        7.83782     3.18319e-09              
        7.83906     6.36639e-09              
        7.84028     6.36639e-09              
         7.8415     3.18319e-09              
        7.84272      1.5916e-09              
        7.84394     6.36639e-09              
        7.84516     4.77479e-09              
        7.84638               0              
         7.8476     4.77479e-09              
        7.84882     6.36639e-09              
        7.85004     4.77479e-09              
        7.85126     6.36639e-09              
        7.85248     4.77479e-09              
         7.8537     3.18319e-09              
        7.85492     3.18319e-09              
        7.85614     3.18319e-09              
        7.85736     3.18319e-09              
        7.85858               0              
         7.8598               0              
        7.86102     9.54958e-09              
        7.86224     4.77479e-09              
        7.86346     3.18319e-09              
        7.86468     9.54958e-09              
         7.8659      1.5916e-09              
        7.86712      1.5916e-09              
        7.86834     4.77479e-09              
        7.86956     3.18319e-09              
        7.87078      1.5916e-09              
          7.872               0              
        7.87323      1.5916e-09              
        7.87446     3.18319e-09              
        7.87568     1.27328e-08              
         7.8769     6.36639e-09              
        7.87812      1.5916e-09              
        7.87934     3.18319e-09              
        7.88056      1.5916e-09              
        7.88178     3.18319e-09              
          7.883     3.18319e-09              
        7.88422     4.77479e-09              
        7.88544     3.18319e-09              
        7.88666     4.77479e-09              
        7.88788      1.5916e-09              
         7.8891     3.18319e-09              
        7.89032     1.11412e-08              
        7.89154     3.18319e-09              
        7.89276      1.5916e-09              
        7.89398     4.77479e-09              
         7.8952      1.5916e-09              
        7.89642     6.36639e-09              
        7.89764     3.18319e-09              
        7.89886     4.77479e-09              
        7.90008     4.77479e-09              
         7.9013     3.18319e-09              
        7.90252     3.18319e-09              
        7.90374     6.36639e-09              
        7.90496      1.5916e-09              
        7.90618     7.95798e-09              
         7.9074      1.5916e-09              
        7.90864     6.36639e-09              
        7.90986     3.18319e-09              
        7.91108     3.18319e-09              
         7.9123      1.5916e-09              
        7.91352     4.77479e-09              
        7.91474     3.18319e-09              
        7.91596     3.18319e-09              
        7.91718     6.36639e-09              
         7.9184      1.5916e-09              
        7.91962               0              
        7.92084     9.54958e-09              
        7.92206     9.54958e-09              
        7.92328      1.5916e-09              
         7.9245               0              
        7.92572      1.5916e-09              
        7.92694     3.18319e-09              
        7.92816     4.77479e-09              
        7.92938     4.77479e-09              
         7.9306      1.5916e-09              
        7.93182      1.5916e-09              
        7.93304     3.18319e-09              
        7.93426     9.54958e-09              
        7.93548     4.77479e-09              
         7.9367     3.18319e-09              
        7.93792     4.77479e-09              
        7.93914      1.5916e-09              
        7.94036     4.77479e-09              
        7.94158      1.5916e-09              
        7.94281     4.77479e-09              
        7.94404     9.54958e-09              
        7.94526      1.5916e-09              
        7.94648     6.36639e-09              
         7.9477     3.18319e-09              
        7.94892     4.77479e-09              
        7.95014     3.18319e-09              
        7.95136     6.36639e-09              
        7.95258     4.77479e-09              
         7.9538     6.36639e-09              
        7.95502      1.5916e-09              
        7.95624     3.18319e-09              
        7.95746               0              
        7.95868     9.54958e-09              
         7.9599     3.18319e-09              
        7.96113     3.18319e-09              
        7.96235     6.36639e-09              
        7.96357     3.18319e-09              
        7.96479     3.18319e-09              
        7.96601     3.18319e-09              
        7.96723     3.18319e-09              
        7.96845     7.95798e-09              
        7.96966     3.18319e-09              
        7.97088     7.95798e-09              
         7.9721     3.18319e-09              
        7.97332     4.77479e-09              
        7.97454     4.77479e-09              
        7.97576     6.36639e-09              
        7.97698      1.5916e-09              
        7.97821     3.18319e-09              
        7.97943     6.36639e-09              
        7.98065               0              
        7.98187     6.36639e-09              
        7.98309     4.77479e-09              
        7.98431     4.77479e-09              
        7.98553     3.18319e-09              
        7.98675     4.77479e-09              
        7.98797     1.11412e-08              
        7.98919      1.5916e-09              
        7.99041     3.18319e-09              
        7.99163     4.77479e-09              
        7.99285     4.77479e-09              
        7.99407     7.95798e-09              
        7.99531      1.5916e-09              
