        8.99628      1.5916e-09              
         8.9975      1.5916e-09              
        8.99872      1.5916e-09              
        8.99994     3.18319e-09              
        9.00116     3.18319e-09              
        9.00239     4.77479e-09              
        9.00361               0              
        9.00483     3.18319e-09              
        9.00605     4.77479e-09              
        9.00727     3.18319e-09              
        9.00849     3.18319e-09              
        9.00971               0              
        9.01093      1.5916e-09              
        9.01215     4.77479e-09              
        9.01337     7.95798e-09              
        9.01459     3.18319e-09              
        9.01581      1.5916e-09              
        9.01703     3.18319e-09              
        9.01825      1.5916e-09              
        9.01947      1.5916e-09              
        9.02069               0              
        9.02191     4.77479e-09              
        9.02313     3.18319e-09              
        9.02435     4.77479e-09              
        9.02557     6.36639e-09              
        9.02679     3.18319e-09              
        9.02801               0              
        9.02923     3.18319e-09              
        9.03045     4.77479e-09              
        9.03167      1.5916e-09              
        9.03289     3.18319e-09              
        9.03411      1.5916e-09              
        9.03533               0              
        9.03656      1.5916e-09              
        9.03778     3.18319e-09              
          9.039               0              
        9.04022               0              
        9.04144     7.95798e-09              
        9.04266     3.18319e-09              
        9.04388     4.77479e-09              
         9.0451     3.18319e-09              
        9.04632      1.5916e-09              
        9.04754     6.36639e-09              
        9.04876     4.77479e-09              
        9.04998     3.18319e-09              
         9.0512     6.36639e-09              
        9.05242     3.18319e-09              
        9.05365      1.5916e-09              
        9.05487     3.18319e-09              
        9.05609      1.5916e-09              
        9.05731     4.77479e-09              
        9.05853     4.77479e-09              
        9.05975     3.18319e-09              
        9.06097     4.77479e-09              
        9.06219     3.18319e-09              
        9.06341     3.18319e-09              
        9.06463      1.5916e-09              
        9.06585     6.36639e-09              
        9.06707     3.18319e-09              
        9.06829      1.5916e-09              
        9.06951     4.77479e-09              
        9.07073     3.18319e-09              
        9.07196     7.95798e-09              
        9.07318     3.18319e-09              
         9.0744      1.5916e-09              
        9.07562               0              
        9.07684      1.5916e-09              
        9.07806               0              
        9.07928     4.77479e-09              
         9.0805     4.77479e-09              
        9.08172     3.18319e-09              
        9.08294     3.18319e-09              
        9.08416     4.77479e-09              
        9.08538      1.5916e-09              
         9.0866     4.77479e-09              
        9.08782     4.77479e-09              
        9.08905      1.5916e-09              
        9.09027               0              
        9.09149      1.5916e-09              
        9.09271     9.54958e-09              
        9.09393      1.5916e-09              
        9.09515     7.95798e-09              
        9.09637      1.5916e-09              
        9.09759     3.18319e-09              
        9.09881     3.18319e-09              
        9.10003      1.5916e-09              
        9.10125      1.5916e-09              
        9.10247               0              
        9.10369     3.18319e-09              
        9.10491               0              
        9.10614      1.5916e-09              
        9.10737     3.18319e-09              
        9.10859               0              
        9.10981     4.77479e-09              
        9.11103      1.5916e-09              
        9.11225     3.18319e-09              
        9.11347      1.5916e-09              
        9.11469     4.77479e-09              
        9.11591     3.18319e-09              
        9.11713     6.36639e-09              
        9.11835               0              
        9.11957     3.18319e-09              
        9.12079      1.5916e-09              
        9.12201               0              
        9.12323               0              
        9.12446               0              
        9.12568               0              
         9.1269     4.77479e-09              
        9.12812     7.95798e-09              
        9.12934     6.36639e-09              
        9.13056               0              
        9.13178     3.18319e-09              
          9.133     4.77479e-09              
        9.13422     3.18319e-09              
        9.13544               0              
        9.13666     3.18319e-09              
        9.13788      1.5916e-09              
         9.1391               0              
        9.14032      1.5916e-09              
        9.14155      1.5916e-09              
        9.14277      1.5916e-09              
        9.14399               0              
        9.14521     4.77479e-09              
        9.14643      1.5916e-09              
        9.14765      1.5916e-09              
        9.14887     3.18319e-09              
        9.15009               0              
        9.15131               0              
        9.15253      1.5916e-09              
        9.15375     3.18319e-09              
        9.15497               0              
        9.15619     3.18319e-09              
        9.15741               0              
        9.15864     3.18319e-09              
        9.15986      1.5916e-09              
        9.16108               0              
         9.1623     6.36639e-09              
        9.16352               0              
        9.16474               0              
        9.16596     4.77479e-09              
        9.16718      1.5916e-09              
         9.1684      1.5916e-09              
        9.16962     6.36639e-09              
        9.17084     6.36639e-09              
        9.17206     3.18319e-09              
        9.17328               0              
         9.1745     6.36639e-09              
        9.17572      1.5916e-09              
        9.17694      1.5916e-09              
        9.17816      1.5916e-09              
        9.17938     3.18319e-09              
         9.1806      1.5916e-09              
        9.18182               0              
        9.18304     3.18319e-09              
        9.18426      1.5916e-09              
        9.18548               0              
         9.1867     4.77479e-09              
        9.18792               0              
        9.18914     3.18319e-09              
        9.19036               0              
        9.19158     6.36639e-09              
        9.19281     4.77479e-09              
        9.19403      1.5916e-09              
        9.19525               0              
        9.19647               0              
        9.19769               0              
        9.19891     3.18319e-09              
        9.20013               0              
        9.20135     3.18319e-09              
        9.20257     6.36639e-09              
        9.20379     4.77479e-09              
        9.20501      1.5916e-09              
        9.20623     6.36639e-09              
        9.20745      1.5916e-09              
        9.20867      1.5916e-09              
         9.2099     4.77479e-09              
        9.21112     6.36639e-09              
        9.21234      1.5916e-09              
        9.21356      1.5916e-09              
        9.21478     6.36639e-09              
          9.216     3.18319e-09              
        9.21722     3.18319e-09              
        9.21844     4.77479e-09              
        9.21966     4.77479e-09              
        9.22088               0              
         9.2221      1.5916e-09              
        9.22332      1.5916e-09              
        9.22454     6.36639e-09              
        9.22576               0              
        9.22698     4.77479e-09              
        9.22821      1.5916e-09              
        9.22943      1.5916e-09              
        9.23065     3.18319e-09              
        9.23187     3.18319e-09              
        9.23309     6.36639e-09              
        9.23431      1.5916e-09              
        9.23553     3.18319e-09              
        9.23675      1.5916e-09              
        9.23797     3.18319e-09              
        9.23919     6.36639e-09              
        9.24041      1.5916e-09              
        9.24163     4.77479e-09              
        9.24285     6.36639e-09              
        9.24407      1.5916e-09              
         9.2453     3.18319e-09              
        9.24652               0              
        9.24774     3.18319e-09              
        9.24896     4.77479e-09              
        9.25018     3.18319e-09              
         9.2514      1.5916e-09              
        9.25262      1.5916e-09              
        9.25384     4.77479e-09              
        9.25506               0              
        9.25628     3.18319e-09              
         9.2575      1.5916e-09              
        9.25872     4.77479e-09              
        9.25994      1.5916e-09              
        9.26116               0              
        9.26239      1.5916e-09              
        9.26362      1.5916e-09              
        9.26484      1.5916e-09              
        9.26606               0              
        9.26728     7.95798e-09              
         9.2685      1.5916e-09              
        9.26972     4.77479e-09              
        9.27094      1.5916e-09              
        9.27216               0              
        9.27338               0              
         9.2746      1.5916e-09              
        9.27582      1.5916e-09              
        9.27704     3.18319e-09              
        9.27826      1.5916e-09              
        9.27948     6.36639e-09              
        9.28071     3.18319e-09              
        9.28193      1.5916e-09              
        9.28315      1.5916e-09              
        9.28437      1.5916e-09              
        9.28559      1.5916e-09              
        9.28681     3.18319e-09              
        9.28803               0              
        9.28925               0              
        9.29047     4.77479e-09              
        9.29169      1.5916e-09              
        9.29291     3.18319e-09              
        9.29413     4.77479e-09              
        9.29535     3.18319e-09              
        9.29657     7.95798e-09              
         9.2978      1.5916e-09              
        9.29902     3.18319e-09              
        9.30024               0              
        9.30146     3.18319e-09              
        9.30268     4.77479e-09              
         9.3039     7.95798e-09              
        9.30512     3.18319e-09              
        9.30634      1.5916e-09              
        9.30756     4.77479e-09              
        9.30878      1.5916e-09              
           9.31      1.5916e-09              
        9.31122               0              
        9.31244               0              
        9.31366     3.18319e-09              
        9.31489      1.5916e-09              
        9.31611     4.77479e-09              
        9.31733     3.18319e-09              
        9.31855     3.18319e-09              
        9.31977     6.36639e-09              
        9.32099      1.5916e-09              
        9.32221      1.5916e-09              
        9.32343     3.18319e-09              
        9.32465               0              
        9.32587               0              
        9.32709               0              
        9.32831      1.5916e-09              
        9.32953      1.5916e-09              
        9.33075      1.5916e-09              
        9.33197      1.5916e-09              
        9.33319      1.5916e-09              
        9.33441      1.5916e-09              
        9.33563     3.18319e-09              
        9.33685     4.77479e-09              
        9.33807               0              
        9.33929      1.5916e-09              
        9.34051               0              
        9.34173     3.18319e-09              
        9.34295               0              
        9.34417      1.5916e-09              
        9.34539      1.5916e-09              
        9.34661     4.77479e-09              
        9.34783     3.18319e-09              
        9.34906     4.77479e-09              
        9.35028     6.36639e-09              
         9.3515      1.5916e-09              
        9.35272               0              
        9.35394     4.77479e-09              
        9.35516      1.5916e-09              
        9.35638     4.77479e-09              
         9.3576               0              
        9.35882               0              
        9.36004     6.36639e-09              
        9.36126      1.5916e-09              
        9.36248               0              
         9.3637     3.18319e-09              
        9.36492               0              
        9.36615     6.36639e-09              
        9.36737      1.5916e-09              
        9.36859      1.5916e-09              
        9.36981      1.5916e-09              
        9.37103      1.5916e-09              
        9.37225     3.18319e-09              
        9.37347      1.5916e-09              
        9.37469     3.18319e-09              
        9.37591      1.5916e-09              
        9.37713      1.5916e-09              
        9.37835               0              
        9.37957      1.5916e-09              
        9.38079     3.18319e-09              
        9.38201               0              
        9.38323     6.36639e-09              
        9.38446      1.5916e-09              
        9.38568     3.18319e-09              
         9.3869      1.5916e-09              
        9.38812      1.5916e-09              
        9.38934     4.77479e-09              
        9.39056     4.77479e-09              
        9.39178      1.5916e-09              
          9.393     3.18319e-09              
        9.39422     3.18319e-09              
        9.39544     4.77479e-09              
        9.39666               0              
        9.39788     4.77479e-09              
         9.3991               0              
        9.40032      1.5916e-09              
        9.40155     3.18319e-09              
        9.40277     4.77479e-09              
        9.40399      1.5916e-09              
        9.40521     4.77479e-09              
        9.40643               0              
        9.40765               0              
        9.40887               0              
        9.41009     7.95798e-09              
        9.41131     4.77479e-09              
        9.41253     4.77479e-09              
        9.41375               0              
        9.41497      1.5916e-09              
        9.41619     3.18319e-09              
        9.41741     3.18319e-09              
        9.41864               0              
        9.41987     3.18319e-09              
        9.42109     4.77479e-09              
        9.42231      1.5916e-09              
        9.42353     3.18319e-09              
        9.42475     3.18319e-09              
        9.42597     7.95798e-09              
        9.42719      1.5916e-09              
        9.42841      1.5916e-09              
        9.42963     3.18319e-09              
        9.43085     3.18319e-09              
        9.43207     4.77479e-09              
        9.43329      1.5916e-09              
        9.43451     3.18319e-09              
        9.43573     3.18319e-09              
        9.43696               0              
        9.43818     3.18319e-09              
         9.4394      1.5916e-09              
        9.44062      1.5916e-09              
        9.44184      1.5916e-09              
        9.44306     3.18319e-09              
        9.44428               0              
         9.4455               0              
        9.44672               0              
        9.44794     4.77479e-09              
        9.44916      1.5916e-09              
        9.45038     4.77479e-09              
         9.4516     3.18319e-09              
        9.45282      1.5916e-09              
        9.45405      1.5916e-09              
        9.45527               0              
        9.45649      1.5916e-09              
        9.45771     4.77479e-09              
        9.45893               0              
        9.46015     6.36639e-09              
        9.46137               0              
        9.46259     6.36639e-09              
        9.46381     4.77479e-09              
        9.46503               0              
        9.46625      1.5916e-09              
        9.46747     4.77479e-09              
        9.46869               0              
        9.46991      1.5916e-09              
        9.47114               0              
        9.47236               0              
        9.47358               0              
         9.4748     6.36639e-09              
        9.47602     4.77479e-09              
        9.47724      1.5916e-09              
        9.47846               0              
        9.47968      1.5916e-09              
         9.4809     3.18319e-09              
        9.48212     3.18319e-09              
        9.48334     3.18319e-09              
        9.48456      1.5916e-09              
        9.48578     3.18319e-09              
          9.487               0              
        9.48822     3.18319e-09              
        9.48944               0              
        9.49066     3.18319e-09              
        9.49188      1.5916e-09              
         9.4931               0              
        9.49432     6.36639e-09              
        9.49554     4.77479e-09              
        9.49676     6.36639e-09              
        9.49798      1.5916e-09              
         9.4992      1.5916e-09              
        9.50042               0              
        9.50164      1.5916e-09              
        9.50286     3.18319e-09              
        9.50408     4.77479e-09              
        9.50531               0              
        9.50653     4.77479e-09              
        9.50775      1.5916e-09              
        9.50897     4.77479e-09              
        9.51019     3.18319e-09              
        9.51141      1.5916e-09              
        9.51263     4.77479e-09              
        9.51385               0              
        9.51507      1.5916e-09              
        9.51629     3.18319e-09              
        9.51751               0              
        9.51873      1.5916e-09              
        9.51995     7.95798e-09              
        9.52117     4.77479e-09              
         9.5224      1.5916e-09              
        9.52362               0              
        9.52484     3.18319e-09              
        9.52606      1.5916e-09              
        9.52728               0              
         9.5285     3.18319e-09              
        9.52972     4.77479e-09              
        9.53094     3.18319e-09              
        9.53216               0              
        9.53338               0              
         9.5346     3.18319e-09              
        9.53582     3.18319e-09              
        9.53704     3.18319e-09              
        9.53826               0              
        9.53948      1.5916e-09              
        9.54071     4.77479e-09              
        9.54193      1.5916e-09              
        9.54315               0              
        9.54437               0              
        9.54559     3.18319e-09              
        9.54681     3.18319e-09              
        9.54803      1.5916e-09              
        9.54925               0              
        9.55047      1.5916e-09              
        9.55169      1.5916e-09              
        9.55291               0              
        9.55413               0              
        9.55535     3.18319e-09              
        9.55657      1.5916e-09              
         9.5578     3.18319e-09              
        9.55902     4.77479e-09              
        9.56024      1.5916e-09              
        9.56146               0              
        9.56268               0              
         9.5639     4.77479e-09              
        9.56512     4.77479e-09              
        9.56634      1.5916e-09              
        9.56756     4.77479e-09              
        9.56878     3.18319e-09              
           9.57     3.18319e-09              
        9.57122      1.5916e-09              
        9.57244               0              
        9.57366               0              
        9.57489     4.77479e-09              
        9.57612      1.5916e-09              
        9.57734      1.5916e-09              
        9.57856     4.77479e-09              
        9.57978     3.18319e-09              
          9.581      1.5916e-09              
        9.58222     3.18319e-09              
        9.58344               0              
        9.58466      1.5916e-09              
        9.58588               0              
         9.5871     3.18319e-09              
        9.58832      1.5916e-09              
        9.58954     3.18319e-09              
        9.59076               0              
        9.59198               0              
        9.59321      1.5916e-09              
        9.59443      1.5916e-09              
        9.59565     3.18319e-09              
        9.59687      1.5916e-09              
        9.59809     4.77479e-09              
        9.59931               0              
        9.60053      1.5916e-09              
        9.60175     3.18319e-09              
        9.60297      1.5916e-09              
        9.60419      1.5916e-09              
        9.60541      1.5916e-09              
        9.60663     3.18319e-09              
        9.60785     3.18319e-09              
        9.60907     3.18319e-09              
         9.6103               0              
        9.61152      1.5916e-09              
        9.61274      1.5916e-09              
        9.61396      1.5916e-09              
        9.61518      1.5916e-09              
         9.6164               0              
        9.61762               0              
        9.61884      1.5916e-09              
        9.62006      1.5916e-09              
        9.62128     4.77479e-09              
         9.6225      1.5916e-09              
        9.62372     6.36639e-09              
        9.62494     6.36639e-09              
        9.62616               0              
        9.62739     3.18319e-09              
        9.62861               0              
        9.62983      1.5916e-09              
        9.63105      1.5916e-09              
        9.63227               0              
        9.63349     4.77479e-09              
        9.63471      1.5916e-09              
        9.63593               0              
        9.63715      1.5916e-09              
        9.63837     4.77479e-09              
        9.63959     3.18319e-09              
        9.64081     4.77479e-09              
        9.64203               0              
        9.64325     3.18319e-09              
        9.64447               0              
        9.64569               0              
        9.64691     3.18319e-09              
        9.64813     3.18319e-09              
        9.64935      1.5916e-09              
        9.65057      1.5916e-09              
        9.65179      1.5916e-09              
        9.65301               0              
        9.65423               0              
        9.65545     3.18319e-09              
        9.65667     3.18319e-09              
        9.65789               0              
        9.65911               0              
        9.66033     3.18319e-09              
        9.66156     3.18319e-09              
        9.66278               0              
          9.664               0              
        9.66522     3.18319e-09              
        9.66644      1.5916e-09              
        9.66766      1.5916e-09              
        9.66888     6.36639e-09              
         9.6701     6.36639e-09              
        9.67132     4.77479e-09              
        9.67254      1.5916e-09              
        9.67376     6.36639e-09              
        9.67498               0              
         9.6762     3.18319e-09              
        9.67742               0              
        9.67865      1.5916e-09              
        9.67987               0              
        9.68109     3.18319e-09              
        9.68231               0              
        9.68353               0              
        9.68475      1.5916e-09              
        9.68597      1.5916e-09              
        9.68719      1.5916e-09              
        9.68841      1.5916e-09              
        9.68963      1.5916e-09              
        9.69085      1.5916e-09              
        9.69207     4.77479e-09              
        9.69329      1.5916e-09              
        9.69451      1.5916e-09              
        9.69573     3.18319e-09              
        9.69696     3.18319e-09              
        9.69818     3.18319e-09              
         9.6994      1.5916e-09              
        9.70062      1.5916e-09              
        9.70184      1.5916e-09              
        9.70306      1.5916e-09              
        9.70428      1.5916e-09              
         9.7055      1.5916e-09              
        9.70672      1.5916e-09              
        9.70794     3.18319e-09              
        9.70916      1.5916e-09              
        9.71038     3.18319e-09              
         9.7116      1.5916e-09              
        9.71282      1.5916e-09              
        9.71405               0              
        9.71527               0              
        9.71649               0              
        9.71771      1.5916e-09              
        9.71893     4.77479e-09              
        9.72015               0              
        9.72137     4.77479e-09              
        9.72259               0              
        9.72381               0              
        9.72503               0              
        9.72625      1.5916e-09              
        9.72747      1.5916e-09              
        9.72869               0              
        9.72991               0              
        9.73114     3.18319e-09              
        9.73237     3.18319e-09              
        9.73359     3.18319e-09              
        9.73481      1.5916e-09              
        9.73603      1.5916e-09              
        9.73725               0              
        9.73847      1.5916e-09              
        9.73969     3.18319e-09              
        9.74091     3.18319e-09              
        9.74213     3.18319e-09              
        9.74335     4.77479e-09              
        9.74457     3.18319e-09              
        9.74579               0              
        9.74701     4.77479e-09              
        9.74823     3.18319e-09              
        9.74946               0              
        9.75068     3.18319e-09              
         9.7519      1.5916e-09              
        9.75312               0              
        9.75434      1.5916e-09              
        9.75556     3.18319e-09              
        9.75678               0              
          9.758               0              
        9.75922     3.18319e-09              
        9.76044               0              
        9.76166     4.77479e-09              
        9.76288     3.18319e-09              
         9.7641               0              
        9.76532      1.5916e-09              
        9.76655               0              
        9.76777               0              
        9.76899      1.5916e-09              
        9.77021     3.18319e-09              
        9.77143               0              
        9.77265      1.5916e-09              
        9.77387               0              
        9.77509     3.18319e-09              
        9.77631               0              
        9.77753     3.18319e-09              
        9.77875     3.18319e-09              
        9.77997     6.36639e-09              
        9.78119     3.18319e-09              
        9.78241               0              
        9.78364     3.18319e-09              
        9.78486     3.18319e-09              
        9.78608      1.5916e-09              
         9.7873     3.18319e-09              
        9.78852      1.5916e-09              
        9.78974      1.5916e-09              
        9.79096               0              
        9.79218      1.5916e-09              
         9.7934     6.36639e-09              
        9.79462               0              
        9.79584               0              
        9.79706      1.5916e-09              
        9.79828      1.5916e-09              
         9.7995               0              
        9.80072     4.77479e-09              
        9.80194     3.18319e-09              
        9.80316      1.5916e-09              
        9.80438               0              
         9.8056     3.18319e-09              
        9.80682      1.5916e-09              
        9.80804               0              
        9.80926      1.5916e-09              
        9.81048     3.18319e-09              
         9.8117      1.5916e-09              
        9.81292               0              
        9.81414      1.5916e-09              
        9.81536      1.5916e-09              
        9.81658               0              
        9.81781      1.5916e-09              
        9.81903     3.18319e-09              
        9.82025     3.18319e-09              
        9.82147               0              
        9.82269               0              
        9.82391      1.5916e-09              
        9.82513     6.36639e-09              
        9.82635               0              
        9.82757     4.77479e-09              
        9.82879     3.18319e-09              
        9.83001      1.5916e-09              
        9.83123               0              
        9.83245     3.18319e-09              
        9.83367               0              
         9.8349      1.5916e-09              
        9.83612      1.5916e-09              
        9.83734     6.36639e-09              
        9.83856               0              
        9.83978     3.18319e-09              
          9.841      1.5916e-09              
        9.84222               0              
        9.84344               0              
        9.84466               0              
        9.84588               0              
         9.8471               0              
        9.84832      1.5916e-09              
        9.84954     3.18319e-09              
        9.85076               0              
        9.85198     3.18319e-09              
        9.85321     3.18319e-09              
        9.85443     3.18319e-09              
        9.85565               0              
        9.85687               0              
        9.85809      1.5916e-09              
        9.85931               0              
        9.86053      1.5916e-09              
        9.86175     3.18319e-09              
        9.86297      1.5916e-09              
        9.86419      1.5916e-09              
        9.86541     3.18319e-09              
        9.86663               0              
        9.86785      1.5916e-09              
        9.86907               0              
         9.8703               0              
        9.87152      1.5916e-09              
        9.87274     4.77479e-09              
        9.87396               0              
        9.87518     3.18319e-09              
         9.8764      1.5916e-09              
        9.87762      1.5916e-09              
        9.87884     3.18319e-09              
        9.88006      1.5916e-09              
        9.88128      1.5916e-09              
         9.8825      1.5916e-09              
        9.88372     3.18319e-09              
        9.88494      1.5916e-09              
        9.88616      1.5916e-09              
        9.88739      1.5916e-09              
        9.88862     4.77479e-09              
        9.88984               0              
        9.89106      1.5916e-09              
        9.89228               0              
         9.8935     6.36639e-09              
        9.89472     3.18319e-09              
        9.89594      1.5916e-09              
        9.89716     3.18319e-09              
        9.89838               0              
         9.8996               0              
        9.90082     4.77479e-09              
        9.90204               0              
        9.90326               0              
        9.90448     4.77479e-09              
        9.90571     3.18319e-09              
        9.90693      1.5916e-09              
        9.90815      1.5916e-09              
        9.90937               0              
        9.91059     4.77479e-09              
        9.91181               0              
        9.91303     3.18319e-09              
        9.91425      1.5916e-09              
        9.91547     7.95798e-09              
        9.91669     3.18319e-09              
        9.91791               0              
        9.91913     3.18319e-09              
        9.92035     3.18319e-09              
        9.92157               0              
         9.9228               0              
        9.92402     3.18319e-09              
        9.92524     4.77479e-09              
        9.92646     3.18319e-09              
        9.92768     3.18319e-09              
         9.9289      1.5916e-09              
        9.93012      1.5916e-09              
        9.93134      1.5916e-09              
        9.93256               0              
        9.93378     3.18319e-09              
          9.935               0              
        9.93622     3.18319e-09              
        9.93744     3.18319e-09              
        9.93866               0              
        9.93989     4.77479e-09              
        9.94111               0              
        9.94233     3.18319e-09              
        9.94355               0              
        9.94477      1.5916e-09              
        9.94599      1.5916e-09              
        9.94721     3.18319e-09              
        9.94843               0              
        9.94965               0              
        9.95087               0              
        9.95209     3.18319e-09              
        9.95331     4.77479e-09              
        9.95453      1.5916e-09              
        9.95575               0              
        9.95697      1.5916e-09              
        9.95819      1.5916e-09              
        9.95941               0              
        9.96063      1.5916e-09              
        9.96185               0              
        9.96307      1.5916e-09              
        9.96429               0              
        9.96551     4.77479e-09              
        9.96673      1.5916e-09              
        9.96795               0              
        9.96917      1.5916e-09              
        9.97039     3.18319e-09              
        9.97161     3.18319e-09              
        9.97283      1.5916e-09              
        9.97406               0              
        9.97528      1.5916e-09              
         9.9765      1.5916e-09              
        9.97772               0              
        9.97894     3.18319e-09              
        9.98016               0              
        9.98138      1.5916e-09              
         9.9826               0              
        9.98382               0              
        9.98504               0              
        9.98626      1.5916e-09              
        9.98748      1.5916e-09              
         9.9887     3.18319e-09              
        9.98992      1.5916e-09              
        9.99115               0              
        9.99237      1.5916e-09              
        9.99359     4.77479e-09              
        9.99481     4.77479e-09              
