        7.99653     4.77479e-09              
        7.99775     4.77479e-09              
        7.99897     4.77479e-09              
        8.00019      1.5916e-09              
         8.0014     6.36639e-09              
        8.00262     3.18319e-09              
        8.00384     3.18319e-09              
        8.00506      1.5916e-09              
        8.00628               0              
         8.0075     4.77479e-09              
        8.00872      1.5916e-09              
        8.00994               0              
        8.01116               0              
        8.01239     3.18319e-09              
        8.01362     9.54958e-09              
        8.01484     3.18319e-09              
        8.01606     3.18319e-09              
        8.01728     7.95798e-09              
         8.0185     4.77479e-09              
        8.01972     3.18319e-09              
        8.02094     6.36639e-09              
        8.02216      1.5916e-09              
        8.02338      1.5916e-09              
         8.0246     3.18319e-09              
        8.02582     7.95798e-09              
        8.02704     6.36639e-09              
        8.02826     3.18319e-09              
        8.02948     7.95798e-09              
        8.03071     6.36639e-09              
        8.03193     4.77479e-09              
        8.03315     6.36639e-09              
        8.03437               0              
        8.03559     4.77479e-09              
        8.03681     4.77479e-09              
        8.03803      1.5916e-09              
        8.03925     6.36639e-09              
        8.04047     3.18319e-09              
        8.04169     4.77479e-09              
        8.04291      1.5916e-09              
        8.04413     7.95798e-09              
        8.04535     3.18319e-09              
        8.04657      1.5916e-09              
         8.0478      1.5916e-09              
        8.04902     4.77479e-09              
        8.05024     3.18319e-09              
        8.05146      1.5916e-09              
        8.05268     3.18319e-09              
         8.0539     3.18319e-09              
        8.05512     7.95798e-09              
        8.05634     6.36639e-09              
        8.05756      1.5916e-09              
        8.05878      1.5916e-09              
           8.06      1.5916e-09              
        8.06122               0              
        8.06244     6.36639e-09              
        8.06366     4.77479e-09              
        8.06489     4.77479e-09              
        8.06611     7.95798e-09              
        8.06733     3.18319e-09              
        8.06855     6.36639e-09              
        8.06977     1.11412e-08              
        8.07099     3.18319e-09              
        8.07221     3.18319e-09              
        8.07343     4.77479e-09              
        8.07465     3.18319e-09              
        8.07587     3.18319e-09              
        8.07709      1.5916e-09              
        8.07831      1.5916e-09              
        8.07953     6.36639e-09              
        8.08075     4.77479e-09              
        8.08197     7.95798e-09              
        8.08319     3.18319e-09              
        8.08441     7.95798e-09              
        8.08563     7.95798e-09              
        8.08685     3.18319e-09              
        8.08807     4.77479e-09              
        8.08929     7.95798e-09              
        8.09051      1.5916e-09              
        8.09173     4.77479e-09              
        8.09295      1.5916e-09              
        8.09417     6.36639e-09              
        8.09539     4.77479e-09              
        8.09661     7.95798e-09              
        8.09783     3.18319e-09              
        8.09906     3.18319e-09              
        8.10028     4.77479e-09              
         8.1015     7.95798e-09              
        8.10272     3.18319e-09              
        8.10394     4.77479e-09              
        8.10516     3.18319e-09              
        8.10638     3.18319e-09              
         8.1076     7.95798e-09              
        8.10882               0              
        8.11004     6.36639e-09              
        8.11126     3.18319e-09              
        8.11248     4.77479e-09              
         8.1137     7.95798e-09              
        8.11492     4.77479e-09              
        8.11615     4.77479e-09              
        8.11737      1.5916e-09              
        8.11859     6.36639e-09              
        8.11981     4.77479e-09              
        8.12103     3.18319e-09              
        8.12225     4.77479e-09              
        8.12347     6.36639e-09              
        8.12469               0              
        8.12591     3.18319e-09              
        8.12713      1.5916e-09              
        8.12835      1.5916e-09              
        8.12957     4.77479e-09              
        8.13079     3.18319e-09              
        8.13201      1.5916e-09              
        8.13323      1.5916e-09              
        8.13446     3.18319e-09              
        8.13568      1.5916e-09              
         8.1369               0              
        8.13812     3.18319e-09              
        8.13934      1.5916e-09              
        8.14056     3.18319e-09              
        8.14178     4.77479e-09              
          8.143      1.5916e-09              
        8.14422     6.36639e-09              
        8.14544     6.36639e-09              
        8.14666      1.5916e-09              
        8.14788     4.77479e-09              
         8.1491     3.18319e-09              
        8.15032     3.18319e-09              
        8.15155     4.77479e-09              
        8.15277               0              
        8.15399      1.5916e-09              
        8.15521     3.18319e-09              
        8.15643     6.36639e-09              
        8.15765               0              
        8.15887     3.18319e-09              
        8.16009     4.77479e-09              
        8.16131     3.18319e-09              
        8.16253      1.5916e-09              
        8.16375      1.5916e-09              
        8.16497     4.77479e-09              
        8.16619     7.95798e-09              
        8.16741     7.95798e-09              
        8.16864     4.77479e-09              
        8.16987     3.18319e-09              
        8.17109     6.36639e-09              
        8.17231      1.5916e-09              
        8.17353     3.18319e-09              
        8.17475     3.18319e-09              
        8.17597     3.18319e-09              
        8.17719      1.5916e-09              
        8.17841      1.5916e-09              
        8.17963     3.18319e-09              
        8.18085      1.5916e-09              
        8.18207     3.18319e-09              
        8.18329      1.5916e-09              
        8.18451      1.5916e-09              
        8.18573     4.77479e-09              
        8.18696               0              
        8.18818     3.18319e-09              
         8.1894     4.77479e-09              
        8.19062     3.18319e-09              
        8.19184      1.5916e-09              
        8.19306     6.36639e-09              
        8.19428     7.95798e-09              
         8.1955     6.36639e-09              
        8.19672     4.77479e-09              
        8.19794     4.77479e-09              
        8.19916     4.77479e-09              
        8.20038     6.36639e-09              
         8.2016      1.5916e-09              
        8.20282      1.5916e-09              
        8.20405               0              
        8.20527      1.5916e-09              
        8.20649      1.5916e-09              
        8.20771     3.18319e-09              
        8.20893     3.18319e-09              
        8.21015     3.18319e-09              
        8.21137      1.5916e-09              
        8.21259               0              
        8.21381     3.18319e-09              
        8.21503      1.5916e-09              
        8.21625     7.95798e-09              
        8.21747     4.77479e-09              
        8.21869     3.18319e-09              
        8.21991      1.5916e-09              
        8.22114     3.18319e-09              
        8.22236     3.18319e-09              
        8.22358               0              
         8.2248     7.95798e-09              
        8.22602               0              
        8.22724     3.18319e-09              
        8.22846     3.18319e-09              
        8.22968     6.36639e-09              
         8.2309      1.5916e-09              
        8.23212     4.77479e-09              
        8.23334     4.77479e-09              
        8.23456      1.5916e-09              
        8.23578     4.77479e-09              
          8.237      1.5916e-09              
        8.23822     3.18319e-09              
        8.23944               0              
        8.24066      1.5916e-09              
        8.24188     4.77479e-09              
         8.2431     9.54958e-09              
        8.24432               0              
        8.24554     4.77479e-09              
        8.24676               0              
        8.24798      1.5916e-09              
         8.2492     3.18319e-09              
        8.25042     4.77479e-09              
        8.25164     3.18319e-09              
        8.25286     6.36639e-09              
        8.25408     3.18319e-09              
        8.25531     3.18319e-09              
        8.25653      1.5916e-09              
        8.25775      1.5916e-09              
        8.25897     4.77479e-09              
        8.26019      1.5916e-09              
        8.26141     6.36639e-09              
        8.26263     6.36639e-09              
        8.26385      1.5916e-09              
        8.26507      1.5916e-09              
        8.26629     4.77479e-09              
        8.26751     7.95798e-09              
        8.26873     3.18319e-09              
        8.26995     3.18319e-09              
        8.27117     7.95798e-09              
         8.2724     3.18319e-09              
        8.27362     4.77479e-09              
        8.27484               0              
        8.27606     6.36639e-09              
        8.27728      1.5916e-09              
         8.2785      1.5916e-09              
        8.27972               0              
        8.28094               0              
        8.28216     3.18319e-09              
        8.28338     3.18319e-09              
         8.2846     3.18319e-09              
        8.28582      1.5916e-09              
        8.28704     3.18319e-09              
        8.28826     7.95798e-09              
        8.28948     4.77479e-09              
        8.29071               0              
        8.29193     4.77479e-09              
        8.29315     3.18319e-09              
        8.29437      1.5916e-09              
        8.29559     3.18319e-09              
        8.29681     3.18319e-09              
        8.29803      1.5916e-09              
        8.29925     3.18319e-09              
        8.30047     3.18319e-09              
        8.30169     4.77479e-09              
        8.30291     3.18319e-09              
        8.30413     3.18319e-09              
        8.30535     6.36639e-09              
        8.30657      1.5916e-09              
         8.3078     6.36639e-09              
        8.30902      1.5916e-09              
        8.31024     3.18319e-09              
        8.31146     6.36639e-09              
        8.31268     6.36639e-09              
         8.3139     4.77479e-09              
        8.31512     6.36639e-09              
        8.31634      1.5916e-09              
        8.31756      1.5916e-09              
        8.31878     3.18319e-09              
           8.32     4.77479e-09              
        8.32122               0              
        8.32244      1.5916e-09              
        8.32366     6.36639e-09              
        8.32489     3.18319e-09              
        8.32612     7.95798e-09              
        8.32734      1.5916e-09              
        8.32856     4.77479e-09              
        8.32978     4.77479e-09              
          8.331     3.18319e-09              
        8.33222     3.18319e-09              
        8.33344     4.77479e-09              
        8.33466     7.95798e-09              
        8.33588     7.95798e-09              
         8.3371     3.18319e-09              
        8.33832     9.54958e-09              
        8.33954     3.18319e-09              
        8.34076     6.36639e-09              
        8.34198     3.18319e-09              
        8.34321      1.5916e-09              
        8.34443      1.5916e-09              
        8.34565     3.18319e-09              
        8.34687     3.18319e-09              
        8.34809     3.18319e-09              
        8.34931     4.77479e-09              
        8.35053     1.27328e-08              
        8.35175      1.5916e-09              
        8.35297     4.77479e-09              
        8.35419     4.77479e-09              
        8.35541     3.18319e-09              
        8.35663     7.95798e-09              
        8.35785     4.77479e-09              
        8.35907     7.95798e-09              
         8.3603     4.77479e-09              
        8.36152      1.5916e-09              
        8.36274     3.18319e-09              
        8.36396     4.77479e-09              
        8.36518     3.18319e-09              
         8.3664     7.95798e-09              
        8.36762     4.77479e-09              
        8.36884     4.77479e-09              
        8.37006     4.77479e-09              
        8.37128      1.5916e-09              
         8.3725     3.18319e-09              
        8.37372     4.77479e-09              
        8.37494     1.11412e-08              
        8.37616     3.18319e-09              
        8.37739     4.77479e-09              
        8.37861      1.5916e-09              
        8.37983     4.77479e-09              
        8.38105      1.5916e-09              
        8.38227     6.36639e-09              
        8.38349      1.5916e-09              
        8.38471      1.5916e-09              
        8.38593      1.5916e-09              
        8.38715               0              
        8.38837     9.54958e-09              
        8.38959     6.36639e-09              
        8.39081      1.5916e-09              
        8.39203     3.18319e-09              
        8.39325      1.5916e-09              
        8.39447               0              
        8.39569     4.77479e-09              
        8.39691      1.5916e-09              
        8.39813      1.5916e-09              
        8.39935     3.18319e-09              
        8.40057      1.5916e-09              
        8.40179      1.5916e-09              
        8.40301               0              
        8.40423     7.95798e-09              
        8.40545     6.36639e-09              
        8.40667     4.77479e-09              
        8.40789     6.36639e-09              
        8.40911     4.77479e-09              
        8.41033               0              
        8.41156               0              
        8.41278      1.5916e-09              
          8.414               0              
        8.41522     3.18319e-09              
        8.41644     4.77479e-09              
        8.41766      1.5916e-09              
        8.41888     3.18319e-09              
         8.4201     3.18319e-09              
        8.42132     6.36639e-09              
        8.42254      1.5916e-09              
        8.42376     3.18319e-09              
        8.42498     4.77479e-09              
         8.4262     4.77479e-09              
        8.42742     3.18319e-09              
        8.42865     6.36639e-09              
        8.42987               0              
        8.43109      1.5916e-09              
        8.43231      1.5916e-09              
        8.43353     3.18319e-09              
        8.43475     3.18319e-09              
        8.43597     4.77479e-09              
        8.43719     6.36639e-09              
        8.43841      1.5916e-09              
        8.43963     3.18319e-09              
        8.44085     7.95798e-09              
        8.44207     6.36639e-09              
        8.44329      1.5916e-09              
        8.44451     7.95798e-09              
        8.44573     3.18319e-09              
        8.44696               0              
        8.44818               0              
         8.4494     4.77479e-09              
        8.45062     3.18319e-09              
        8.45184      1.5916e-09              
        8.45306     9.54958e-09              
        8.45428               0              
         8.4555     3.18319e-09              
        8.45672     7.95798e-09              
        8.45794     7.95798e-09              
        8.45916     6.36639e-09              
        8.46038     3.18319e-09              
         8.4616     4.77479e-09              
        8.46282     3.18319e-09              
        8.46405      1.5916e-09              
        8.46527     4.77479e-09              
        8.46649     3.18319e-09              
        8.46771      1.5916e-09              
        8.46893     6.36639e-09              
        8.47015     4.77479e-09              
        8.47137      1.5916e-09              
        8.47259      1.5916e-09              
        8.47381               0              
        8.47503     3.18319e-09              
        8.47625               0              
        8.47747               0              
        8.47869     4.77479e-09              
        8.47991      1.5916e-09              
        8.48114      1.5916e-09              
        8.48237     4.77479e-09              
        8.48359     4.77479e-09              
        8.48481      1.5916e-09              
        8.48603               0              
        8.48725      1.5916e-09              
        8.48847     4.77479e-09              
        8.48969      1.5916e-09              
        8.49091      1.5916e-09              
        8.49213      1.5916e-09              
        8.49335     3.18319e-09              
        8.49457     4.77479e-09              
        8.49579     4.77479e-09              
        8.49701     4.77479e-09              
        8.49823     3.18319e-09              
        8.49946               0              
        8.50068     3.18319e-09              
         8.5019     6.36639e-09              
        8.50312     3.18319e-09              
        8.50434     4.77479e-09              
        8.50556     3.18319e-09              
        8.50678     4.77479e-09              
          8.508               0              
        8.50922     3.18319e-09              
        8.51044               0              
        8.51166     3.18319e-09              
        8.51288     4.77479e-09              
         8.5141     6.36639e-09              
        8.51532      1.5916e-09              
        8.51655     6.36639e-09              
        8.51777               0              
        8.51899     3.18319e-09              
        8.52021     3.18319e-09              
        8.52143     3.18319e-09              
        8.52265     6.36639e-09              
        8.52387               0              
        8.52509      1.5916e-09              
        8.52631     3.18319e-09              
        8.52753      1.5916e-09              
        8.52875               0              
        8.52997      1.5916e-09              
        8.53119     3.18319e-09              
        8.53241      1.5916e-09              
        8.53364     6.36639e-09              
        8.53486     3.18319e-09              
        8.53608      1.5916e-09              
         8.5373               0              
        8.53852      1.5916e-09              
        8.53974      1.5916e-09              
        8.54096               0              
        8.54218      1.5916e-09              
         8.5434     7.95798e-09              
        8.54462     9.54958e-09              
        8.54584      1.5916e-09              
        8.54706     6.36639e-09              
        8.54828      1.5916e-09              
         8.5495     6.36639e-09              
        8.55072      1.5916e-09              
        8.55194     3.18319e-09              
        8.55316      1.5916e-09              
        8.55438     4.77479e-09              
         8.5556      1.5916e-09              
        8.55682      1.5916e-09              
        8.55804     6.36639e-09              
        8.55926      1.5916e-09              
        8.56048               0              
         8.5617      1.5916e-09              
        8.56292     6.36639e-09              
        8.56414      1.5916e-09              
        8.56536     3.18319e-09              
        8.56658     6.36639e-09              
        8.56781     3.18319e-09              
        8.56903               0              
        8.57025     4.77479e-09              
        8.57147     4.77479e-09              
        8.57269     4.77479e-09              
        8.57391               0              
        8.57513     4.77479e-09              
        8.57635     6.36639e-09              
        8.57757      1.5916e-09              
        8.57879     4.77479e-09              
        8.58001     4.77479e-09              
        8.58123     7.95798e-09              
        8.58245               0              
        8.58367     6.36639e-09              
         8.5849     4.77479e-09              
        8.58612               0              
        8.58734      1.5916e-09              
        8.58856     7.95798e-09              
        8.58978     3.18319e-09              
          8.591      1.5916e-09              
        8.59222     6.36639e-09              
        8.59344     3.18319e-09              
        8.59466     6.36639e-09              
        8.59588      1.5916e-09              
         8.5971      1.5916e-09              
        8.59832     3.18319e-09              
        8.59954      1.5916e-09              
        8.60076               0              
        8.60198     6.36639e-09              
        8.60321      1.5916e-09              
        8.60443     4.77479e-09              
        8.60565     3.18319e-09              
        8.60687     3.18319e-09              
        8.60809     3.18319e-09              
        8.60931               0              
        8.61053     4.77479e-09              
        8.61175     3.18319e-09              
        8.61297     3.18319e-09              
        8.61419     4.77479e-09              
        8.61541     3.18319e-09              
        8.61663     3.18319e-09              
        8.61785      1.5916e-09              
        8.61907      1.5916e-09              
         8.6203               0              
        8.62152     4.77479e-09              
        8.62274      1.5916e-09              
        8.62396               0              
        8.62518               0              
         8.6264     6.36639e-09              
        8.62762               0              
        8.62884      1.5916e-09              
        8.63006     3.18319e-09              
        8.63128      1.5916e-09              
         8.6325               0              
        8.63372     6.36639e-09              
        8.63494               0              
        8.63616     4.77479e-09              
        8.63739      1.5916e-09              
        8.63862     3.18319e-09              
        8.63984     6.36639e-09              
        8.64106      1.5916e-09              
        8.64228      1.5916e-09              
         8.6435      1.5916e-09              
        8.64472     3.18319e-09              
        8.64594     9.54958e-09              
        8.64716      1.5916e-09              
        8.64838     3.18319e-09              
         8.6496               0              
        8.65082     4.77479e-09              
        8.65204               0              
        8.65326      1.5916e-09              
        8.65448     3.18319e-09              
        8.65571     4.77479e-09              
        8.65693     3.18319e-09              
        8.65815     6.36639e-09              
        8.65937               0              
        8.66059      1.5916e-09              
        8.66181               0              
        8.66303               0              
        8.66425     4.77479e-09              
        8.66547      1.5916e-09              
        8.66669     3.18319e-09              
        8.66791      1.5916e-09              
        8.66913      1.5916e-09              
        8.67035      1.5916e-09              
        8.67157     3.18319e-09              
         8.6728     4.77479e-09              
        8.67402     3.18319e-09              
        8.67524      1.5916e-09              
        8.67646      1.5916e-09              
        8.67768     3.18319e-09              
         8.6789      1.5916e-09              
        8.68012               0              
        8.68134     3.18319e-09              
        8.68256     4.77479e-09              
        8.68378               0              
          8.685     6.36639e-09              
        8.68622     6.36639e-09              
        8.68744     4.77479e-09              
        8.68866     3.18319e-09              
        8.68989     3.18319e-09              
        8.69111     3.18319e-09              
        8.69233     3.18319e-09              
        8.69355     3.18319e-09              
        8.69477      1.5916e-09              
        8.69599     6.36639e-09              
        8.69721      1.5916e-09              
        8.69843     3.18319e-09              
        8.69965     3.18319e-09              
        8.70087      1.5916e-09              
        8.70209      1.5916e-09              
        8.70331     3.18319e-09              
        8.70453      1.5916e-09              
        8.70575     6.36639e-09              
        8.70697      1.5916e-09              
        8.70819     4.77479e-09              
        8.70941               0              
        8.71063               0              
        8.71185      1.5916e-09              
        8.71307     3.18319e-09              
        8.71429     4.77479e-09              
        8.71551     4.77479e-09              
        8.71673     4.77479e-09              
        8.71795     6.36639e-09              
        8.71917      1.5916e-09              
        8.72039      1.5916e-09              
        8.72161               0              
        8.72283     4.77479e-09              
        8.72406      1.5916e-09              
        8.72528     3.18319e-09              
         8.7265     6.36639e-09              
        8.72772     6.36639e-09              
        8.72894               0              
        8.73016      1.5916e-09              
        8.73138      1.5916e-09              
         8.7326      1.5916e-09              
        8.73382      1.5916e-09              
        8.73504     6.36639e-09              
        8.73626     6.36639e-09              
        8.73748     3.18319e-09              
         8.7387     7.95798e-09              
        8.73992     3.18319e-09              
        8.74115               0              
        8.74237      1.5916e-09              
        8.74359     3.18319e-09              
        8.74481               0              
        8.74603     3.18319e-09              
        8.74725               0              
        8.74847      1.5916e-09              
        8.74969               0              
        8.75091     6.36639e-09              
        8.75213     6.36639e-09              
        8.75335               0              
        8.75457     7.95798e-09              
        8.75579     3.18319e-09              
        8.75701     3.18319e-09              
        8.75823     3.18319e-09              
        8.75946     3.18319e-09              
        8.76068      1.5916e-09              
         8.7619      1.5916e-09              
        8.76312      1.5916e-09              
        8.76434      1.5916e-09              
        8.76556      1.5916e-09              
        8.76678     3.18319e-09              
          8.768     3.18319e-09              
        8.76922     3.18319e-09              
        8.77044               0              
        8.77166     3.18319e-09              
        8.77288      1.5916e-09              
         8.7741     4.77479e-09              
        8.77532     4.77479e-09              
        8.77655               0              
        8.77777     4.77479e-09              
        8.77899      1.5916e-09              
        8.78021     4.77479e-09              
        8.78143     3.18319e-09              
        8.78265     3.18319e-09              
        8.78387     6.36639e-09              
        8.78509      1.5916e-09              
        8.78631               0              
        8.78753     3.18319e-09              
        8.78875     4.77479e-09              
        8.78997     4.77479e-09              
        8.79119     7.95798e-09              
        8.79241     4.77479e-09              
        8.79364     3.18319e-09              
        8.79487      1.5916e-09              
        8.79609     3.18319e-09              
        8.79731               0              
        8.79853      1.5916e-09              
        8.79975     4.77479e-09              
        8.80097               0              
        8.80219      1.5916e-09              
        8.80341     4.77479e-09              
        8.80463     3.18319e-09              
        8.80585      1.5916e-09              
        8.80707     6.36639e-09              
        8.80829      1.5916e-09              
        8.80951      1.5916e-09              
        8.81073      1.5916e-09              
        8.81196     3.18319e-09              
        8.81318     6.36639e-09              
         8.8144               0              
        8.81562      1.5916e-09              
        8.81684               0              
        8.81806     4.77479e-09              
        8.81928               0              
         8.8205     4.77479e-09              
        8.82172     3.18319e-09              
        8.82294     4.77479e-09              
        8.82416               0              
        8.82538     3.18319e-09              
         8.8266      1.5916e-09              
        8.82782     6.36639e-09              
        8.82905     4.77479e-09              
        8.83027     6.36639e-09              
        8.83149      1.5916e-09              
        8.83271      1.5916e-09              
        8.83393     6.36639e-09              
        8.83515     4.77479e-09              
        8.83637      1.5916e-09              
        8.83759     6.36639e-09              
        8.83881     4.77479e-09              
        8.84003     4.77479e-09              
        8.84125               0              
        8.84247      1.5916e-09              
        8.84369     3.18319e-09              
        8.84491               0              
        8.84614      1.5916e-09              
        8.84736               0              
        8.84858      1.5916e-09              
         8.8498     7.95798e-09              
        8.85102               0              
        8.85224      1.5916e-09              
        8.85346               0              
        8.85468               0              
         8.8559     4.77479e-09              
        8.85712     3.18319e-09              
        8.85834      1.5916e-09              
        8.85956     3.18319e-09              
        8.86078     3.18319e-09              
          8.862      1.5916e-09              
        8.86322      1.5916e-09              
        8.86444     3.18319e-09              
        8.86566               0              
        8.86688      1.5916e-09              
         8.8681     3.18319e-09              
        8.86932     3.18319e-09              
        8.87054      1.5916e-09              
        8.87176               0              
        8.87298      1.5916e-09              
         8.8742     3.18319e-09              
        8.87542      1.5916e-09              
        8.87664      1.5916e-09              
        8.87786      1.5916e-09              
        8.87908      1.5916e-09              
        8.88031      1.5916e-09              
        8.88153     3.18319e-09              
        8.88275               0              
        8.88397     3.18319e-09              
        8.88519     6.36639e-09              
        8.88641     3.18319e-09              
        8.88763     3.18319e-09              
        8.88885               0              
        8.89007     7.95798e-09              
        8.89129      1.5916e-09              
        8.89251               0              
        8.89373     3.18319e-09              
        8.89495     3.18319e-09              
        8.89617     1.11412e-08              
         8.8974     3.18319e-09              
        8.89862     3.18319e-09              
        8.89984     3.18319e-09              
        8.90106     4.77479e-09              
        8.90228     3.18319e-09              
         8.9035      1.5916e-09              
        8.90472     7.95798e-09              
        8.90594      1.5916e-09              
        8.90716     4.77479e-09              
        8.90838               0              
         8.9096     3.18319e-09              
        8.91082     3.18319e-09              
        8.91204     6.36639e-09              
        8.91326     3.18319e-09              
        8.91448     3.18319e-09              
        8.91571      1.5916e-09              
        8.91693               0              
        8.91815     3.18319e-09              
        8.91937      1.5916e-09              
        8.92059      1.5916e-09              
        8.92181               0              
        8.92303      1.5916e-09              
        8.92425      1.5916e-09              
        8.92547               0              
        8.92669      1.5916e-09              
        8.92791      1.5916e-09              
        8.92913               0              
        8.93035     3.18319e-09              
        8.93157     6.36639e-09              
         8.9328     3.18319e-09              
        8.93402      1.5916e-09              
        8.93524      1.5916e-09              
        8.93646     6.36639e-09              
        8.93768      1.5916e-09              
         8.9389     3.18319e-09              
        8.94012      1.5916e-09              
        8.94134               0              
        8.94256     4.77479e-09              
        8.94378     3.18319e-09              
          8.945     4.77479e-09              
        8.94622     3.18319e-09              
        8.94744     4.77479e-09              
        8.94866      1.5916e-09              
        8.94989     7.95798e-09              
        8.95112      1.5916e-09              
        8.95234     3.18319e-09              
        8.95356     4.77479e-09              
        8.95478     3.18319e-09              
          8.956     4.77479e-09              
        8.95722     6.36639e-09              
        8.95844     4.77479e-09              
        8.95966               0              
        8.96088     6.36639e-09              
         8.9621      1.5916e-09              
        8.96332               0              
        8.96454     3.18319e-09              
        8.96576      1.5916e-09              
        8.96698     7.95798e-09              
        8.96821      1.5916e-09              
        8.96943      1.5916e-09              
        8.97065     4.77479e-09              
        8.97187               0              
        8.97309               0              
        8.97431     6.36639e-09              
        8.97553      1.5916e-09              
        8.97675               0              
        8.97797     6.36639e-09              
        8.97919     4.77479e-09              
        8.98041      1.5916e-09              
        8.98163     3.18319e-09              
        8.98285      1.5916e-09              
        8.98407      1.5916e-09              
         8.9853      1.5916e-09              
        8.98652     6.36639e-09              
        8.98774      1.5916e-09              
        8.98896     3.18319e-09              
        8.99018     6.36639e-09              
         8.9914     7.95798e-09              
        8.99262     6.36639e-09              
        8.99384     6.36639e-09              
        8.99506     4.77479e-09              
