        5.99823     4.77479e-09              
        5.99946     4.77479e-09              
        6.00068     3.18319e-09              
         6.0019     7.95798e-09              
        6.00312      1.5916e-09              
        6.00434     4.77479e-09              
        6.00556      1.5916e-09              
        6.00678     3.18319e-09              
          6.008     9.54958e-09              
        6.00922     6.36639e-09              
        6.01044     4.77479e-09              
        6.01166     4.77479e-09              
        6.01288     9.54958e-09              
         6.0141     9.54958e-09              
        6.01532      1.5916e-09              
        6.01654     9.54958e-09              
        6.01776               0              
        6.01898     4.77479e-09              
         6.0202     4.77479e-09              
        6.02142     7.95798e-09              
        6.02264     7.95798e-09              
        6.02386     7.95798e-09              
        6.02508     4.77479e-09              
         6.0263               0              
        6.02752     6.36639e-09              
        6.02874     7.95798e-09              
        6.02996     6.36639e-09              
        6.03118     9.54958e-09              
         6.0324     6.36639e-09              
        6.03364     3.18319e-09              
        6.03486     4.77479e-09              
        6.03608     4.77479e-09              
         6.0373     2.06908e-08              
        6.03852     9.54958e-09              
        6.03974     4.77479e-09              
        6.04096      1.5916e-09              
        6.04218     3.18319e-09              
         6.0434     3.18319e-09              
        6.04462     4.77479e-09              
        6.04584     4.77479e-09              
        6.04706     3.18319e-09              
        6.04828     9.54958e-09              
         6.0495     3.18319e-09              
        6.05072               0              
        6.05194      1.5916e-09              
        6.05316     4.77479e-09              
        6.05438     4.77479e-09              
         6.0556     7.95798e-09              
        6.05682     4.77479e-09              
        6.05804     6.36639e-09              
        6.05926     7.95798e-09              
        6.06048     1.11412e-08              
         6.0617     4.77479e-09              
        6.06292     1.27328e-08              
        6.06414     6.36639e-09              
        6.06536     6.36639e-09              
        6.06658     4.77479e-09              
        6.06781     3.18319e-09              
        6.06904      1.5916e-09              
        6.07026      1.5916e-09              
        6.07148     3.18319e-09              
         6.0727     6.36639e-09              
        6.07392     6.36639e-09              
        6.07514     7.95798e-09              
        6.07636     9.54958e-09              
        6.07758     4.77479e-09              
         6.0788     3.18319e-09              
        6.08002     4.77479e-09              
        6.08124     4.77479e-09              
        6.08246     4.77479e-09              
        6.08368     3.18319e-09              
         6.0849     4.77479e-09              
        6.08613     4.77479e-09              
        6.08735     9.54958e-09              
        6.08857     4.77479e-09              
        6.08979     7.95798e-09              
        6.09101      1.5916e-09              
        6.09223     4.77479e-09              
        6.09345     3.18319e-09              
        6.09466      1.5916e-09              
        6.09588     9.54958e-09              
         6.0971     3.18319e-09              
        6.09832      1.5916e-09              
        6.09954     6.36639e-09              
        6.10076     4.77479e-09              
        6.10198     4.77479e-09              
        6.10321     3.18319e-09              
        6.10443     7.95798e-09              
        6.10565     4.77479e-09              
        6.10687     7.95798e-09              
        6.10809     1.11412e-08              
        6.10931     3.18319e-09              
        6.11053     3.18319e-09              
        6.11175     6.36639e-09              
        6.11297     4.77479e-09              
        6.11419     6.36639e-09              
        6.11541     3.18319e-09              
        6.11663     6.36639e-09              
        6.11785     7.95798e-09              
        6.11907     7.95798e-09              
        6.12031     7.95798e-09              
        6.12153     6.36639e-09              
        6.12275      1.5916e-09              
        6.12397     9.54958e-09              
        6.12519     7.95798e-09              
        6.12641     6.36639e-09              
        6.12763      1.5916e-09              
        6.12885     4.77479e-09              
        6.13007     3.18319e-09              
        6.13129     7.95798e-09              
        6.13251     7.95798e-09              
        6.13373     4.77479e-09              
        6.13495     6.36639e-09              
        6.13617     4.77479e-09              
        6.13739     6.36639e-09              
        6.13861     4.77479e-09              
        6.13983     1.43244e-08              
        6.14105               0              
        6.14227     3.18319e-09              
        6.14349     6.36639e-09              
        6.14471     7.95798e-09              
        6.14593     7.95798e-09              
        6.14715     6.36639e-09              
        6.14837     4.77479e-09              
        6.14959     4.77479e-09              
        6.15081     3.18319e-09              
        6.15203     6.36639e-09              
        6.15325     7.95798e-09              
        6.15448     6.36639e-09              
        6.15571     3.18319e-09              
        6.15693      1.5916e-09              
        6.15815     7.95798e-09              
        6.15937     4.77479e-09              
        6.16059     1.11412e-08              
        6.16181     4.77479e-09              
        6.16303     4.77479e-09              
        6.16425     3.18319e-09              
        6.16547     4.77479e-09              
        6.16669     4.77479e-09              
        6.16791     4.77479e-09              
        6.16913     1.27328e-08              
        6.17035     6.36639e-09              
        6.17157     6.36639e-09              
        6.17279     6.36639e-09              
        6.17401     4.77479e-09              
        6.17523     9.54958e-09              
        6.17645      1.5916e-09              
        6.17767      1.5916e-09              
        6.17889     4.77479e-09              
        6.18011     4.77479e-09              
        6.18133     6.36639e-09              
        6.18255     1.27328e-08              
        6.18377     1.27328e-08              
        6.18499     3.18319e-09              
        6.18621     1.43244e-08              
        6.18743     6.36639e-09              
        6.18865     4.77479e-09              
        6.18989     4.77479e-09              
        6.19111     3.18319e-09              
        6.19233     6.36639e-09              
        6.19355     3.18319e-09              
        6.19477     7.95798e-09              
        6.19599               0              
        6.19721      1.5916e-09              
        6.19843     3.18319e-09              
        6.19965     4.77479e-09              
        6.20087     3.18319e-09              
        6.20209     3.18319e-09              
        6.20331     6.36639e-09              
        6.20453     3.18319e-09              
        6.20575      1.5916e-09              
        6.20697     3.18319e-09              
        6.20819     1.11412e-08              
        6.20941     9.54958e-09              
        6.21063     3.18319e-09              
        6.21185     6.36639e-09              
        6.21307     6.36639e-09              
        6.21429     4.77479e-09              
        6.21551               0              
        6.21673     7.95798e-09              
        6.21795     6.36639e-09              
        6.21917     4.77479e-09              
        6.22039     3.18319e-09              
        6.22161     6.36639e-09              
        6.22283     6.36639e-09              
        6.22406     6.36639e-09              
        6.22529     4.77479e-09              
        6.22651     6.36639e-09              
        6.22773     6.36639e-09              
        6.22895     4.77479e-09              
        6.23017     1.75076e-08              
        6.23139     4.77479e-09              
        6.23261     9.54958e-09              
        6.23383     7.95798e-09              
        6.23505     1.11412e-08              
        6.23627     4.77479e-09              
        6.23749     9.54958e-09              
        6.23871     3.18319e-09              
        6.23993     3.18319e-09              
        6.24115     7.95798e-09              
        6.24238     6.36639e-09              
         6.2436     4.77479e-09              
        6.24482     4.77479e-09              
        6.24604     3.18319e-09              
        6.24726     9.54958e-09              
        6.24848     4.77479e-09              
         6.2497     9.54958e-09              
        6.25091      1.5916e-09              
        6.25213     3.02403e-08              
        6.25335     6.36639e-09              
        6.25457               0              
        6.25579     4.77479e-09              
        6.25701     4.77479e-09              
        6.25823     6.36639e-09              
        6.25946     4.77479e-09              
        6.26068      1.5916e-09              
         6.2619     3.18319e-09              
        6.26312     6.36639e-09              
        6.26434     4.77479e-09              
        6.26556     4.77479e-09              
        6.26678               0              
          6.268     3.18319e-09              
        6.26922     7.95798e-09              
        6.27044     7.95798e-09              
        6.27166     4.77479e-09              
        6.27288     3.18319e-09              
         6.2741     3.18319e-09              
        6.27532     1.43244e-08              
        6.27656     7.95798e-09              
        6.27778     4.77479e-09              
          6.279     3.18319e-09              
        6.28022     4.77479e-09              
        6.28144     3.18319e-09              
        6.28266      1.5916e-09              
        6.28388     7.95798e-09              
         6.2851     4.77479e-09              
        6.28632     3.18319e-09              
        6.28754     6.36639e-09              
        6.28876     4.77479e-09              
        6.28998               0              
         6.2912      1.5916e-09              
        6.29242     9.54958e-09              
        6.29364     1.11412e-08              
        6.29486     3.18319e-09              
        6.29608      1.5916e-09              
         6.2973     1.11412e-08              
        6.29852      1.5916e-09              
        6.29974     6.36639e-09              
        6.30096     3.18319e-09              
        6.30218     3.18319e-09              
         6.3034     3.18319e-09              
        6.30462     4.77479e-09              
        6.30584     3.18319e-09              
        6.30706      1.5916e-09              
        6.30828     3.18319e-09              
         6.3095     6.36639e-09              
        6.31073     6.36639e-09              
        6.31196     3.18319e-09              
        6.31318     3.18319e-09              
         6.3144      1.5916e-09              
        6.31562      1.5916e-09              
        6.31684     3.18319e-09              
        6.31806      1.5916e-09              
        6.31928     6.36639e-09              
         6.3205      1.5916e-09              
        6.32172      1.5916e-09              
        6.32294     4.77479e-09              
        6.32416     4.77479e-09              
        6.32538               0              
         6.3266      1.5916e-09              
        6.32782     3.18319e-09              
        6.32904     1.11412e-08              
        6.33026               0              
        6.33148     6.36639e-09              
         6.3327     4.77479e-09              
        6.33392     7.95798e-09              
        6.33514     3.18319e-09              
        6.33636     7.95798e-09              
        6.33758     1.27328e-08              
         6.3388     1.11412e-08              
        6.34002     7.95798e-09              
        6.34124     6.36639e-09              
        6.34246     3.18319e-09              
        6.34368      1.5916e-09              
         6.3449     6.36639e-09              
        6.34614     4.77479e-09              
        6.34736     4.77479e-09              
        6.34858     3.18319e-09              
         6.3498      1.5916e-09              
        6.35102     6.36639e-09              
        6.35224     6.36639e-09              
        6.35346      1.5916e-09              
        6.35468     7.95798e-09              
         6.3559               0              
        6.35712     4.77479e-09              
        6.35834     4.77479e-09              
        6.35956     3.18319e-09              
        6.36078     4.77479e-09              
          6.362     4.77479e-09              
        6.36322      1.5916e-09              
        6.36444      1.5916e-09              
        6.36566     3.18319e-09              
        6.36688     6.36639e-09              
         6.3681     6.36639e-09              
        6.36932     4.77479e-09              
        6.37054     3.18319e-09              
        6.37176     7.95798e-09              
        6.37298     6.36639e-09              
         6.3742     7.95798e-09              
        6.37542     7.95798e-09              
        6.37664     3.18319e-09              
        6.37786     1.11412e-08              
        6.37908     6.36639e-09              
        6.38031      1.5916e-09              
        6.38154     9.54958e-09              
        6.38276     6.36639e-09              
        6.38398     3.18319e-09              
         6.3852     3.18319e-09              
        6.38642     4.77479e-09              
        6.38764     3.18319e-09              
        6.38886     4.77479e-09              
        6.39008     4.77479e-09              
         6.3913     3.18319e-09              
        6.39252      1.5916e-09              
        6.39374     4.77479e-09              
        6.39496     1.27328e-08              
        6.39618     7.95798e-09              
         6.3974     7.95798e-09              
        6.39863     4.77479e-09              
        6.39985     7.95798e-09              
        6.40107     3.18319e-09              
        6.40229     9.54958e-09              
        6.40351      1.5916e-09              
        6.40473     3.18319e-09              
        6.40595     3.18319e-09              
        6.40716      1.5916e-09              
        6.40838      1.5916e-09              
         6.4096      1.5916e-09              
        6.41082     9.54958e-09              
        6.41204     7.95798e-09              
        6.41326     3.18319e-09              
        6.41448               0              
        6.41571     3.18319e-09              
        6.41693     6.36639e-09              
        6.41815     6.36639e-09              
        6.41937     1.27328e-08              
        6.42059     4.77479e-09              
        6.42181     7.95798e-09              
        6.42303     4.77479e-09              
        6.42425     6.36639e-09              
        6.42547     3.18319e-09              
        6.42669     3.18319e-09              
        6.42791     3.18319e-09              
        6.42913     9.54958e-09              
        6.43035     9.54958e-09              
        6.43157     3.18319e-09              
        6.43281     7.95798e-09              
        6.43403     6.36639e-09              
        6.43525     6.36639e-09              
        6.43647     3.18319e-09              
        6.43769     3.18319e-09              
        6.43891     9.54958e-09              
        6.44013     9.54958e-09              
        6.44135     6.36639e-09              
        6.44257     4.77479e-09              
        6.44379     7.95798e-09              
        6.44501     3.18319e-09              
        6.44623     6.36639e-09              
        6.44745     6.36639e-09              
        6.44867     9.54958e-09              
        6.44989      1.5916e-09              
        6.45111      1.5916e-09              
        6.45233     1.27328e-08              
        6.45355     4.77479e-09              
        6.45477     9.54958e-09              
        6.45599     9.54958e-09              
        6.45721     4.77479e-09              
        6.45843     3.18319e-09              
        6.45965     4.77479e-09              
        6.46087     7.95798e-09              
        6.46209      1.5916e-09              
        6.46331     3.18319e-09              
        6.46453     7.95798e-09              
        6.46575     7.95798e-09              
        6.46698     3.18319e-09              
        6.46821      1.5916e-09              
        6.46943     4.77479e-09              
        6.47065     7.95798e-09              
        6.47187     3.18319e-09              
        6.47309      1.5916e-09              
        6.47431     3.18319e-09              
        6.47553     4.77479e-09              
        6.47675     7.95798e-09              
        6.47797     4.77479e-09              
        6.47919     6.36639e-09              
        6.48041     4.77479e-09              
        6.48163     7.95798e-09              
        6.48285               0              
        6.48407     1.11412e-08              
        6.48529     3.18319e-09              
        6.48651     4.77479e-09              
        6.48773     3.18319e-09              
        6.48895     3.18319e-09              
        6.49017     4.77479e-09              
        6.49139     9.54958e-09              
        6.49261     3.18319e-09              
        6.49383     4.77479e-09              
        6.49505     6.36639e-09              
        6.49627     6.36639e-09              
        6.49749     6.36639e-09              
        6.49871     3.18319e-09              
        6.49993     6.36639e-09              
        6.50115     4.77479e-09              
        6.50239     4.77479e-09              
        6.50361      1.5916e-09              
        6.50483     1.27328e-08              
        6.50605      1.5916e-09              
        6.50727     3.18319e-09              
        6.50849     4.77479e-09              
        6.50971     3.18319e-09              
        6.51093     1.27328e-08              
        6.51215      1.5916e-09              
        6.51337     6.36639e-09              
        6.51459     6.36639e-09              
        6.51581     3.18319e-09              
        6.51703     9.54958e-09              
        6.51825     4.77479e-09              
        6.51947     4.77479e-09              
        6.52069     6.36639e-09              
        6.52191               0              
        6.52313               0              
        6.52435     7.95798e-09              
        6.52557     4.77479e-09              
        6.52679     7.95798e-09              
        6.52801      1.5916e-09              
        6.52923     7.95798e-09              
        6.53045     9.54958e-09              
        6.53167     7.95798e-09              
        6.53289     3.18319e-09              
        6.53411     6.36639e-09              
        6.53533     6.36639e-09              
        6.53656     7.95798e-09              
        6.53779      1.5916e-09              
        6.53901     6.36639e-09              
        6.54023      1.5916e-09              
        6.54145     3.18319e-09              
        6.54267      1.5916e-09              
        6.54389     6.36639e-09              
        6.54511     3.18319e-09              
        6.54633     3.18319e-09              
        6.54755     6.36639e-09              
        6.54877     4.77479e-09              
        6.54999     3.18319e-09              
        6.55121     3.18319e-09              
        6.55243      1.5916e-09              
        6.55365     7.95798e-09              
        6.55488     4.77479e-09              
         6.5561               0              
        6.55732     9.54958e-09              
        6.55854     3.18319e-09              
        6.55976     4.77479e-09              
        6.56098     3.18319e-09              
         6.5622      1.5916e-09              
        6.56341     7.95798e-09              
        6.56463     4.77479e-09              
        6.56585      1.5916e-09              
        6.56707      1.5916e-09              
        6.56829      1.5916e-09              
        6.56951     4.77479e-09              
        6.57073     6.36639e-09              
        6.57196     4.77479e-09              
        6.57318     3.18319e-09              
         6.5744     7.95798e-09              
        6.57562      1.5916e-09              
        6.57684     6.36639e-09              
        6.57806     6.36639e-09              
        6.57928      1.5916e-09              
         6.5805     4.77479e-09              
        6.58172     9.54958e-09              
        6.58294     4.77479e-09              
        6.58416     9.54958e-09              
        6.58538     4.77479e-09              
         6.5866     4.77479e-09              
        6.58782     6.36639e-09              
        6.58906     4.77479e-09              
        6.59028      1.5916e-08              
         6.5915     4.77479e-09              
        6.59272     4.77479e-09              
        6.59394     7.95798e-09              
        6.59516     3.18319e-09              
        6.59638     4.77479e-09              
         6.5976     4.77479e-09              
        6.59882      1.5916e-09              
        6.60004     3.18319e-09              
        6.60126     3.18319e-09              
        6.60248     4.77479e-09              
         6.6037     1.11412e-08              
        6.60492      1.5916e-09              
        6.60614     4.77479e-09              
        6.60736     6.36639e-09              
        6.60858     7.95798e-09              
         6.6098      1.5916e-09              
        6.61102     3.18319e-09              
        6.61224     3.18319e-09              
        6.61346     3.18319e-09              
        6.61468     3.18319e-09              
         6.6159     4.77479e-09              
        6.61712     6.36639e-09              
        6.61834      1.5916e-09              
        6.61956     6.36639e-09              
        6.62078     3.18319e-09              
          6.622      1.5916e-09              
        6.62323     4.77479e-09              
        6.62446     7.95798e-09              
        6.62568     3.18319e-09              
         6.6269               0              
        6.62812      1.5916e-09              
        6.62934     4.77479e-09              
        6.63056     6.36639e-09              
        6.63178     6.36639e-09              
          6.633      1.5916e-09              
        6.63422     7.95798e-09              
        6.63544     7.95798e-09              
        6.63666     4.77479e-09              
        6.63788     4.77479e-09              
         6.6391     6.36639e-09              
        6.64032     9.54958e-09              
        6.64154     4.77479e-09              
        6.64276     3.18319e-09              
        6.64398     7.95798e-09              
         6.6452     6.36639e-09              
        6.64642     4.77479e-09              
        6.64764     3.18319e-09              
        6.64886     7.95798e-09              
        6.65008     6.36639e-09              
         6.6513     4.77479e-09              
        6.65252     4.77479e-09              
        6.65374     7.95798e-09              
        6.65496     7.95798e-09              
        6.65618     3.18319e-09              
         6.6574     6.36639e-09              
        6.65864     7.95798e-09              
        6.65986     7.95798e-09              
        6.66108     7.95798e-09              
         6.6623     3.18319e-09              
        6.66352     6.36639e-09              
        6.66474     9.54958e-09              
        6.66596     1.11412e-08              
        6.66626    7.32956e-319              
        6.66718      1.5916e-09              
         6.6684     9.54958e-09              
        6.66962      1.5916e-09              
        6.67084      1.5916e-09              
        6.67206     6.36639e-09              
        6.67328     6.36639e-09              
         6.6745     4.77479e-09              
        6.67572      1.5916e-09              
        6.67694     4.77479e-09              
        6.67816     3.18319e-09              
        6.67938     6.36639e-09              
         6.6806     1.11412e-08              
        6.68182     4.77479e-09              
        6.68304      1.5916e-09              
        6.68426     6.36639e-09              
        6.68548      1.5916e-09              
         6.6867     3.18319e-09              
        6.68792     1.11412e-08              
        6.68914     4.77479e-09              
        6.69036     3.18319e-09              
        6.69158     6.36639e-09              
        6.69281     7.95798e-09              
        6.69404      1.5916e-09              
        6.69526     4.77479e-09              
        6.69648     6.36639e-09              
         6.6977     6.36639e-09              
        6.69892     6.36639e-09              
        6.70014     4.77479e-09              
        6.70136     6.36639e-09              
        6.70258     6.36639e-09              
         6.7038     3.18319e-09              
        6.70502     4.77479e-09              
        6.70624     3.18319e-09              
        6.70746     1.43244e-08              
        6.70868      1.5916e-09              
         6.7099     4.77479e-09              
        6.71113     4.77479e-09              
        6.71235     7.95798e-09              
        6.71357     4.77479e-09              
        6.71479     6.36639e-09              
        6.71601     3.18319e-09              
        6.71723      1.5916e-09              
        6.71845     3.18319e-09              
        6.71966     4.77479e-09              
        6.72088     4.77479e-09              
         6.7221     4.77479e-09              
        6.72332      1.5916e-09              
        6.72454               0              
        6.72576     3.18319e-09              
        6.72698               0              
        6.72821     6.36639e-09              
        6.72943     3.18319e-09              
        6.73065      1.5916e-09              
        6.73187     7.95798e-09              
        6.73309     4.77479e-09              
        6.73431     4.77479e-09              
        6.73553     3.18319e-09              
        6.73675     4.77479e-09              
        6.73797     4.77479e-09              
        6.73919     1.11412e-08              
        6.74041     3.18319e-09              
        6.74163     3.18319e-09              
        6.74285     1.27328e-08              
        6.74407     4.77479e-09              
        6.74531     4.77479e-09              
        6.74653      1.5916e-09              
        6.74775     3.18319e-09              
        6.74897     6.36639e-09              
        6.75019     4.77479e-09              
        6.75141     7.95798e-09              
        6.75263     6.36639e-09              
        6.75385     4.77479e-09              
        6.75507     4.77479e-09              
        6.75629     6.36639e-09              
        6.75751     6.36639e-09              
        6.75873      1.5916e-09              
        6.75995      1.5916e-09              
        6.76117     3.18319e-09              
        6.76239     3.18319e-09              
        6.76361     7.95798e-09              
        6.76483     3.18319e-09              
        6.76605     4.77479e-09              
        6.76727     3.18319e-09              
        6.76849     4.77479e-09              
        6.76971      1.5916e-09              
        6.77093     7.95798e-09              
        6.77215     7.95798e-09              
        6.77337     3.18319e-09              
        6.77459     3.18319e-09              
        6.77581     3.18319e-09              
        6.77703     7.95798e-09              
        6.77825     6.36639e-09              
        6.77948     4.77479e-09              
        6.78071     4.77479e-09              
        6.78193     7.95798e-09              
        6.78315     4.77479e-09              
        6.78437     6.36639e-09              
        6.78559     3.18319e-09              
        6.78681     3.18319e-09              
        6.78803     7.95798e-09              
        6.78925      1.5916e-09              
        6.79047     6.36639e-09              
        6.79169     3.18319e-09              
        6.79291     4.77479e-09              
        6.79413     9.54958e-09              
        6.79535     4.77479e-09              
        6.79657     7.95798e-09              
        6.79779     3.18319e-09              
        6.79901     6.36639e-09              
        6.80023     6.36639e-09              
        6.80145               0              
        6.80267     7.95798e-09              
        6.80389     7.95798e-09              
        6.80511     3.18319e-09              
        6.80633               0              
        6.80755     4.77479e-09              
        6.80877      1.5916e-09              
        6.80999     7.95798e-09              
        6.81121     9.54958e-09              
        6.81243      1.5916e-09              
        6.81365     4.77479e-09              
        6.81489     7.95798e-09              
        6.81611     7.95798e-09              
        6.81733     3.18319e-09              
        6.81855     4.77479e-09              
        6.81977     7.95798e-09              
        6.82099     6.36639e-09              
        6.82221      1.5916e-09              
        6.82343     3.18319e-09              
        6.82465     4.77479e-09              
        6.82587               0              
        6.82709     9.54958e-09              
        6.82831     3.18319e-09              
        6.82953     6.36639e-09              
        6.83075               0              
        6.83197     7.95798e-09              
        6.83319     3.18319e-09              
        6.83441     3.18319e-09              
        6.83563     4.77479e-09              
        6.83685      1.5916e-09              
        6.83807     4.77479e-09              
        6.83929     6.36639e-09              
        6.84051     3.18319e-09              
        6.84173      1.5916e-09              
        6.84295     6.36639e-09              
        6.84417     3.18319e-09              
        6.84539     3.18319e-09              
        6.84661     4.77479e-09              
        6.84783     7.95798e-09              
        6.84906               0              
        6.85029      1.5916e-09              
        6.85151     1.11412e-08              
        6.85273     9.54958e-09              
        6.85395     6.36639e-09              
        6.85517     4.77479e-09              
        6.85639     3.18319e-09              
        6.85761               0              
        6.85883     4.77479e-09              
        6.86005     9.54958e-09              
        6.86127     4.77479e-09              
        6.86249      1.5916e-09              
        6.86371     7.95798e-09              
        6.86493     4.77479e-09              
        6.86615     3.18319e-09              
        6.86738     3.18319e-09              
         6.8686      1.5916e-09              
        6.86982               0              
        6.87104               0              
        6.87226     3.18319e-09              
        6.87348     9.54958e-09              
         6.8747      1.5916e-09              
        6.87591     6.36639e-09              
        6.87713     6.36639e-09              
        6.87835      1.5916e-09              
        6.87957     4.77479e-09              
        6.88079      1.5916e-09              
        6.88201      1.5916e-09              
        6.88323     6.36639e-09              
        6.88446     4.77479e-09              
        6.88568     4.77479e-09              
         6.8869     9.54958e-09              
        6.88812     7.95798e-09              
        6.88934     3.18319e-09              
        6.89056     9.54958e-09              
        6.89178     7.95798e-09              
          6.893     9.54958e-09              
        6.89422     3.18319e-09              
        6.89544     4.77479e-09              
        6.89666      1.5916e-09              
        6.89788     6.36639e-09              
         6.8991     6.36639e-09              
        6.90032     4.77479e-09              
        6.90156     3.18319e-09              
        6.90278     3.18319e-09              
          6.904     4.77479e-09              
        6.90522     3.18319e-09              
        6.90644     3.18319e-09              
        6.90766     1.43244e-08              
        6.90888     4.77479e-09              
         6.9101     3.18319e-09              
        6.91132               0              
        6.91254     7.95798e-09              
        6.91376      1.5916e-09              
        6.91498     9.54958e-09              
         6.9162     4.77479e-09              
        6.91742     1.27328e-08              
        6.91864     4.77479e-09              
        6.91986     3.18319e-09              
        6.92108     6.36639e-09              
         6.9223     7.95798e-09              
        6.92352     7.95798e-09              
        6.92474     3.18319e-09              
        6.92596      1.5916e-09              
        6.92718     3.18319e-09              
         6.9284      1.5916e-09              
        6.92962     7.95798e-09              
        6.93084      1.5916e-09              
        6.93206      1.5916e-09              
        6.93328      1.5916e-09              
         6.9345     7.95798e-09              
        6.93573     4.77479e-09              
        6.93696     4.77479e-09              
        6.93818     3.18319e-09              
         6.9394     4.77479e-09              
        6.94062     6.36639e-09              
        6.94184     7.95798e-09              
        6.94306     4.77479e-09              
        6.94428     4.77479e-09              
         6.9455      1.5916e-09              
        6.94672     3.18319e-09              
        6.94794     6.36639e-09              
        6.94916     3.18319e-09              
        6.95038     9.54958e-09              
         6.9516     3.18319e-09              
        6.95282     3.18319e-09              
        6.95404     7.95798e-09              
        6.95526     7.95798e-09              
        6.95648     3.18319e-09              
         6.9577     4.77479e-09              
        6.95892     7.95798e-09              
        6.96014     6.36639e-09              
        6.96136     6.36639e-09              
        6.96258     6.36639e-09              
         6.9638     4.77479e-09              
        6.96502     6.36639e-09              
        6.96624     9.54958e-09              
        6.96746     4.77479e-09              
        6.96868     3.18319e-09              
         6.9699      1.5916e-09              
        6.97114      1.5916e-09              
        6.97236     1.11412e-08              
        6.97358      1.5916e-09              
         6.9748      1.5916e-09              
        6.97602      1.5916e-09              
        6.97724     3.18319e-09              
        6.97846               0              
        6.97968      1.5916e-09              
         6.9809     4.77479e-09              
        6.98212     4.77479e-09              
        6.98334     3.18319e-09              
        6.98456      1.5916e-09              
        6.98578     6.36639e-09              
          6.987     9.54958e-09              
        6.98822     3.18319e-09              
        6.98944     4.77479e-09              
        6.99066     4.77479e-09              
        6.99188      1.5916e-09              
         6.9931     6.36639e-09              
        6.99432      1.5916e-09              
        6.99554     3.18319e-09              
