        3.99871      1.5916e-09              
        3.99993     1.11412e-08              
        4.00115     9.54958e-09              
        4.00239     9.54958e-09              
        4.00361     4.77479e-09              
        4.00483     1.43244e-08              
        4.00605     4.77479e-09              
        4.00727     1.27328e-08              
        4.00849     6.36639e-09              
        4.00971     6.36639e-09              
        4.01093     1.27328e-08              
        4.01215     9.54958e-09              
        4.01337     7.95798e-09              
        4.01459     6.36639e-09              
        4.01581      1.5916e-09              
        4.01703     7.95798e-09              
        4.01825     7.95798e-09              
        4.01947     6.36639e-09              
        4.02069     7.95798e-09              
        4.02191     9.54958e-09              
        4.02313     1.11412e-08              
        4.02435     6.36639e-09              
        4.02557     1.27328e-08              
        4.02679     7.95798e-09              
        4.02801     6.36639e-09              
        4.02923     6.36639e-09              
        4.03045     7.95798e-09              
        4.03167     3.18319e-09              
        4.03289     1.11412e-08              
        4.03411     1.43244e-08              
        4.03533     1.11412e-08              
        4.03656     6.36639e-09              
        4.03779     1.27328e-08              
        4.03901     3.18319e-09              
        4.04023     4.77479e-09              
        4.04145     3.18319e-09              
        4.04267     6.36639e-09              
        4.04389     9.54958e-09              
        4.04511     1.27328e-08              
        4.04633     7.95798e-09              
        4.04755     7.95798e-09              
        4.04877     6.36639e-09              
        4.04999     1.27328e-08              
        4.05121     4.77479e-09              
        4.05243     4.77479e-09              
        4.05365     9.54958e-09              
        4.05488     1.27328e-08              
         4.0561     4.77479e-09              
        4.05732     7.95798e-09              
        4.05854     1.11412e-08              
        4.05976      1.5916e-09              
        4.06098      1.5916e-09              
         4.0622     1.11412e-08              
        4.06341     1.11412e-08              
        4.06463     4.77479e-09              
        4.06585     7.95798e-09              
        4.06707     7.95798e-09              
        4.06829     3.18319e-09              
        4.06951     7.95798e-09              
        4.07073     4.77479e-09              
        4.07196     9.54958e-09              
        4.07318     1.27328e-08              
         4.0744     4.77479e-09              
        4.07562      1.5916e-08              
        4.07684     7.95798e-09              
        4.07806     4.77479e-09              
        4.07928     6.36639e-09              
         4.0805     6.36639e-09              
        4.08172     7.95798e-09              
        4.08294     6.36639e-09              
        4.08416     1.75076e-08              
        4.08538     9.54958e-09              
         4.0866     7.95798e-09              
        4.08782     6.36639e-09              
        4.08906     1.75076e-08              
        4.09028     4.77479e-09              
         4.0915     9.54958e-09              
        4.09272     1.27328e-08              
        4.09394     4.77479e-09              
        4.09516     6.36639e-09              
        4.09638     1.11412e-08              
         4.0976     4.77479e-09              
        4.09882      1.5916e-09              
        4.10004     6.36639e-09              
        4.10126     4.77479e-09              
        4.10248     3.18319e-09              
         4.1037     4.77479e-09              
        4.10492     7.95798e-09              
        4.10614     7.95798e-09              
        4.10736     6.36639e-09              
        4.10858      1.5916e-09              
         4.1098      1.5916e-09              
        4.11102     6.36639e-09              
        4.11224     4.77479e-09              
        4.11346     4.77479e-09              
        4.11468     7.95798e-09              
         4.1159     3.18319e-09              
        4.11712     4.77479e-09              
        4.11834     3.18319e-09              
        4.11956     3.18319e-09              
        4.12078     6.36639e-09              
          4.122     9.54958e-09              
        4.12323     6.36639e-09              
        4.12446     3.18319e-09              
        4.12568      1.5916e-09              
         4.1269     6.36639e-09              
        4.12812     9.54958e-09              
        4.12934     1.27328e-08              
        4.13056               0              
        4.13178     4.77479e-09              
          4.133     4.77479e-09              
        4.13422     4.77479e-09              
        4.13544     6.36639e-09              
        4.13666     7.95798e-09              
        4.13788     3.18319e-09              
         4.1391     4.77479e-09              
        4.14032     7.95798e-09              
        4.14154     7.95798e-09              
        4.14276     6.36639e-09              
        4.14398     7.95798e-09              
         4.1452     7.95798e-09              
        4.14642     4.77479e-09              
        4.14764     4.77479e-09              
        4.14886      1.5916e-08              
        4.15008     7.95798e-09              
         4.1513     6.36639e-09              
        4.15252     6.36639e-09              
        4.15374     3.18319e-09              
        4.15496     7.95798e-09              
        4.15618     6.36639e-09              
         4.1574     9.54958e-09              
        4.15864      1.5916e-09              
        4.15986     6.36639e-09              
        4.16108     6.36639e-09              
         4.1623     1.43244e-08              
        4.16352     7.95798e-09              
        4.16474     3.18319e-09              
        4.16596     6.36639e-09              
        4.16718     4.77479e-09              
         4.1684     6.36639e-09              
        4.16962     4.77479e-09              
        4.17084     3.18319e-09              
        4.17206     3.18319e-09              
        4.17328     7.95798e-09              
         4.1745     4.77479e-09              
        4.17572     7.95798e-09              
        4.17694     6.36639e-09              
        4.17816      1.5916e-08              
        4.17938     3.18319e-09              
         4.1806      1.5916e-09              
        4.18182     1.11412e-08              
        4.18304     4.77479e-09              
        4.18426     1.11412e-08              
        4.18548     4.77479e-09              
         4.1867     9.54958e-09              
        4.18792     1.27328e-08              
        4.18914     9.54958e-09              
        4.19036     6.36639e-09              
        4.19158     1.11412e-08              
        4.19281     4.77479e-09              
        4.19404      1.5916e-08              
        4.19526     4.77479e-09              
        4.19648     6.36639e-09              
         4.1977     7.95798e-09              
        4.19892     3.18319e-09              
        4.20014     3.18319e-09              
        4.20136     7.95798e-09              
        4.20258     6.36639e-09              
         4.2038      1.5916e-09              
        4.20502               0              
        4.20624     9.54958e-09              
        4.20746     4.77479e-09              
        4.20868     1.27328e-08              
         4.2099     7.95798e-09              
        4.21113     1.43244e-08              
        4.21235      1.5916e-09              
        4.21357               0              
        4.21479     3.18319e-09              
        4.21601     1.11412e-08              
        4.21723     4.77479e-09              
        4.21845     3.18319e-09              
        4.21966     1.11412e-08              
        4.22088     6.36639e-09              
         4.2221     4.77479e-09              
        4.22332     4.77479e-09              
        4.22454     4.77479e-09              
        4.22576     6.36639e-09              
        4.22698     3.18319e-09              
        4.22821     9.54958e-09              
        4.22943     1.11412e-08              
        4.23065     6.36639e-09              
        4.23187     1.27328e-08              
        4.23309     1.11412e-08              
        4.23431     6.36639e-09              
        4.23553     1.11412e-08              
        4.23675     6.36639e-09              
        4.23797     6.36639e-09              
        4.23919     7.95798e-09              
        4.24041     1.11412e-08              
        4.24163     7.95798e-09              
        4.24285     4.77479e-09              
        4.24407     1.11412e-08              
        4.24531     6.36639e-09              
        4.24653     7.95798e-09              
        4.24775     4.77479e-09              
        4.24897     6.36639e-09              
        4.25019     7.95798e-09              
        4.25141     3.18319e-09              
        4.25263     6.36639e-09              
        4.25385     6.36639e-09              
        4.25507     9.54958e-09              
        4.25629      1.5916e-09              
        4.25751      1.5916e-09              
        4.25873     7.95798e-09              
        4.25995     9.54958e-09              
        4.26117     3.18319e-09              
        4.26239     1.11412e-08              
        4.26361     4.77479e-09              
        4.26483     4.77479e-09              
        4.26605     4.77479e-09              
        4.26727     3.18319e-09              
        4.26849     9.54958e-09              
        4.26971      1.5916e-09              
        4.27093     4.77479e-09              
        4.27215     4.77479e-09              
        4.27337     4.77479e-09              
        4.27459     1.43244e-08              
        4.27581     6.36639e-09              
        4.27703     3.18319e-09              
        4.27825     9.54958e-09              
        4.27948      1.5916e-09              
        4.28071     1.11412e-08              
        4.28193     9.54958e-09              
        4.28315               0              
        4.28437     9.54958e-09              
        4.28559     4.77479e-09              
        4.28681     9.54958e-09              
        4.28803      1.5916e-08              
        4.28925      1.5916e-09              
        4.29047      1.5916e-09              
        4.29169     1.43244e-08              
        4.29291     7.95798e-09              
        4.29413     6.36639e-09              
        4.29535     7.95798e-09              
        4.29657     4.77479e-09              
        4.29779     6.36639e-09              
        4.29901     1.27328e-08              
        4.30023     3.18319e-09              
        4.30145     3.18319e-09              
        4.30267     6.36639e-09              
        4.30389     6.36639e-09              
        4.30511     3.18319e-09              
        4.30633     9.54958e-09              
        4.30755     4.77479e-09              
        4.30877     7.95798e-09              
        4.30999     7.95798e-09              
        4.31121     9.54958e-09              
        4.31243     3.18319e-09              
        4.31365     6.36639e-09              
        4.31489     4.77479e-09              
        4.31611     1.27328e-08              
        4.31733     1.11412e-08              
        4.31855     3.18319e-09              
        4.31977     4.77479e-09              
        4.32099     6.36639e-09              
        4.32221     7.95798e-09              
        4.32343     9.54958e-09              
        4.32465     9.54958e-09              
        4.32587     3.18319e-09              
        4.32709     4.77479e-09              
        4.32831               0              
        4.32953     4.77479e-09              
        4.33075     4.77479e-09              
        4.33197     6.36639e-09              
        4.33319     9.54958e-09              
        4.33441     6.36639e-09              
        4.33563      1.5916e-09              
        4.33685     4.77479e-09              
        4.33807     6.36639e-09              
        4.33929     4.77479e-09              
        4.34051     9.54958e-09              
        4.34173     9.54958e-09              
        4.34295     6.36639e-09              
        4.34417     6.36639e-09              
        4.34539     6.36639e-09              
        4.34661     7.95798e-09              
        4.34783     1.11412e-08              
        4.34906     1.43244e-08              
        4.35029     4.77479e-09              
        4.35151     6.36639e-09              
        4.35273     1.27328e-08              
        4.35395      1.5916e-09              
        4.35517     4.77479e-09              
        4.35639     3.18319e-09              
        4.35761     3.18319e-09              
        4.35883     4.77479e-09              
        4.36005      1.5916e-08              
        4.36127     7.95798e-09              
        4.36249     4.77479e-09              
        4.36371     1.27328e-08              
        4.36493     9.54958e-09              
        4.36615     4.77479e-09              
        4.36738     6.36639e-09              
         4.3686     7.95798e-09              
        4.36982     3.18319e-09              
        4.37104     6.36639e-09              
        4.37226     1.11412e-08              
        4.37348     7.95798e-09              
         4.3747      1.5916e-09              
        4.37591     6.36639e-09              
        4.37713     3.18319e-09              
        4.37835     4.77479e-09              
        4.37957     6.36639e-09              
        4.38079     6.36639e-09              
        4.38201     7.95798e-09              
        4.38323     4.77479e-09              
        4.38446     1.27328e-08              
        4.38568     7.95798e-09              
         4.3869     4.77479e-09              
        4.38812     6.36639e-09              
        4.38934     7.95798e-09              
        4.39056     6.36639e-09              
        4.39178     7.95798e-09              
          4.393      1.5916e-09              
        4.39422     3.18319e-09              
        4.39544     4.77479e-09              
        4.39666     7.95798e-09              
        4.39788     7.95798e-09              
         4.3991     6.36639e-09              
        4.40032     7.95798e-09              
        4.40156     6.36639e-09              
        4.40278     3.18319e-09              
          4.404     4.77479e-09              
        4.40522     1.11412e-08              
        4.40644     4.77479e-09              
        4.40766     7.95798e-09              
        4.40888     3.18319e-09              
         4.4101     7.95798e-09              
        4.41132     3.18319e-09              
        4.41254     4.77479e-09              
        4.41376     4.77479e-09              
        4.41498     7.95798e-09              
         4.4162     6.36639e-09              
        4.41742     7.95798e-09              
        4.41864     4.77479e-09              
        4.41986      1.5916e-09              
        4.42108     4.77479e-09              
         4.4223     4.77479e-09              
        4.42352     6.36639e-09              
        4.42474     6.36639e-09              
        4.42596     9.54958e-09              
        4.42718     6.36639e-09              
         4.4284               0              
        4.42962     6.36639e-09              
        4.43084     7.95798e-09              
        4.43206     4.77479e-09              
        4.43328     6.36639e-09              
         4.4345     9.54958e-09              
        4.43573     4.77479e-09              
        4.43696     1.11412e-08              
        4.43818     6.36639e-09              
         4.4394     9.54958e-09              
        4.44062     1.27328e-08              
        4.44184     4.77479e-09              
        4.44306     6.36639e-09              
        4.44428     1.43244e-08              
         4.4455     9.54958e-09              
        4.44672     6.36639e-09              
        4.44794     9.54958e-09              
        4.44916     7.95798e-09              
        4.45038     4.77479e-09              
         4.4516     3.18319e-09              
        4.45282     9.54958e-09              
        4.45404     7.95798e-09              
        4.45526     4.77479e-09              
        4.45648     7.95798e-09              
         4.4577     3.18319e-09              
        4.45892     9.54958e-09              
        4.46014     3.18319e-09              
        4.46136      1.5916e-09              
        4.46258     4.77479e-09              
         4.4638     4.77479e-09              
        4.46502     4.77479e-09              
        4.46624     1.11412e-08              
        4.46746     1.11412e-08              
        4.46868      1.5916e-09              
         4.4699      1.5916e-08              
        4.47114     1.11412e-08              
        4.47236      1.5916e-09              
        4.47358     6.36639e-09              
         4.4748     7.95798e-09              
        4.47602     6.36639e-09              
        4.47724     7.95798e-09              
        4.47846     6.36639e-09              
        4.47968     4.77479e-09              
         4.4809     3.18319e-09              
        4.48212     1.11412e-08              
        4.48334     6.36639e-09              
        4.48456      1.5916e-09              
        4.48578     1.11412e-08              
          4.487     1.11412e-08              
        4.48822     7.95798e-09              
        4.48944     4.77479e-09              
        4.49066     9.54958e-09              
        4.49188     4.77479e-09              
         4.4931     7.95798e-09              
        4.49432     4.77479e-09              
        4.49554     1.11412e-08              
        4.49676     6.36639e-09              
        4.49798     9.54958e-09              
         4.4992     4.77479e-09              
        4.50042     7.95798e-09              
        4.50164     7.95798e-09              
        4.50286     4.77479e-09              
        4.50408      1.5916e-09              
        4.50531     4.77479e-09              
        4.50654     9.54958e-09              
        4.50776     6.36639e-09              
        4.50898     6.36639e-09              
         4.5102     6.36639e-09              
        4.51142     9.54958e-09              
        4.51264     7.95798e-09              
        4.51386     4.77479e-09              
        4.51508     3.18319e-09              
         4.5163     9.54958e-09              
        4.51752     1.11412e-08              
        4.51874     1.27328e-08              
        4.51996     6.36639e-09              
        4.52118      1.5916e-09              
         4.5224     1.11412e-08              
        4.52363     3.18319e-09              
        4.52485      1.5916e-09              
        4.52607     4.77479e-09              
        4.52729     6.36639e-09              
        4.52851     7.95798e-09              
        4.52973     9.54958e-09              
        4.53095      1.5916e-09              
        4.53216     7.95798e-09              
        4.53338     1.27328e-08              
         4.5346     6.36639e-09              
        4.53582     9.54958e-09              
        4.53704     6.36639e-09              
        4.53826     6.36639e-09              
        4.53948     3.18319e-09              
        4.54071     6.36639e-09              
        4.54193     6.36639e-09              
        4.54315      1.5916e-09              
        4.54437     1.27328e-08              
        4.54559     3.18319e-09              
        4.54681     1.27328e-08              
        4.54803     7.95798e-09              
        4.54925      1.5916e-09              
        4.55047     6.36639e-09              
        4.55169     4.77479e-09              
        4.55291     7.95798e-09              
        4.55413     1.27328e-08              
        4.55535     7.95798e-09              
        4.55657     7.95798e-09              
        4.55781     6.36639e-09              
        4.55903     6.36639e-09              
        4.56025     6.36639e-09              
        4.56147     6.36639e-09              
        4.56269     1.27328e-08              
        4.56391               0              
        4.56513     1.43244e-08              
        4.56635     9.54958e-09              
        4.56757     4.77479e-09              
        4.56879     4.77479e-09              
        4.57001     1.27328e-08              
        4.57123     6.36639e-09              
        4.57245     1.27328e-08              
        4.57367     6.36639e-09              
        4.57489     4.77479e-09              
        4.57611     6.36639e-09              
        4.57733     6.36639e-09              
        4.57855     9.54958e-09              
        4.57977     3.18319e-09              
        4.58099     4.77479e-09              
        4.58221     3.18319e-09              
        4.58343     3.18319e-09              
        4.58465     6.36639e-09              
        4.58587     7.95798e-09              
        4.58709     4.77479e-09              
        4.58831     7.95798e-09              
        4.58953     6.36639e-09              
        4.59075     6.36639e-09              
        4.59198     6.36639e-09              
        4.59321     9.54958e-09              
        4.59443     6.36639e-09              
        4.59565     6.36639e-09              
        4.59687     4.77479e-09              
        4.59809     4.77479e-09              
        4.59931     4.77479e-09              
        4.60053     7.95798e-09              
        4.60175     1.11412e-08              
        4.60297     1.27328e-08              
        4.60419     9.54958e-09              
        4.60541     3.18319e-09              
        4.60663     3.18319e-09              
        4.60785     3.18319e-09              
        4.60907     9.54958e-09              
        4.61029     1.43244e-08              
        4.61151     7.95798e-09              
        4.61273     4.77479e-09              
        4.61395     9.54958e-09              
        4.61517     4.77479e-09              
        4.61639     1.11412e-08              
        4.61761     6.36639e-09              
        4.61883     4.77479e-09              
        4.62005     9.54958e-09              
        4.62127     7.95798e-09              
        4.62249     6.36639e-09              
        4.62371     1.75076e-08              
        4.62493     6.36639e-09              
        4.62615     4.77479e-09              
        4.62739     4.77479e-09              
        4.62861     6.36639e-09              
        4.62983     4.77479e-09              
        4.63105     7.95798e-09              
        4.63227     6.36639e-09              
        4.63349     4.77479e-09              
        4.63471     1.11412e-08              
        4.63593     4.77479e-09              
        4.63715     9.54958e-09              
        4.63837     1.43244e-08              
        4.63959     4.77479e-09              
        4.64081      1.5916e-09              
        4.64203     4.77479e-09              
        4.64325     3.18319e-09              
        4.64447     7.95798e-09              
        4.64569     9.54958e-09              
        4.64691     4.77479e-09              
        4.64813     9.54958e-09              
        4.64935     4.77479e-09              
        4.65057     3.18319e-09              
        4.65179     3.18319e-09              
        4.65301     7.95798e-09              
        4.65423     3.18319e-09              
        4.65545     6.36639e-09              
        4.65667     6.36639e-09              
        4.65789     4.77479e-09              
        4.65911     6.36639e-09              
        4.66033     6.36639e-09              
        4.66156     7.95798e-09              
        4.66279     6.36639e-09              
        4.66401     7.95798e-09              
        4.66523     1.43244e-08              
        4.66645     3.18319e-09              
        4.66767     3.18319e-09              
        4.66889     6.36639e-09              
        4.67011     6.36639e-09              
        4.67133     6.36639e-09              
        4.67255     9.54958e-09              
        4.67377     4.77479e-09              
        4.67499     6.36639e-09              
        4.67621     4.77479e-09              
        4.67743     6.36639e-09              
        4.67865     3.18319e-09              
        4.67988     7.95798e-09              
         4.6811     6.36639e-09              
        4.68232     3.18319e-09              
        4.68354     9.54958e-09              
        4.68476     4.77479e-09              
        4.68598      1.5916e-09              
         4.6872     6.36639e-09              
        4.68841     3.18319e-09              
        4.68963     6.36639e-09              
        4.69085     1.43244e-08              
        4.69207     3.18319e-09              
        4.69329               0              
        4.69451     7.95798e-09              
        4.69573     9.54958e-09              
        4.69696     9.54958e-09              
        4.69818     4.77479e-09              
         4.6994      1.5916e-09              
        4.70062     9.54958e-09              
        4.70184      1.5916e-09              
        4.70306     4.77479e-09              
        4.70428     4.77479e-09              
         4.7055     6.36639e-09              
        4.70672      1.5916e-09              
        4.70794     6.36639e-09              
        4.70916     2.86487e-08              
        4.71038     7.95798e-09              
         4.7116     3.18319e-09              
        4.71282     7.95798e-09              
        4.71406     3.18319e-09              
        4.71528     6.36639e-09              
         4.7165     7.95798e-09              
        4.71772     7.95798e-09              
        4.71894     6.36639e-09              
        4.72016      1.5916e-09              
        4.72138     7.95798e-09              
         4.7226               0              
        4.72382     4.77479e-09              
        4.72504     7.95798e-09              
        4.72626     6.36639e-09              
        4.72748     1.11412e-08              
         4.7287     9.54958e-09              
        4.72992     6.36639e-09              
        4.73114               0              
        4.73236     3.18319e-09              
        4.73358     3.18319e-09              
         4.7348     4.77479e-09              
        4.73602     7.95798e-09              
        4.73724     7.95798e-09              
        4.73846     6.36639e-09              
        4.73968      1.5916e-09              
         4.7409     3.18319e-09              
        4.74212     9.54958e-09              
        4.74334     7.95798e-09              
        4.74456     3.18319e-09              
        4.74578     6.36639e-09              
          4.747     4.77479e-09              
        4.74823      1.5916e-08              
        4.74946     6.36639e-09              
        4.75068     6.36639e-09              
         4.7519     7.95798e-09              
        4.75312     4.77479e-09              
        4.75434     9.54958e-09              
        4.75556     7.95798e-09              
        4.75678     6.36639e-09              
          4.758     4.77479e-09              
        4.75922     7.95798e-09              
        4.76044     1.11412e-08              
        4.76166     4.77479e-09              
        4.76288     4.77479e-09              
         4.7641     7.95798e-09              
        4.76532     7.95798e-09              
        4.76654     7.95798e-09              
        4.76776     6.36639e-09              
        4.76898     4.77479e-09              
         4.7702     9.54958e-09              
        4.77142     3.18319e-09              
        4.77264     3.18319e-09              
        4.77386     3.18319e-09              
        4.77508     1.11412e-08              
         4.7763     7.95798e-09              
        4.77752     6.36639e-09              
        4.77874     1.43244e-08              
        4.77996     3.18319e-09              
        4.78118     6.36639e-09              
         4.7824     3.18319e-09              
        4.78364     7.95798e-09              
        4.78486     3.18319e-09              
        4.78608     6.36639e-09              
         4.7873     9.54958e-09              
        4.78852     1.11412e-08              
        4.78974      1.5916e-09              
        4.79096     3.18319e-09              
        4.79218     3.18319e-09              
         4.7934     3.18319e-09              
        4.79462     3.18319e-09              
        4.79584      1.5916e-09              
        4.79706      1.5916e-09              
        4.79828     6.36639e-09              
         4.7995     6.36639e-09              
        4.80072     9.54958e-09              
        4.80194     4.77479e-09              
        4.80316               0              
        4.80438     4.77479e-09              
         4.8056     9.54958e-09              
        4.80682     4.77479e-09              
        4.80804     7.95798e-09              
        4.80926     1.11412e-08              
        4.81048     3.18319e-09              
         4.8117     6.36639e-09              
        4.81292     7.95798e-09              
        4.81414     4.77479e-09              
        4.81536     3.18319e-09              
        4.81658     1.27328e-08              
        4.81781     6.36639e-09              
        4.81904     7.95798e-09              
        4.82026      1.5916e-08              
        4.82148     6.36639e-09              
         4.8227     9.54958e-09              
        4.82392     3.18319e-09              
        4.82514     1.11412e-08              
        4.82636     7.95798e-09              
        4.82758     7.95798e-09              
         4.8288      1.5916e-09              
        4.83002     6.36639e-09              
        4.83124     4.77479e-09              
        4.83246     4.77479e-09              
        4.83368     1.11412e-08              
         4.8349     9.54958e-09              
        4.83613     7.95798e-09              
        4.83735      1.5916e-09              
        4.83857      1.5916e-09              
        4.83979      1.5916e-09              
        4.84101     1.11412e-08              
        4.84223     6.36639e-09              
        4.84345     3.18319e-09              
        4.84466     9.54958e-09              
        4.84588     6.36639e-09              
         4.8471     4.77479e-09              
        4.84832     7.95798e-09              
        4.84954     1.90992e-08              
        4.85076     7.95798e-09              
        4.85198     9.54958e-09              
        4.85321     7.95798e-09              
        4.85443     7.95798e-09              
        4.85565     3.18319e-09              
        4.85687     7.95798e-09              
        4.85809     3.18319e-09              
        4.85931     3.18319e-09              
        4.86053     7.95798e-09              
        4.86175     7.95798e-09              
        4.86297     9.54958e-09              
        4.86419     4.77479e-09              
        4.86541     7.95798e-09              
        4.86663     1.75076e-08              
        4.86785     3.18319e-09              
        4.86907     6.36639e-09              
        4.87031     6.36639e-09              
        4.87153     6.36639e-09              
        4.87275     3.18319e-09              
        4.87397     6.36639e-09              
        4.87519     4.77479e-09              
        4.87641     3.18319e-09              
        4.87763     1.43244e-08              
        4.87885     3.18319e-09              
        4.88007     6.36639e-09              
        4.88129     1.27328e-08              
        4.88251     4.77479e-09              
        4.88373     6.36639e-09              
        4.88495     3.18319e-09              
        4.88617      1.5916e-09              
        4.88739     3.18319e-09              
        4.88861     4.77479e-09              
        4.88983     7.95798e-09              
        4.89105     7.95798e-09              
        4.89227     1.11412e-08              
        4.89349     3.18319e-09              
        4.89471     7.95798e-09              
        4.89593     6.36639e-09              
        4.89715     4.77479e-09              
        4.89837      1.5916e-09              
        4.89959     6.36639e-09              
        4.90081      1.5916e-09              
        4.90203     1.43244e-08              
        4.90325     9.54958e-09              
        4.90448      1.5916e-09              
        4.90571     7.95798e-09              
        4.90693     9.54958e-09              
        4.90815     3.18319e-09              
        4.90937     3.18319e-09              
        4.91059     1.11412e-08              
        4.91181     4.77479e-09              
        4.91303     4.77479e-09              
        4.91425     4.77479e-09              
        4.91547     9.54958e-09              
        4.91669     3.18319e-09              
        4.91791     6.36639e-09              
        4.91913     7.95798e-09              
        4.92035     4.77479e-09              
        4.92157      1.5916e-09              
        4.92279      1.5916e-09              
        4.92401     4.77479e-09              
        4.92523     7.95798e-09              
        4.92645     9.54958e-09              
        4.92767     4.77479e-09              
        4.92889      1.5916e-09              
        4.93011     1.27328e-08              
        4.93133     4.77479e-09              
        4.93255     7.95798e-09              
        4.93377     7.95798e-09              
        4.93499      1.5916e-09              
        4.93621     7.95798e-09              
        4.93743     7.95798e-09              
        4.93865     6.36639e-09              
        4.93989     6.36639e-09              
        4.94111     6.36639e-09              
        4.94233     9.54958e-09              
        4.94355     6.36639e-09              
        4.94477     7.95798e-09              
        4.94599     6.36639e-09              
        4.94721     7.95798e-09              
        4.94843     6.36639e-09              
        4.94965     3.18319e-09              
        4.95087     6.36639e-09              
        4.95209     7.95798e-09              
        4.95331     7.95798e-09              
        4.95453     9.54958e-09              
        4.95575     3.18319e-09              
        4.95697     4.77479e-09              
        4.95819     3.18319e-09              
        4.95941     4.77479e-09              
        4.96063     3.18319e-09              
        4.96185     4.77479e-09              
        4.96307     4.77479e-09              
        4.96429      1.5916e-09              
        4.96551     6.36639e-09              
        4.96673     4.77479e-09              
        4.96795     3.18319e-09              
        4.96917     1.27328e-08              
        4.97039     6.36639e-09              
        4.97161               0              
        4.97283     4.77479e-09              
        4.97406     6.36639e-09              
        4.97529     4.77479e-09              
        4.97651     4.77479e-09              
        4.97773     1.11412e-08              
        4.97895     7.95798e-09              
        4.98017     6.36639e-09              
        4.98139     3.18319e-09              
        4.98261     7.95798e-09              
        4.98383     6.36639e-09              
        4.98505     7.95798e-09              
        4.98627     4.77479e-09              
        4.98749               0              
        4.98871     4.77479e-09              
        4.98993     4.77479e-09              
        4.99115     7.95798e-09              
        4.99238     6.36639e-09              
         4.9936     6.36639e-09              
        4.99482     3.18319e-09              
        4.99604     7.95798e-09              
        4.99726     1.27328e-08              
