         1.9992     1.43244e-08              
        2.00042     1.75076e-08              
        2.00164     1.27328e-08              
        2.00286     1.11412e-08              
        2.00408     2.22823e-08              
        2.00531     1.75076e-08              
        2.00653     1.27328e-08              
        2.00775     2.22823e-08              
        2.00897      1.5916e-08              
        2.01019     3.02403e-08              
        2.01141     2.22823e-08              
        2.01263     6.36639e-09              
        2.01385     7.95798e-09              
        2.01507     1.75076e-08              
        2.01629     7.95798e-09              
        2.01751     2.06908e-08              
        2.01873     1.75076e-08              
        2.01995     1.75076e-08              
        2.02117     1.43244e-08              
         2.0224     6.36639e-09              
        2.02363     1.11412e-08              
        2.02485     2.38739e-08              
        2.02607     2.70571e-08              
        2.02729     1.27328e-08              
        2.02851     1.27328e-08              
        2.02973     1.75076e-08              
        2.03095     1.75076e-08              
        2.03216     1.11412e-08              
        2.03338     2.06908e-08              
         2.0346     2.38739e-08              
        2.03582     1.75076e-08              
        2.03704     2.38739e-08              
        2.03826     7.95798e-09              
        2.03948     6.36639e-09              
        2.04072     1.27328e-08              
        2.04194     9.54958e-09              
        2.04316     9.54958e-09              
        2.04438     1.43244e-08              
         2.0456     2.06908e-08              
        2.04682     1.27328e-08              
        2.04804     1.90992e-08              
        2.04926     2.06908e-08              
        2.05048     1.75076e-08              
         2.0517     7.95798e-09              
        2.05292     9.54958e-09              
        2.05414     1.90992e-08              
        2.05536     2.70571e-08              
        2.05658     1.90992e-08              
        2.05781     1.11412e-08              
        2.05903      1.5916e-08              
        2.06025     6.36639e-09              
        2.06147      1.5916e-08              
        2.06269      1.5916e-08              
        2.06391     2.86487e-08              
        2.06513     1.43244e-08              
        2.06635     2.54655e-08              
        2.06757     1.11412e-08              
        2.06879     2.22823e-08              
        2.07001      1.5916e-08              
        2.07123     2.06908e-08              
        2.07245     1.75076e-08              
        2.07367     1.75076e-08              
        2.07489     2.22823e-08              
        2.07612     1.43244e-08              
        2.07734      1.5916e-08              
        2.07856      1.5916e-08              
        2.07978     1.75076e-08              
          2.081     1.43244e-08              
        2.08222      1.5916e-08              
        2.08344     1.90992e-08              
        2.08466     1.27328e-08              
        2.08588     1.11412e-08              
         2.0871     9.54958e-09              
        2.08832     1.27328e-08              
        2.08954     1.75076e-08              
        2.09076      1.5916e-08              
        2.09198     1.43244e-08              
        2.09321     9.54958e-09              
        2.09443     1.11412e-08              
        2.09565     1.11412e-08              
        2.09687     1.43244e-08              
        2.09809     1.43244e-08              
        2.09931     1.43244e-08              
        2.10053      1.5916e-08              
        2.10175     2.06908e-08              
        2.10297     2.06908e-08              
        2.10419     1.27328e-08              
        2.10541     2.70571e-08              
        2.10663     2.06908e-08              
        2.10785      1.5916e-08              
        2.10907      1.5916e-08              
        2.11029     1.43244e-08              
        2.11151     2.06908e-08              
        2.11273      1.5916e-08              
        2.11395      1.5916e-08              
        2.11517      1.5916e-08              
        2.11639      1.5916e-08              
        2.11761     1.27328e-08              
        2.11883     1.27328e-08              
        2.12005      1.5916e-08              
        2.12127     2.06908e-08              
        2.12249     1.11412e-08              
        2.12371     9.54958e-09              
        2.12493     1.27328e-08              
        2.12615     1.75076e-08              
        2.12738     7.95798e-09              
         2.1286     1.75076e-08              
        2.12982      1.5916e-08              
        2.13104     1.11412e-08              
        2.13226     7.95798e-09              
        2.13348     9.54958e-09              
         2.1347     4.77479e-09              
        2.13592     1.90992e-08              
        2.13714     1.43244e-08              
        2.13836     1.43244e-08              
        2.13958     9.54958e-09              
         2.1408      1.5916e-08              
        2.14202     9.54958e-09              
        2.14324     1.90992e-08              
        2.14447     1.27328e-08              
        2.14569     1.43244e-08              
        2.14691     9.54958e-09              
        2.14813     9.54958e-09              
        2.14935     2.38739e-08              
        2.15057     1.43244e-08              
        2.15179     1.75076e-08              
        2.15301     1.43244e-08              
        2.15423     1.75076e-08              
        2.15545     9.54958e-09              
        2.15667     1.27328e-08              
        2.15789     1.11412e-08              
        2.15911     7.95798e-09              
        2.16033     7.95798e-09              
        2.16156     7.95798e-09              
        2.16278     1.90992e-08              
          2.164     3.18319e-09              
        2.16522     1.43244e-08              
        2.16644     1.27328e-08              
        2.16766     7.95798e-09              
        2.16888     9.54958e-09              
         2.1701     1.11412e-08              
        2.17132     1.43244e-08              
        2.17254     1.43244e-08              
        2.17376     1.11412e-08              
        2.17498     1.43244e-08              
         2.1762     1.11412e-08              
        2.17742     1.11412e-08              
        2.17865     1.43244e-08              
        2.17988     1.43244e-08              
         2.1811     1.27328e-08              
        2.18232     1.43244e-08              
        2.18354     1.43244e-08              
        2.18476     1.27328e-08              
        2.18598     1.75076e-08              
         2.1872     2.54655e-08              
        2.18841     1.75076e-08              
        2.18963     3.18319e-08              
        2.19085     9.54958e-09              
        2.19207      1.5916e-08              
        2.19329     1.43244e-08              
        2.19451     1.43244e-08              
        2.19573     1.75076e-08              
        2.19697     1.43244e-08              
        2.19819     4.77479e-09              
        2.19941      1.5916e-08              
        2.20063     7.95798e-09              
        2.20185     1.11412e-08              
        2.20307     1.75076e-08              
        2.20429     1.11412e-08              
        2.20551     7.95798e-09              
        2.20673     1.11412e-08              
        2.20795     2.06908e-08              
        2.20917     9.54958e-09              
        2.21039     1.27328e-08              
        2.21161      1.5916e-08              
        2.21283     1.43244e-08              
        2.21406      1.5916e-08              
        2.21528     1.43244e-08              
         2.2165      1.5916e-08              
        2.21772     7.95798e-09              
        2.21894     1.11412e-08              
        2.22016     2.22823e-08              
        2.22138     1.75076e-08              
         2.2226     4.64746e-06              
        2.22382      1.5916e-08              
        2.22504     6.36639e-09              
        2.22626     7.95798e-09              
        2.22748     1.90992e-08              
         2.2287     4.77479e-09              
        2.22992     1.27328e-08              
        2.23114     9.54958e-09              
        2.23237     1.27328e-08              
        2.23359     1.11412e-08              
        2.23481     1.90992e-08              
        2.23603     1.90992e-08              
        2.23725     6.36639e-09              
        2.23847      1.5916e-08              
        2.23969     1.43244e-08              
        2.24091     1.27328e-08              
        2.24213     9.54958e-09              
        2.24335     2.06908e-08              
        2.24457     1.90992e-08              
        2.24579     4.77479e-09              
        2.24701     2.06908e-08              
        2.24823     1.27328e-08              
        2.24946     1.75076e-08              
        2.25068     9.54958e-09              
         2.2519     1.75076e-08              
        2.25312      1.5916e-08              
        2.25434     6.36639e-09              
        2.25556     7.95798e-09              
        2.25678     1.75076e-08              
          2.258     9.54958e-09              
        2.25922     1.11412e-08              
        2.26044     4.77479e-09              
        2.26166     1.43244e-08              
        2.26288     1.90992e-08              
         2.2641     6.36639e-09              
        2.26532     1.27328e-08              
        2.26654     7.95798e-09              
        2.26776     1.11412e-08              
        2.26898     1.43244e-08              
         2.2702     7.95798e-09              
        2.27142     1.11412e-08              
        2.27264     4.77479e-09              
        2.27386     1.27328e-08              
        2.27508      1.5916e-09              
         2.2763     1.43244e-08              
        2.27752     1.11412e-08              
        2.27874     1.11412e-08              
        2.27996     1.75076e-08              
        2.28118     1.27328e-08              
         2.2824     9.54958e-09              
        2.28363      1.5916e-09              
        2.28485     9.54958e-09              
        2.28607     1.27328e-08              
        2.28729     7.95798e-09              
        2.28851      1.5916e-08              
        2.28973     7.95798e-09              
        2.29095     1.43244e-08              
        2.29217     7.95798e-09              
        2.29339               0              
        2.29461     1.27328e-08              
        2.29583     7.95798e-09              
        2.29705     4.77479e-09              
        2.29827     3.18319e-09              
        2.29949     1.43244e-08              
        2.30072     1.11412e-08              
        2.30194     1.43244e-08              
        2.30316      1.5916e-08              
        2.30438     1.27328e-08              
         2.3056     2.54655e-08              
        2.30682      1.5916e-08              
        2.30804     1.43244e-08              
        2.30926     9.54958e-09              
        2.31048     1.11412e-08              
         2.3117      1.5916e-08              
        2.31292     4.77479e-09              
        2.31414     7.95798e-09              
        2.31536     7.95798e-09              
        2.31658     1.27328e-08              
        2.31781     7.95798e-09              
        2.31903     9.54958e-09              
        2.32025     1.43244e-08              
        2.32147     7.95798e-09              
        2.32269     7.95798e-09              
        2.32391     1.11412e-08              
        2.32513     1.27328e-08              
        2.32635     1.11412e-08              
        2.32757     9.54958e-09              
        2.32879     1.27328e-08              
        2.33001     1.11412e-08              
        2.33123     4.77479e-09              
        2.33245     1.27328e-08              
        2.33367     9.54958e-09              
         2.3349     9.54958e-09              
        2.33613     1.11412e-08              
        2.33735     6.36639e-09              
        2.33857     9.54958e-09              
        2.33979     1.75076e-08              
        2.34101     7.95798e-09              
        2.34223     6.36639e-09              
        2.34345     1.75076e-08              
        2.34466     1.11412e-08              
        2.34588      1.5916e-08              
         2.3471     9.54958e-09              
        2.34832     7.95798e-09              
        2.34954     9.54958e-09              
        2.35076      1.5916e-08              
        2.35198     1.27328e-08              
        2.35322     7.95798e-09              
        2.35444      1.5916e-09              
        2.35566     1.11412e-08              
        2.35688      1.5916e-08              
         2.3581     7.95798e-09              
        2.35932     1.27328e-08              
        2.36054     2.06908e-08              
        2.36176     1.27328e-08              
        2.36298      1.5916e-08              
         2.3642     1.43244e-08              
        2.36542      1.5916e-08              
        2.36664     3.18319e-09              
        2.36786     9.54958e-09              
        2.36908     1.43244e-08              
        2.37031      1.5916e-08              
        2.37153     9.54958e-09              
        2.37275     9.54958e-09              
        2.37397     9.54958e-09              
        2.37519     3.18319e-09              
        2.37641     9.54958e-09              
        2.37763     1.75076e-08              
        2.37885      1.5916e-08              
        2.38007     1.11412e-08              
        2.38129     6.36639e-09              
        2.38251     6.36639e-09              
        2.38373     7.95798e-09              
        2.38495      1.5916e-08              
        2.38617     9.54958e-09              
        2.38739     9.54958e-09              
        2.38862     9.54958e-09              
        2.38984     9.54958e-09              
        2.39106     9.54958e-09              
        2.39228     6.36639e-09              
         2.3935     1.90992e-08              
        2.39472     7.95798e-09              
        2.39594     6.36639e-09              
        2.39716     1.43244e-08              
        2.39838     1.90992e-08              
         2.3996      1.5916e-08              
        2.40082     7.95798e-09              
        2.40204     9.54958e-09              
        2.40326     7.95798e-09              
        2.40448     1.11412e-08              
        2.40571     6.36639e-09              
        2.40693     3.18319e-09              
        2.40815     9.54958e-09              
        2.40937     3.18319e-09              
        2.41059      1.5916e-08              
        2.41181     4.77479e-09              
        2.41303     2.06908e-08              
        2.41425     1.27328e-08              
        2.41547     7.95798e-09              
        2.41669     7.95798e-09              
        2.41791     1.90992e-08              
        2.41913     7.95798e-09              
        2.42035     1.11412e-08              
        2.42157     7.95798e-09              
        2.42279     9.54958e-09              
        2.42401      1.5916e-09              
        2.42523     9.54958e-09              
        2.42645     7.95798e-09              
        2.42767     3.18319e-09              
        2.42889     9.54958e-09              
        2.43011     1.75076e-08              
        2.43133     7.95798e-09              
        2.43255     7.95798e-09              
        2.43377     1.27328e-08              
        2.43499     1.75076e-08              
        2.43621     1.27328e-08              
        2.43743     9.54958e-09              
        2.43865     1.27328e-08              
        2.43988     9.54958e-09              
         2.4411     7.95798e-09              
        2.44232     1.90992e-08              
        2.44354     7.95798e-09              
        2.44476     7.95798e-09              
        2.44598     1.43244e-08              
         2.4472     9.54958e-09              
        2.44842     6.36639e-09              
        2.44964     1.27328e-08              
        2.45086     1.11412e-08              
        2.45208     1.75076e-08              
         2.4533     1.27328e-08              
        2.45452     9.54958e-09              
        2.45574     9.54958e-09              
        2.45697     1.11412e-08              
        2.45819     7.95798e-09              
        2.45941     9.54958e-09              
        2.46063      1.5916e-08              
        2.46185     1.90992e-08              
        2.46307     9.54958e-09              
        2.46429     9.54958e-09              
        2.46551     4.77479e-09              
        2.46673     9.54958e-09              
        2.46795     6.36639e-09              
        2.46917     1.27328e-08              
        2.47039      1.5916e-08              
        2.47161     6.36639e-09              
        2.47283     4.77479e-09              
        2.47406     1.27328e-08              
        2.47528     7.95798e-09              
         2.4765     7.95798e-09              
        2.47772     1.27328e-08              
        2.47894     9.54958e-09              
        2.48016     9.54958e-09              
        2.48138     1.11412e-08              
         2.4826     9.54958e-09              
        2.48382               0              
        2.48504     6.36639e-09              
        2.48626     6.36639e-09              
        2.48748     9.54958e-09              
         2.4887     1.27328e-08              
        2.48992     2.06908e-08              
        2.49115     1.27328e-08              
        2.49238     1.43244e-08              
         2.4936     1.43244e-08              
        2.49482     7.95798e-09              
        2.49604     6.36639e-09              
        2.49726     4.77479e-09              
        2.49848     7.95798e-09              
         2.4997     1.27328e-08              
        2.50091     3.18319e-09              
        2.50213     9.54958e-09              
        2.50335     1.11412e-08              
        2.50457     7.95798e-09              
        2.50579     1.11412e-08              
        2.50701     1.11412e-08              
        2.50823     9.54958e-09              
        2.50947     1.11412e-08              
        2.51069     6.36639e-09              
        2.51191     7.95798e-09              
        2.51313     2.70571e-08              
        2.51435     7.95798e-09              
        2.51557     9.54958e-09              
        2.51679     1.43244e-08              
        2.51801     2.38739e-08              
        2.51923     9.54958e-09              
        2.52045     1.27328e-08              
        2.52167     1.27328e-08              
        2.52289     7.95798e-09              
        2.52411     4.77479e-09              
        2.52533     7.95798e-09              
        2.52656      1.5916e-09              
        2.52778      1.5916e-08              
          2.529     9.54958e-09              
        2.53022     7.95798e-09              
        2.53144      1.5916e-08              
        2.53266     1.11412e-08              
        2.53388     1.27328e-08              
         2.5351     6.36639e-09              
        2.53632     6.36639e-09              
        2.53754      1.5916e-08              
        2.53876     7.95798e-09              
        2.53998     1.43244e-08              
         2.5412     4.77479e-09              
        2.54242     3.18319e-09              
        2.54364     7.95798e-09              
        2.54487     1.43244e-08              
        2.54609     1.75076e-08              
        2.54731     7.95798e-09              
        2.54853     4.77479e-09              
        2.54975     1.27328e-08              
        2.55097     9.54958e-09              
        2.55219     3.18319e-09              
        2.55341     6.36639e-09              
        2.55463     7.95798e-09              
        2.55585     1.43244e-08              
        2.55707     6.36639e-09              
        2.55829     9.54958e-09              
        2.55951     2.06908e-08              
        2.56073     7.95798e-09              
        2.56196     1.11412e-08              
        2.56318      1.5916e-08              
         2.5644     1.11412e-08              
        2.56562     7.95798e-09              
        2.56684     1.11412e-08              
        2.56806     6.36639e-09              
        2.56928     9.54958e-09              
         2.5705     6.36639e-09              
        2.57172     9.54958e-09              
        2.57294     7.95798e-09              
        2.57416     6.36639e-09              
        2.57538     7.95798e-09              
         2.5766     4.77479e-09              
        2.57782     1.11412e-08              
        2.57904     9.54958e-09              
        2.58026     6.36639e-09              
        2.58148     1.27328e-08              
         2.5827      1.5916e-08              
        2.58392     9.54958e-09              
        2.58514     3.18319e-09              
        2.58636     4.77479e-09              
        2.58758      1.5916e-08              
         2.5888     7.95798e-09              
        2.59002     1.11412e-08              
        2.59124     6.36639e-09              
        2.59246     1.43244e-08              
        2.59368     7.95798e-09              
         2.5949     1.75076e-08              
        2.59613     7.95798e-09              
        2.59735     7.95798e-09              
        2.59857      1.5916e-08              
        2.59979     6.36639e-09              
        2.60101     7.95798e-09              
        2.60223     1.27328e-08              
        2.60345     1.43244e-08              
        2.60467     9.54958e-09              
        2.60589     6.36639e-09              
        2.60711     1.27328e-08              
        2.60833     7.95798e-09              
        2.60955     1.43244e-08              
        2.61077      1.5916e-08              
        2.61199     4.77479e-09              
        2.61322     9.54958e-09              
        2.61444     9.54958e-09              
        2.61566     1.27328e-08              
        2.61688     1.11412e-08              
         2.6181     9.54958e-09              
        2.61932     6.36639e-09              
        2.62054     4.77479e-09              
        2.62176     6.36639e-09              
        2.62298     1.43244e-08              
         2.6242     1.43244e-08              
        2.62542     1.43244e-08              
        2.62664     1.11412e-08              
        2.62786     1.11412e-08              
        2.62908     9.54958e-09              
        2.63031     7.95798e-09              
        2.63153     1.90992e-08              
        2.63275     7.95798e-09              
        2.63397     1.43244e-08              
        2.63519     1.43244e-08              
        2.63641     1.27328e-08              
        2.63763     1.11412e-08              
        2.63885     9.54958e-09              
        2.64007     1.43244e-08              
        2.64129     1.11412e-08              
        2.64251     1.11412e-08              
        2.64373     9.54958e-09              
        2.64495     1.11412e-08              
        2.64617     7.95798e-09              
         2.6474     1.11412e-08              
        2.64863     7.95798e-09              
        2.64985     4.77479e-09              
        2.65107     7.95798e-09              
        2.65229     9.54958e-09              
        2.65351     1.75076e-08              
        2.65473     9.54958e-09              
        2.65595     1.11412e-08              
        2.65716     3.18319e-09              
        2.65838     6.36639e-09              
         2.6596     9.54958e-09              
        2.66082     3.18319e-09              
        2.66204     1.75076e-08              
        2.66326     9.54958e-09              
        2.66448     1.27328e-08              
        2.66572     6.36639e-09              
        2.66694      1.5916e-09              
        2.66816     9.54958e-09              
        2.66938     2.22823e-08              
         2.6706     6.36639e-09              
        2.67182     6.36639e-09              
        2.67304     7.95798e-09              
        2.67426     1.43244e-08              
        2.67548     9.54958e-09              
         2.6767     9.54958e-09              
        2.67792     2.38739e-08              
        2.67914      1.5916e-08              
        2.68036     1.75076e-08              
        2.68158     7.95798e-09              
        2.68281     6.36639e-09              
        2.68403     4.77479e-09              
        2.68525     9.54958e-09              
        2.68647     4.77479e-09              
        2.68769     6.36639e-09              
        2.68891     6.36639e-09              
        2.69013     1.43244e-08              
        2.69135     9.54958e-09              
        2.69257     1.43244e-08              
        2.69379     6.36639e-09              
        2.69501     1.27328e-08              
        2.69623      1.5916e-08              
        2.69745     3.18319e-09              
        2.69867     9.54958e-09              
        2.69989     6.36639e-09              
        2.70112     1.11412e-08              
        2.70234     7.95798e-09              
        2.70356     9.54958e-09              
        2.70478     1.11412e-08              
          2.706     9.54958e-09              
        2.70722     4.77479e-09              
        2.70844     7.95798e-09              
        2.70966     1.75076e-08              
        2.71088     6.36639e-09              
         2.7121     6.36639e-09              
        2.71332     1.11412e-08              
        2.71454     4.77479e-09              
        2.71576     1.11412e-08              
        2.71698     7.95798e-09              
        2.71821     1.11412e-08              
        2.71943     1.11412e-08              
        2.72065     1.43244e-08              
        2.72187     6.36639e-09              
        2.72309     9.54958e-09              
        2.72431     6.36639e-09              
        2.72553      1.5916e-08              
        2.72675     1.11412e-08              
        2.72797     1.43244e-08              
        2.72919     7.95798e-09              
        2.73041      1.5916e-08              
        2.73163     1.43244e-08              
        2.73285     9.54958e-09              
        2.73407      1.5916e-08              
        2.73529     1.27328e-08              
        2.73651      1.5916e-08              
        2.73773     6.36639e-09              
        2.73895     9.54958e-09              
        2.74017     4.77479e-09              
        2.74139     9.54958e-09              
        2.74261     9.54958e-09              
        2.74383      1.5916e-08              
        2.74505     4.77479e-09              
        2.74627     6.36639e-09              
        2.74749     7.95798e-09              
        2.74871      1.5916e-08              
        2.74993     7.95798e-09              
        2.75115     1.90992e-08              
        2.75238     7.95798e-09              
         2.7536     1.11412e-08              
        2.75482     4.77479e-09              
        2.75604      1.5916e-08              
        2.75726     6.36639e-09              
        2.75848     1.43244e-08              
         2.7597     9.54958e-09              
        2.76092     7.95798e-09              
        2.76214      1.5916e-08              
        2.76336     6.36639e-09              
        2.76458     6.36639e-09              
         2.7658     7.95798e-09              
        2.76702     1.27328e-08              
        2.76824     1.11412e-08              
        2.76947     6.36639e-09              
        2.77069     4.77479e-09              
        2.77191     9.54958e-09              
        2.77313     1.11412e-08              
        2.77435     7.95798e-09              
        2.77557     1.11412e-08              
        2.77679     1.27328e-08              
        2.77801     7.95798e-09              
        2.77923     9.54958e-09              
        2.78045     9.54958e-09              
        2.78167     3.18319e-09              
        2.78289     1.11412e-08              
        2.78411     9.54958e-09              
        2.78533     3.18319e-09              
        2.78656     1.27328e-08              
        2.78778     6.36639e-09              
          2.789      1.5916e-08              
        2.79022     7.95798e-09              
        2.79144      1.5916e-08              
        2.79266     6.36639e-09              
        2.79388     1.27328e-08              
         2.7951     6.36639e-09              
        2.79632     9.54958e-09              
        2.79754     7.95798e-09              
        2.79876     3.18319e-09              
        2.79998     1.11412e-08              
         2.8012     4.77479e-09              
        2.80242     6.36639e-09              
        2.80365     1.27328e-08              
        2.80488     1.27328e-08              
         2.8061     7.95798e-09              
        2.80732     3.18319e-09              
        2.80854     1.11412e-08              
        2.80976     7.95798e-09              
        2.81098     7.95798e-09              
         2.8122     1.11412e-08              
        2.81341     7.95798e-09              
        2.81463     1.11412e-08              
        2.81585     1.43244e-08              
        2.81707     9.54958e-09              
        2.81829     9.54958e-09              
        2.81951     6.36639e-09              
        2.82073      1.5916e-08              
        2.82197     9.54958e-09              
        2.82319     7.95798e-09              
        2.82441     7.95798e-09              
        2.82563     4.77479e-09              
        2.82685     1.11412e-08              
        2.82807     4.77479e-09              
        2.82929     4.77479e-09              
        2.83051     1.11412e-08              
        2.83173     1.90992e-08              
        2.83295     3.18319e-09              
        2.83417     6.36639e-09              
        2.83539     1.27328e-08              
        2.83661     1.43244e-08              
        2.83783     6.36639e-09              
        2.83906     1.11412e-08              
        2.84028     4.77479e-09              
         2.8415     9.54958e-09              
        2.84272     6.36639e-09              
        2.84394     1.11412e-08              
        2.84516     1.43244e-08              
        2.84638     7.95798e-09              
         2.8476     1.11412e-08              
        2.84882     6.36639e-09              
        2.85004     1.11412e-08              
        2.85126     1.11412e-08              
        2.85248     7.95798e-09              
         2.8537     9.54958e-09              
        2.85492     9.54958e-09              
        2.85614     1.27328e-08              
        2.85737     6.36639e-09              
        2.85859     4.77479e-09              
        2.85981     1.11412e-08              
        2.86103     7.95798e-09              
        2.86225     3.18319e-09              
        2.86347     9.54958e-09              
        2.86469     1.11412e-08              
        2.86591     9.54958e-09              
        2.86713     6.36639e-09              
        2.86835     1.11412e-08              
        2.86957     1.11412e-08              
        2.87079     6.36639e-09              
        2.87201     9.54958e-09              
        2.87323     1.11412e-08              
        2.87446     1.11412e-08              
        2.87568      1.5916e-08              
         2.8769     6.36639e-09              
        2.87812     1.75076e-08              
        2.87934     1.43244e-08              
        2.88056     1.27328e-08              
        2.88178     7.95798e-09              
          2.883     1.43244e-08              
        2.88422     6.36639e-09              
        2.88544     6.36639e-09              
        2.88666     7.95798e-09              
        2.88788     9.54958e-09              
         2.8891     1.43244e-08              
        2.89032     4.77479e-09              
        2.89154     9.54958e-09              
        2.89276     7.95798e-09              
        2.89398     4.77479e-09              
         2.8952     7.95798e-09              
        2.89642     1.11412e-08              
        2.89764      1.5916e-09              
        2.89886     1.11412e-08              
        2.90008      1.5916e-08              
         2.9013     4.77479e-09              
        2.90252     1.27328e-08              
        2.90374     9.54958e-09              
        2.90496     9.54958e-09              
        2.90618     6.36639e-09              
         2.9074     1.27328e-08              
        2.90863     4.77479e-09              
        2.90985     1.27328e-08              
        2.91107     3.18319e-09              
        2.91229     9.54958e-09              
        2.91351     1.27328e-08              
        2.91473      1.5916e-09              
        2.91595     1.11412e-08              
        2.91717     6.36639e-09              
        2.91839     6.36639e-09              
        2.91961     6.36639e-09              
        2.92083     9.54958e-09              
        2.92205     4.77479e-09              
        2.92327     4.77479e-09              
        2.92449     7.95798e-09              
        2.92572      1.5916e-08              
        2.92694     9.54958e-09              
        2.92816     9.54958e-09              
        2.92938     6.36639e-09              
         2.9306     3.18319e-09              
        2.93182     6.36639e-09              
        2.93304     1.27328e-08              
        2.93426     1.43244e-08              
        2.93548     1.27328e-08              
         2.9367     4.77479e-09              
        2.93792     9.54958e-09              
        2.93914     7.95798e-09              
        2.94036     1.27328e-08              
        2.94158     6.36639e-09              
        2.94281     1.27328e-08              
        2.94403     7.95798e-09              
        2.94525     3.18319e-09              
        2.94647     7.95798e-09              
        2.94769     9.54958e-09              
        2.94891     1.43244e-08              
        2.95013     1.27328e-08              
        2.95135     9.54958e-09              
        2.95257     6.36639e-09              
        2.95379      1.5916e-09              
        2.95501     7.95798e-09              
        2.95623     9.54958e-09              
        2.95745     4.77479e-09              
        2.95867     9.54958e-09              
         2.9599     7.95798e-09              
        2.96113     9.54958e-09              
        2.96235     7.95798e-09              
        2.96357     1.27328e-08              
        2.96479     1.11412e-08              
        2.96601     4.77479e-09              
        2.96723     9.54958e-09              
        2.96845     3.18319e-09              
        2.96966     3.18319e-09              
        2.97088      1.5916e-08              
         2.9721     7.95798e-09              
        2.97332     6.36639e-09              
        2.97454     6.36639e-09              
        2.97576     6.36639e-09              
        2.97698      1.5916e-09              
        2.97822     6.36639e-09              
        2.97944     1.75076e-08              
        2.98066     1.27328e-08              
        2.98188     6.36639e-09              
         2.9831     1.11412e-08              
        2.98432     9.54958e-09              
        2.98554     3.18319e-09              
        2.98676     4.77479e-09              
        2.98798     9.54958e-09              
         2.9892     6.36639e-09              
        2.99042     7.95798e-09              
        2.99164     6.36639e-09              
        2.99286     3.18319e-09              
        2.99408     7.95798e-09              
        2.99531     4.77479e-09              
        2.99653     7.95798e-09              
        2.99775     6.36639e-09              
