              0     2.54655e-08              
    0.000915526     2.06908e-08              
     0.00213623     4.77479e-09              
     0.00335694      1.5916e-09              
     0.00457764      1.5916e-09              
     0.00579834               0              
     0.00701904     4.77479e-09              
     0.00823974      1.5916e-09              
     0.00946044     6.36639e-09              
      0.0106812     6.36639e-09              
      0.0119019      1.5916e-09              
      0.0131226     6.36639e-09              
      0.0143433     1.11412e-08              
       0.015564     1.75076e-08              
      0.0167846      1.5916e-07              
      0.0180053     2.22823e-07              
      0.0192261     1.90992e-07              
      0.0204468     2.16457e-07              
      0.0216675     1.87808e-07              
      0.0228882     1.83034e-07              
      0.0241089     2.21232e-07              
      0.0253296     2.03724e-07              
      0.0265503     2.80121e-07              
       0.027771     3.19911e-07              
      0.0289917     3.91533e-07              
      0.0302124      4.8862e-07              
      0.0314331     6.25497e-07              
      0.0326538     8.06939e-07              
      0.0338745     8.65828e-07              
      0.0350952      9.7724e-07              
      0.0363159     1.18892e-06              
      0.0375366     1.29078e-06              
      0.0387573     1.39901e-06              
      0.0399781     1.53907e-06              
      0.0411988     1.61388e-06              
      0.0424194     1.69346e-06              
      0.0436402     1.75553e-06              
      0.0448608      1.8001e-06              
      0.0460815     1.80965e-06              
      0.0473023     1.92106e-06              
      0.0485229     1.87808e-06              
      0.0497437     2.00064e-06              
      0.0509644     1.93538e-06              
       0.052185     2.05793e-06              
      0.0534058     1.93061e-06              
      0.0546265     1.94971e-06              
      0.0558471     1.92265e-06              
      0.0570679      1.9688e-06              
      0.0582886     1.91947e-06              
      0.0595093     1.96244e-06              
        0.06073      1.7985e-06              
      0.0619507     1.88922e-06              
      0.0631714     1.96085e-06              
      0.0643921     1.87808e-06              
      0.0656128     1.83829e-06              
      0.0668335     1.86694e-06              
      0.0680542     1.88922e-06              
      0.0692749     1.83034e-06              
      0.0704956     1.72529e-06              
      0.0717163     1.77622e-06              
       0.072937     1.76508e-06              
      0.0741577      1.7046e-06              
      0.0753784     1.69028e-06              
      0.0765991     1.71733e-06              
      0.0778198     1.73643e-06              
      0.0790406     1.69982e-06              
      0.0802613     1.63298e-06              
      0.0814819     1.68232e-06              
      0.0827027     1.60751e-06              
      0.0839234     1.49928e-06              
       0.085144     1.53112e-06              
      0.0863647     1.45154e-06              
      0.0875855     1.62025e-06              
      0.0888062     1.49451e-06              
      0.0900268     1.64253e-06              
      0.0912476     1.48973e-06              
      0.0924683     1.46745e-06              
      0.0936889     1.49769e-06              
      0.0949096     1.51361e-06              
      0.0961304     1.52793e-06              
       0.097351     1.35604e-06              
      0.0985718     1.41811e-06              
      0.0997927     1.49928e-06              
       0.101013      1.4022e-06              
       0.102234     1.30829e-06              
       0.103455     1.30988e-06              
       0.104675     1.32421e-06              
       0.105896     1.33057e-06              
       0.107117     1.34172e-06              
       0.108338     1.26691e-06              
       0.109558     1.25895e-06              
       0.110779       1.364e-06              
          0.112     1.22871e-06              
        0.11322     1.25099e-06              
       0.114441      1.1364e-06              
       0.115662     1.20802e-06              
       0.116883     1.21439e-06              
       0.118103     1.21916e-06              
       0.119324     1.20802e-06              
       0.120544     1.16505e-06              
       0.121765     1.18892e-06              
       0.122986     1.08865e-06              
       0.124206     1.11253e-06              
       0.125427     1.16187e-06              
       0.126648     1.15868e-06              
       0.127868     1.07751e-06              
        0.12909      9.7724e-07              
        0.13031        1.06e-06              
       0.131531      1.0409e-06              
       0.132752     1.05045e-06              
       0.133972     1.02021e-06              
       0.135193     9.99523e-07              
       0.136414     9.69282e-07              
       0.137634     1.05841e-06              
       0.138855     1.00271e-06              
       0.140076     9.34267e-07              
       0.141296     9.54958e-07              
       0.142517     9.19943e-07              
       0.143738     8.18081e-07              
       0.144958     9.32675e-07              
       0.146179     9.51775e-07              
         0.1474     9.80423e-07              
        0.14862     8.91294e-07              
       0.149841     7.89432e-07              
       0.151062     8.94477e-07              
       0.152283     8.29222e-07              
       0.153504     8.13306e-07              
       0.154724     8.02165e-07              
       0.155945     7.92615e-07              
       0.157166     8.14897e-07              
       0.158386     7.79882e-07              
       0.159607     8.30813e-07              
       0.160828     8.40363e-07              
       0.162048     7.63966e-07              
       0.163269     7.67149e-07              
        0.16449     7.49642e-07              
        0.16571     7.24176e-07              
       0.166931     7.11444e-07              
       0.168152     7.59191e-07              
       0.169372     7.33726e-07              
       0.170593     7.95798e-07              
       0.171814     7.78291e-07              
       0.173034     7.30543e-07              
       0.174256     7.79882e-07              
       0.175476     7.32134e-07              
       0.176697     7.51233e-07              
       0.177918     7.03486e-07              
       0.179138     6.71654e-07              
       0.180359     6.44597e-07              
        0.18158     6.00032e-07              
         0.1828     6.62104e-07              
       0.184021     6.41413e-07              
       0.185242     6.00032e-07              
       0.186462      6.0799e-07              
       0.187683     6.14356e-07              
       0.188904     5.95257e-07              
       0.190124     6.12765e-07              
       0.191345     6.57329e-07              
       0.192566     5.72975e-07              
       0.193786     6.22314e-07              
       0.195007     5.87299e-07              
       0.196228     5.53876e-07              
       0.197449      5.1886e-07              
       0.198669     5.41143e-07              
        0.19989     5.77749e-07              
       0.201111     5.66608e-07              
       0.202331     5.09311e-07              
       0.203552     5.65017e-07              
       0.204773     5.50692e-07              
       0.205993     5.25227e-07              
       0.207215     4.75887e-07              
       0.208435     5.92074e-07              
       0.209656     4.90212e-07              
       0.210877     5.42734e-07              
       0.212097     5.07719e-07              
       0.213318      5.2841e-07              
       0.214539     4.96578e-07              
       0.215759     4.71113e-07              
        0.21698     4.28139e-07              
       0.218201     4.29731e-07              
       0.219421     4.34506e-07              
       0.220642     4.55197e-07              
       0.221863     5.02944e-07              
       0.223083     4.37689e-07              
       0.224304     4.52013e-07              
       0.225525     4.63155e-07              
       0.226745     4.74296e-07              
       0.227966     4.47239e-07              
       0.229187     4.07449e-07              
       0.230408     4.29731e-07              
       0.231629     4.12223e-07              
       0.232849     4.72704e-07              
        0.23407      3.8835e-07              
       0.235291     4.93395e-07              
       0.236511     4.52013e-07              
       0.237732     3.93124e-07              
       0.238953     4.16998e-07              
       0.240173     4.37689e-07              
       0.241394     4.36097e-07              
       0.242615      4.1859e-07              
       0.243835     4.42464e-07              
       0.245056     4.02674e-07              
       0.246277     4.29731e-07              
       0.247497     4.24956e-07              
       0.248718     3.72434e-07              
       0.249939      3.8835e-07              
       0.251159     3.96307e-07              
       0.252381      4.0904e-07              
       0.253601     4.04265e-07              
       0.254822     3.59701e-07              
       0.256043      3.3901e-07              
       0.257263     3.80392e-07              
       0.258484     3.40602e-07              
       0.259705     3.64476e-07              
       0.260925     3.23094e-07              
       0.262146      3.6925e-07              
       0.263367     3.97899e-07              
       0.264587     3.77208e-07              
       0.265808     3.23094e-07              
       0.267029     3.51743e-07              
        0.26825     3.61292e-07              
        0.26947      3.3901e-07              
       0.270691     2.72163e-07              
       0.271911     2.89671e-07              
       0.273133     3.21502e-07              
       0.274353     3.37418e-07              
       0.275574     3.16728e-07              
       0.276794     2.97629e-07              
       0.278015     2.76938e-07              
       0.279236     3.27869e-07              
       0.280456     3.23094e-07              
       0.281677     3.42193e-07              
       0.282898     2.92854e-07              
       0.284118     3.81983e-07              
       0.285339     3.15136e-07              
        0.28656      2.9922e-07              
       0.287781     3.07178e-07              
       0.289002     2.89671e-07              
       0.290222     3.19911e-07              
       0.291443     2.92854e-07              
       0.292663     3.21502e-07              
       0.293884      2.2919e-07              
       0.295105     2.89671e-07              
       0.296326     2.96037e-07              
       0.297546     2.45106e-07              
       0.298767     2.88079e-07              
       0.299988     2.65797e-07              
       0.301208     2.78529e-07              
       0.302429     3.35827e-07              
        0.30365     2.16457e-07              
        0.30487     2.61022e-07              
       0.306091     2.51472e-07              
       0.307312     2.06908e-07              
       0.308533     2.91262e-07              
       0.309754      3.0877e-07              
       0.310974     2.54655e-07              
       0.312195     2.64205e-07              
       0.313416     2.41923e-07              
       0.314636     2.46697e-07              
       0.315857     1.94175e-07              
       0.317078     2.89671e-07              
       0.318299     2.14866e-07              
       0.319519     2.43514e-07              
        0.32074     2.06908e-07              
        0.32196     1.94175e-07              
       0.323181     2.18049e-07              
       0.324402     2.14866e-07              
       0.325623     1.81442e-07              
       0.326843     2.24415e-07              
       0.328064     2.05316e-07              
       0.329284     2.37148e-07              
       0.330506     2.27598e-07              
       0.331726     1.70301e-07              
       0.332947     2.22823e-07              
       0.334168     2.30781e-07              
       0.335388     2.57839e-07              
       0.336609     1.84625e-07              
        0.33783     1.94175e-07              
        0.33905      2.2919e-07              
       0.340271     2.53064e-07              
       0.341492     2.27598e-07              
       0.342712     2.14866e-07              
       0.343933     2.03724e-07              
       0.345154     1.65526e-07              
       0.346375       1.894e-07              
       0.347595     1.81442e-07              
       0.348816      1.9895e-07              
       0.350036     1.92583e-07              
       0.351257     2.30781e-07              
       0.352478      1.7985e-07              
       0.353699      1.4961e-07              
       0.354919     1.97358e-07              
        0.35614     1.97358e-07              
       0.357361     1.55976e-07              
       0.358581     2.02133e-07              
       0.359802     1.87808e-07              
       0.361023     2.06908e-07              
       0.362243     1.67118e-07              
       0.363464     1.94175e-07              
       0.364685     2.13274e-07              
       0.365906     2.21232e-07              
       0.367127     2.00541e-07              
       0.368347     1.52793e-07              
       0.369568     1.54385e-07              
       0.370788     1.78259e-07              
       0.372009     1.90992e-07              
        0.37323     1.67118e-07              
       0.374451     1.68709e-07              
       0.375671      1.9895e-07              
       0.376892     1.63934e-07              
       0.378113     1.68709e-07              
       0.379333      1.5916e-07              
       0.380554     1.73484e-07              
       0.381775     1.73484e-07              
       0.382995     1.33694e-07              
       0.384216     1.70301e-07              
       0.385437     1.65526e-07              
       0.386658     1.87808e-07              
       0.387879       1.894e-07              
       0.389099     1.63934e-07              
        0.39032      1.9895e-07              
       0.391541     1.67118e-07              
       0.392761     1.83034e-07              
       0.393982     1.52793e-07              
       0.395203     1.63934e-07              
       0.396424      1.5916e-07              
       0.397644     1.67118e-07              
       0.398865     1.60751e-07              
       0.400085     1.33694e-07              
       0.401306     1.46427e-07              
       0.402527     1.55976e-07              
       0.403748     1.52793e-07              
       0.404968     1.27328e-07              
       0.406189     1.43244e-07              
       0.407409     1.84625e-07              
       0.408631     1.62343e-07              
       0.409851     1.63934e-07              
       0.411072      1.1937e-07              
       0.412293     1.33694e-07              
       0.413513     1.57568e-07              
       0.414734     1.33694e-07              
       0.415955     1.60751e-07              
       0.417175     1.78259e-07              
       0.418396     1.60751e-07              
       0.419617     1.14595e-07              
       0.420837     1.55976e-07              
       0.422058     1.36877e-07              
       0.423279     1.22553e-07              
         0.4245     1.27328e-07              
        0.42572     1.25736e-07              
       0.426941     1.32102e-07              
       0.428161     1.32102e-07              
       0.429383     1.30511e-07              
       0.430603     1.57568e-07              
       0.431824     1.24145e-07              
       0.433044     1.17778e-07              
       0.434265     1.17778e-07              
       0.435486     1.48018e-07              
       0.436706     1.32102e-07              
       0.437927     1.06637e-07              
       0.439148     1.38469e-07              
       0.440368      1.4961e-07              
       0.441589     1.71892e-07              
        0.44281     1.22553e-07              
       0.444031     1.55976e-07              
       0.445252     1.38469e-07              
       0.446472     1.14595e-07              
       0.447693      1.1937e-07              
       0.448913     1.14595e-07              
       0.450134     1.20961e-07              
       0.451355     1.11412e-07              
       0.452576     1.14595e-07              
       0.453796     1.25736e-07              
       0.455017     1.25736e-07              
       0.456238     1.35286e-07              
       0.457458     1.54385e-07              
       0.458679     1.33694e-07              
         0.4599     1.28919e-07              
        0.46112     1.33694e-07              
       0.462341     1.24145e-07              
       0.463562     1.36877e-07              
       0.464783     1.22553e-07              
       0.466004     1.35286e-07              
       0.467224     1.11412e-07              
       0.468445     1.24145e-07              
       0.469666      1.4006e-07              
       0.470886     1.33694e-07              
       0.472107     9.54958e-08              
       0.473328     8.43546e-08              
       0.474549     1.38469e-07              
       0.475769     1.22553e-07              
        0.47699     1.06637e-07              
        0.47821     1.32102e-07              
       0.479431     1.28919e-07              
       0.480652     1.43244e-07              
       0.481873     1.20961e-07              
       0.483093     1.20961e-07              
       0.484314      1.1937e-07              
       0.485534     1.28919e-07              
       0.486756     9.23126e-08              
       0.487976     1.28919e-07              
       0.489197     1.20961e-07              
       0.490418     8.59462e-08              
       0.491638     1.13003e-07              
       0.492859      1.0982e-07              
        0.49408     1.03454e-07              
         0.4953     1.00271e-07              
       0.496521     9.70874e-08              
       0.497742     1.00271e-07              
       0.498962     1.13003e-07              
       0.500183     1.43244e-07              
       0.501404      9.8679e-08              
       0.502625     1.17778e-07              
       0.503845     1.35286e-07              
       0.505066      1.0982e-07              
       0.506287     1.00271e-07              
       0.507507     1.17778e-07              
       0.508728     1.24145e-07              
       0.509949     1.05045e-07              
        0.51117     5.72975e-06              
        0.51239     9.54958e-08              
       0.513611     7.32134e-08              
       0.514831     9.23126e-08              
       0.516052      8.2763e-08              
       0.517273     8.11714e-08              
       0.518493     8.59462e-08              
       0.519715     9.23126e-08              
       0.520935     8.59462e-08              
       0.522156     9.39042e-08              
       0.523376      8.2763e-08              
       0.524597      7.4805e-08              
       0.525818     6.36639e-08              
       0.527038     7.63966e-08              
       0.528259     8.75378e-08              
        0.52948     6.84386e-08              
       0.530701     8.75378e-08              
       0.531921     7.95798e-08              
       0.533142      9.0721e-08              
       0.534363     1.06637e-07              
       0.535583     9.70874e-08              
       0.536804     1.05045e-07              
       0.538025      8.2763e-08              
       0.539246     6.04807e-08              
       0.540466     8.43546e-08              
       0.541687     8.11714e-08              
       0.542908     7.16218e-08              
       0.544129     1.00271e-07              
       0.545349      7.4805e-08              
        0.54657     7.16218e-08              
       0.547791     7.63966e-08              
       0.549011      9.0721e-08              
       0.550232     7.95798e-08              
       0.551453     7.95798e-08              
       0.552674     1.13003e-07              
       0.553894     7.00302e-08              
       0.555115      8.2763e-08              
       0.556336     7.79882e-08              
       0.557556      9.8679e-08              
       0.558777      6.6847e-08              
       0.559997      7.4805e-08              
       0.561218      1.1937e-07              
       0.562439     1.06637e-07              
       0.563659     7.95798e-08              
       0.564881     7.00302e-08              
       0.566101     5.41143e-08              
       0.567322     7.63966e-08              
       0.568542     8.43546e-08              
       0.569763     7.95798e-08              
       0.570984      7.4805e-08              
       0.572205     9.39042e-08              
       0.573425     5.57059e-08              
       0.574646     1.01862e-07              
       0.575867     9.23126e-08              
       0.577087     7.16218e-08              
       0.578308     7.79882e-08              
       0.579529     7.79882e-08              
        0.58075      9.0721e-08              
        0.58197      6.6847e-08              
       0.583191     8.43546e-08              
       0.584412     6.52555e-08              
       0.585633     8.11714e-08              
       0.586853      6.6847e-08              
       0.588074      6.6847e-08              
       0.589295     7.63966e-08              
       0.590515     7.95798e-08              
       0.591736     8.59462e-08              
       0.592956     5.72975e-08              
       0.594177     7.16218e-08              
       0.595398      9.0721e-08              
       0.596618     7.16218e-08              
        0.59784     6.36639e-08              
        0.59906     5.25227e-08              
       0.600281     6.20723e-08              
       0.601501     5.72975e-08              
       0.602722     6.36639e-08              
       0.603943     8.91294e-08              
       0.605163     6.84386e-08              
       0.606384     7.00302e-08              
       0.607605     6.20723e-08              
       0.608826     5.57059e-08              
       0.610046     5.09311e-08              
       0.611267      6.6847e-08              
       0.612488     6.52555e-08              
       0.613708     4.93395e-08              
       0.614929      6.6847e-08              
        0.61615      8.2763e-08              
       0.617371     7.32134e-08              
       0.618591     7.32134e-08              
       0.619812     7.63966e-08              
       0.621033      6.6847e-08              
       0.622254     6.52555e-08              
       0.623474     7.16218e-08              
       0.624695     6.84386e-08              
       0.625916     6.84386e-08              
       0.627136     3.66067e-08              
       0.628357     6.52555e-08              
       0.629578     6.36639e-08              
       0.630799     5.72975e-08              
       0.632019     5.88891e-08              
        0.63324     5.72975e-08              
       0.634461     5.72975e-08              
       0.635681     7.32134e-08              
       0.636902     6.84386e-08              
       0.638122     5.72975e-08              
       0.639343     8.43546e-08              
       0.640564     4.45647e-08              
       0.641784     5.41143e-08              
       0.643006     6.20723e-08              
       0.644226     7.16218e-08              
       0.645447     4.77479e-08              
       0.646667     6.04807e-08              
       0.647888     5.41143e-08              
       0.649109     5.88891e-08              
        0.65033     5.57059e-08              
        0.65155     3.66067e-08              
       0.652771     6.04807e-08              
       0.653992     5.88891e-08              
       0.655212     4.29731e-08              
       0.656433     6.36639e-08              
       0.657654     6.20723e-08              
       0.658875     6.04807e-08              
       0.660095     5.41143e-08              
       0.661316     5.72975e-08              
       0.662537     7.16218e-08              
       0.663757     4.93395e-08              
       0.664978     6.04807e-08              
       0.666199     5.72975e-08              
        0.66742     6.36639e-08              
        0.66864     5.09311e-08              
       0.669861     4.93395e-08              
       0.671081     4.77479e-08              
       0.672302     5.25227e-08              
       0.673523      8.2763e-08              
       0.674743     6.52555e-08              
       0.675965     6.52555e-08              
       0.677185     4.93395e-08              
       0.678406     6.04807e-08              
       0.679626     5.41143e-08              
       0.680847     5.72975e-08              
       0.682068     4.45647e-08              
       0.683288      6.6847e-08              
       0.684509     4.29731e-08              
        0.68573      6.6847e-08              
       0.686951     5.41143e-08              
       0.688171     5.88891e-08              
       0.689392     5.88891e-08              
       0.690613     5.57059e-08              
       0.691833     6.84386e-08              
       0.693054     5.88891e-08              
       0.694275     5.09311e-08              
       0.695496     5.88891e-08              
       0.696716     8.59462e-08              
       0.697937     5.41143e-08              
       0.699158     4.45647e-08              
       0.700379     4.77479e-08              
       0.701599     4.61563e-08              
        0.70282     5.88891e-08              
       0.704041     5.88891e-08              
       0.705261     4.61563e-08              
       0.706482     4.45647e-08              
       0.707703     6.52555e-08              
       0.708924     6.20723e-08              
       0.710144     6.52555e-08              
       0.711365     6.52555e-08              
       0.712586     6.20723e-08              
       0.713806     5.72975e-08              
       0.715027     4.93395e-08              
       0.716247     5.41143e-08              
       0.717468     4.13815e-08              
       0.718689     5.09311e-08              
       0.719909     4.61563e-08              
       0.721131     4.29731e-08              
       0.722351     6.52555e-08              
       0.723572     3.97899e-08              
       0.724792     5.41143e-08              
       0.726013     5.09311e-08              
       0.727234     5.88891e-08              
       0.728455     4.29731e-08              
       0.729675     4.45647e-08              
       0.730896     4.45647e-08              
       0.732117     5.09311e-08              
       0.733337     6.04807e-08              
       0.734558     5.41143e-08              
       0.735779     5.25227e-08              
          0.737     4.13815e-08              
        0.73822     5.09311e-08              
       0.739441     5.09311e-08              
       0.740662     4.29731e-08              
       0.741883     5.88891e-08              
       0.743103     5.57059e-08              
       0.744324     6.04807e-08              
       0.745545     5.25227e-08              
       0.746765     5.41143e-08              
       0.747986     6.36639e-08              
       0.749206     4.13815e-08              
       0.750427     4.45647e-08              
       0.751648     5.09311e-08              
       0.752868     4.29731e-08              
        0.75409     4.93395e-08              
        0.75531     6.84386e-08              
       0.756531     4.29731e-08              
       0.757751     4.61563e-08              
       0.758972     4.93395e-08              
       0.760193     7.16218e-08              
       0.761413     5.88891e-08              
       0.762634     4.77479e-08              
       0.763855     5.25227e-08              
       0.765076     5.72975e-08              
       0.766296     4.61563e-08              
       0.767517     4.93395e-08              
       0.768738     2.86487e-08              
       0.769958     5.88891e-08              
       0.771179     3.34235e-08              
         0.7724     5.25227e-08              
       0.773621     3.18319e-08              
       0.774841     3.81983e-08              
       0.776062     3.66067e-08              
       0.777283     6.20723e-08              
       0.778504     5.41143e-08              
       0.779724     3.81983e-08              
       0.780945     3.81983e-08              
       0.782166     5.25227e-08              
       0.783386     5.88891e-08              
       0.784607     3.81983e-08              
       0.785828     6.36639e-08              
       0.787049     3.97899e-08              
       0.788269     4.61563e-08              
        0.78949     4.13815e-08              
       0.790711     4.93395e-08              
       0.791931     4.93395e-08              
       0.793152     3.34235e-08              
       0.794372     4.29731e-08              
       0.795593     3.66067e-08              
       0.796814     5.72975e-08              
       0.798034     4.13815e-08              
       0.799256     5.09311e-08              
       0.800476     5.25227e-08              
       0.801697     5.09311e-08              
       0.802917     4.61563e-08              
       0.804138     5.09311e-08              
       0.805359     4.93395e-08              
        0.80658     3.97899e-08              
         0.8078     4.13815e-08              
       0.809021     5.25227e-08              
       0.810242     6.52555e-08              
       0.811462     4.13815e-08              
       0.812683     4.93395e-08              
       0.813904     3.66067e-08              
       0.815125     4.61563e-08              
       0.816345     5.57059e-08              
       0.817566     3.66067e-08              
       0.818787     4.29731e-08              
       0.820007     4.29731e-08              
       0.821228     6.20723e-08              
       0.822449     3.02403e-08              
        0.82367     4.13815e-08              
        0.82489     4.29731e-08              
       0.826111     3.97899e-08              
       0.827331     5.25227e-08              
       0.828552     2.86487e-08              
       0.829773     5.41143e-08              
       0.830993     4.29731e-08              
       0.832215     4.45647e-08              
       0.833435     4.13815e-08              
       0.834656     5.88891e-08              
       0.835876     4.45647e-08              
       0.837097     3.50151e-08              
       0.838318     5.09311e-08              
       0.839538     4.29731e-08              
       0.840759     3.97899e-08              
        0.84198     4.13815e-08              
       0.843201     4.13815e-08              
       0.844421     5.25227e-08              
       0.845642     3.97899e-08              
       0.846863     4.13815e-08              
       0.848083     5.41143e-08              
       0.849304     3.66067e-08              
       0.850525     4.61563e-08              
       0.851746     6.04807e-08              
       0.852966     5.57059e-08              
       0.854187     4.93395e-08              
       0.855408     3.81983e-08              
       0.856629     4.45647e-08              
       0.857849     3.97899e-08              
        0.85907     5.25227e-08              
       0.860291     6.20723e-08              
       0.861511     5.72975e-08              
       0.862732     5.41143e-08              
       0.863953     5.25227e-08              
       0.865174     5.09311e-08              
       0.866394     3.81983e-08              
       0.867615     4.93395e-08              
       0.868836     3.81983e-08              
       0.870056     2.86487e-08              
       0.871277     2.54655e-08              
       0.872497     3.66067e-08              
       0.873718     3.66067e-08              
       0.874939     3.66067e-08              
       0.876159     3.34235e-08              
       0.877381     4.45647e-08              
       0.878601     3.18319e-08              
       0.879822     4.61563e-08              
       0.881042     2.86487e-08              
       0.882263     2.86487e-08              
       0.883484     3.50151e-08              
       0.884705     3.81983e-08              
       0.885925     4.77479e-08              
       0.887146     3.97899e-08              
       0.888367     4.61563e-08              
       0.889587     3.81983e-08              
       0.890808     3.81983e-08              
       0.892029     3.50151e-08              
        0.89325     2.86487e-08              
        0.89447     3.34235e-08              
       0.895691     3.97899e-08              
       0.896912     4.29731e-08              
       0.898133     4.45647e-08              
       0.899353     3.97899e-08              
       0.900574     4.45647e-08              
       0.901795     3.50151e-08              
       0.903015     3.66067e-08              
       0.904236     3.66067e-08              
       0.905456     4.77479e-08              
       0.906677     4.77479e-08              
       0.907898     3.50151e-08              
       0.909118     3.81983e-08              
        0.91034     2.86487e-08              
        0.91156     3.81983e-08              
       0.912781     4.13815e-08              
       0.914001     3.97899e-08              
       0.915222     4.61563e-08              
       0.916443     4.29731e-08              
       0.917663     4.45647e-08              
       0.918884     5.72975e-08              
       0.920105     3.50151e-08              
       0.921326     2.06908e-08              
       0.922546     2.54655e-08              
       0.923767     3.97899e-08              
       0.924988     3.18319e-08              
       0.926208     4.29731e-08              
       0.927429     2.22823e-08              
        0.92865     3.81983e-08              
       0.929871     2.38739e-08              
       0.931091     3.97899e-08              
       0.932312     3.97899e-08              
       0.933533     2.86487e-08              
       0.934754     2.70571e-08              
       0.935974     3.34235e-08              
       0.937195     2.70571e-08              
       0.938416     2.54655e-08              
       0.939636     3.50151e-08              
       0.940857     2.70571e-08              
       0.942078     4.29731e-08              
       0.943299     3.34235e-08              
       0.944519     3.97899e-08              
        0.94574     3.02403e-08              
       0.946961     5.25227e-08              
       0.948181     4.13815e-08              
       0.949402     3.02403e-08              
       0.950622     2.54655e-08              
       0.951843     4.45647e-08              
       0.953064     3.34235e-08              
       0.954284     4.61563e-08              
       0.955506     4.29731e-08              
       0.956726     3.97899e-08              
       0.957947     2.22823e-08              
       0.959167     2.38739e-08              
       0.960388     4.13815e-08              
       0.961609     3.97899e-08              
        0.96283     3.34235e-08              
        0.96405     3.66067e-08              
       0.965271     4.13815e-08              
       0.966492     3.81983e-08              
       0.967712     4.93395e-08              
       0.968933     5.09311e-08              
       0.970154     4.93395e-08              
       0.971375     3.18319e-08              
       0.972595     3.18319e-08              
       0.973816     3.50151e-08              
       0.975037     3.66067e-08              
       0.976257     3.02403e-08              
       0.977478     2.86487e-08              
       0.978699     3.97899e-08              
        0.97992     3.34235e-08              
        0.98114     2.70571e-08              
       0.982361     2.38739e-08              
       0.983581     3.02403e-08              
       0.984802     3.81983e-08              
       0.986023     3.18319e-08              
       0.987243     3.18319e-08              
       0.988465     3.18319e-08              
       0.989685     3.18319e-08              
       0.990906     3.18319e-08              
       0.992126     3.50151e-08              
       0.993347     3.02403e-08              
       0.994568     2.70571e-08              
       0.995788     4.13815e-08              
       0.997009     2.70571e-08              
        0.99823     4.45647e-08              
