       0.999451     3.18319e-08              
        1.00067     1.90992e-08              
        1.00189     3.81983e-08              
        1.00311     3.18319e-08              
        1.00433     4.45647e-08              
        1.00555     3.18319e-08              
        1.00677     3.02403e-08              
        1.00799     2.38739e-08              
        1.00921     3.66067e-08              
        1.01043     3.66067e-08              
        1.01165     3.81983e-08              
        1.01287     4.29731e-08              
        1.01409     3.50151e-08              
        1.01531     3.81983e-08              
        1.01655     4.29731e-08              
        1.01777     3.18319e-08              
        1.01899     2.70571e-08              
        1.02021     2.70571e-08              
        1.02143     3.34235e-08              
        1.02265     3.02403e-08              
        1.02387     3.50151e-08              
        1.02509     3.34235e-08              
        1.02631     3.18319e-08              
        1.02753     3.50151e-08              
        1.02875     4.13815e-08              
        1.02997     4.61563e-08              
        1.03119     2.86487e-08              
        1.03241     4.29731e-08              
        1.03364     3.02403e-08              
        1.03486     2.54655e-08              
        1.03608     2.54655e-08              
         1.0373     2.54655e-08              
        1.03852     4.13815e-08              
        1.03974     2.54655e-08              
        1.04096     3.81983e-08              
        1.04218     4.13815e-08              
         1.0434     2.22823e-08              
        1.04462     3.97899e-08              
        1.04584     3.66067e-08              
        1.04706     2.86487e-08              
        1.04828     3.81983e-08              
         1.0495     3.18319e-08              
        1.05072     1.90992e-08              
        1.05194     2.22823e-08              
        1.05316     2.86487e-08              
        1.05438     2.86487e-08              
         1.0556     2.54655e-08              
        1.05682     2.06908e-08              
        1.05804     3.66067e-08              
        1.05926     3.66067e-08              
        1.06048     2.54655e-08              
         1.0617     3.50151e-08              
        1.06292     1.90992e-08              
        1.06414     2.22823e-08              
        1.06536     2.70571e-08              
        1.06658     2.54655e-08              
        1.06781     2.38739e-08              
        1.06903     2.06908e-08              
        1.07025     4.13815e-08              
        1.07147     3.97899e-08              
        1.07269     4.45647e-08              
        1.07391     1.90992e-08              
        1.07513     3.18319e-08              
        1.07635     2.06908e-08              
        1.07757     4.93395e-08              
        1.07879     3.50151e-08              
        1.08001     2.86487e-08              
        1.08123     2.54655e-08              
        1.08245     2.38739e-08              
        1.08367     2.38739e-08              
         1.0849     3.34235e-08              
        1.08613     2.54655e-08              
        1.08735     2.86487e-08              
        1.08857     3.18319e-08              
        1.08979     3.18319e-08              
        1.09101     3.02403e-08              
        1.09223     3.50151e-08              
        1.09345     2.22823e-08              
        1.09466     3.97899e-08              
        1.09588     4.93395e-08              
         1.0971     3.34235e-08              
        1.09832     2.86487e-08              
        1.09954     3.02403e-08              
        1.10076     2.70571e-08              
        1.10198     4.29731e-08              
        1.10322     2.86487e-08              
        1.10444     3.02403e-08              
        1.10566     2.38739e-08              
        1.10688     4.13815e-08              
         1.1081     3.34235e-08              
        1.10932     2.70571e-08              
        1.11054     2.54655e-08              
        1.11176     2.38739e-08              
        1.11298     2.86487e-08              
         1.1142     2.22823e-08              
        1.11542     2.06908e-08              
        1.11664     3.81983e-08              
        1.11786     4.45647e-08              
        1.11908     3.81983e-08              
        1.12031     2.70571e-08              
        1.12153      1.5916e-08              
        1.12275     2.54655e-08              
        1.12397     3.34235e-08              
        1.12519     3.18319e-08              
        1.12641     3.97899e-08              
        1.12763     2.70571e-08              
        1.12885     3.97899e-08              
        1.13007     3.66067e-08              
        1.13129     2.38739e-08              
        1.13251     3.02403e-08              
        1.13373     1.75076e-08              
        1.13495     2.86487e-08              
        1.13617     3.02403e-08              
        1.13739     3.34235e-08              
        1.13861     3.34235e-08              
        1.13983     2.54655e-08              
        1.14105     2.06908e-08              
        1.14227     2.38739e-08              
        1.14349     1.43244e-08              
        1.14471     2.38739e-08              
        1.14593     2.06908e-08              
        1.14715     3.66067e-08              
        1.14837     2.54655e-08              
        1.14959     2.06908e-08              
        1.15081     3.18319e-08              
        1.15203     4.13815e-08              
        1.15325     2.22823e-08              
        1.15448     1.27328e-08              
         1.1557     1.90992e-08              
        1.15692     2.86487e-08              
        1.15814     2.06908e-08              
        1.15936     2.70571e-08              
        1.16058     3.02403e-08              
         1.1618     2.06908e-08              
        1.16302     2.86487e-08              
        1.16424     3.02403e-08              
        1.16546     2.70571e-08              
        1.16668     2.22823e-08              
         1.1679     3.02403e-08              
        1.16912     3.02403e-08              
        1.17034     2.38739e-08              
        1.17157     3.34235e-08              
         1.1728     1.11412e-08              
        1.17402     2.06908e-08              
        1.17524     3.34235e-08              
        1.17646     2.38739e-08              
        1.17768     2.86487e-08              
         1.1789     2.06908e-08              
        1.18012     3.18319e-08              
        1.18134     1.11412e-08              
        1.18256     1.90992e-08              
        1.18378     4.13815e-08              
          1.185     3.02403e-08              
        1.18622     2.22823e-08              
        1.18744     2.54655e-08              
        1.18866     2.38739e-08              
        1.18989     4.45647e-08              
        1.19111     2.86487e-08              
        1.19233     3.81983e-08              
        1.19355     2.86487e-08              
        1.19477     2.54655e-08              
        1.19599     3.18319e-08              
        1.19721     3.02403e-08              
        1.19843     2.86487e-08              
        1.19965     3.66067e-08              
        1.20087     2.70571e-08              
        1.20209     3.18319e-08              
        1.20331     3.18319e-08              
        1.20453     2.38739e-08              
        1.20575     2.38739e-08              
        1.20697     2.22823e-08              
        1.20819     3.81983e-08              
        1.20941     2.54655e-08              
        1.21063     1.75076e-08              
        1.21185     2.06908e-08              
        1.21307     2.22823e-08              
        1.21429     2.22823e-08              
        1.21551     2.22823e-08              
        1.21673      1.5916e-08              
        1.21795     2.54655e-08              
        1.21917     2.06908e-08              
        1.22039     2.70571e-08              
        1.22161     2.54655e-08              
        1.22283     2.86487e-08              
        1.22406     2.38739e-08              
        1.22528     9.54958e-09              
         1.2265     2.38739e-08              
        1.22772     2.54655e-08              
        1.22894     3.02403e-08              
        1.23016     2.70571e-08              
        1.23138     2.38739e-08              
         1.2326     2.86487e-08              
        1.23382     2.86487e-08              
        1.23504     4.77479e-08              
        1.23626     4.45647e-08              
        1.23748     3.81983e-08              
         1.2387      1.5916e-08              
        1.23992     2.06908e-08              
        1.24115     2.22823e-08              
        1.24238     1.75076e-08              
         1.2436     2.54655e-08              
        1.24482     2.38739e-08              
        1.24604     2.70571e-08              
        1.24726     3.02403e-08              
        1.24848     2.54655e-08              
         1.2497     3.81983e-08              
        1.25091     2.06908e-08              
        1.25213     3.34235e-08              
        1.25335     2.54655e-08              
        1.25457     3.18319e-08              
        1.25579     2.06908e-08              
        1.25701     2.54655e-08              
        1.25823     1.90992e-08              
        1.25947     3.34235e-08              
        1.26069     2.86487e-08              
        1.26191     2.86487e-08              
        1.26313     1.43244e-08              
        1.26435     2.06908e-08              
        1.26557     2.54655e-08              
        1.26679     3.18319e-08              
        1.26801     2.38739e-08              
        1.26923     3.02403e-08              
        1.27045      1.5916e-08              
        1.27167     1.90992e-08              
        1.27289     4.29731e-08              
        1.27411     1.75076e-08              
        1.27533      1.5916e-08              
        1.27656     2.38739e-08              
        1.27778     2.38739e-08              
          1.279     2.70571e-08              
        1.28022     2.06908e-08              
        1.28144     3.18319e-08              
        1.28266     2.54655e-08              
        1.28388     2.38739e-08              
         1.2851     3.34235e-08              
        1.28632     4.77479e-08              
        1.28754     1.90992e-08              
        1.28876     2.70571e-08              
        1.28998     1.75076e-08              
         1.2912     2.86487e-08              
        1.29242     2.54655e-08              
        1.29364     2.38739e-08              
        1.29486     2.70571e-08              
        1.29608     2.70571e-08              
         1.2973     2.70571e-08              
        1.29852     2.22823e-08              
        1.29974     2.54655e-08              
        1.30096     3.02403e-08              
        1.30218     1.75076e-08              
         1.3034     2.70571e-08              
        1.30462     2.70571e-08              
        1.30584     3.34235e-08              
        1.30706     3.18319e-08              
        1.30828     2.06908e-08              
         1.3095     3.50151e-08              
        1.31073     2.54655e-08              
        1.31195     1.43244e-08              
        1.31317     2.06908e-08              
        1.31439     1.90992e-08              
        1.31561     2.70571e-08              
        1.31683     2.06908e-08              
        1.31805     2.70571e-08              
        1.31927     1.75076e-08              
        1.32049     2.38739e-08              
        1.32171     2.06908e-08              
        1.32293     2.54655e-08              
        1.32415     2.54655e-08              
        1.32537     1.90992e-08              
        1.32659      1.5916e-08              
        1.32781     2.86487e-08              
        1.32905     2.38739e-08              
        1.33027     3.50151e-08              
        1.33149     3.34235e-08              
        1.33271     2.22823e-08              
        1.33393     2.54655e-08              
        1.33515     2.86487e-08              
        1.33637     2.06908e-08              
        1.33759     3.97899e-08              
        1.33881     2.54655e-08              
        1.34003     2.38739e-08              
        1.34125     2.54655e-08              
        1.34247     3.50151e-08              
        1.34369     3.18319e-08              
        1.34491     2.06908e-08              
        1.34614      1.5916e-08              
        1.34736     2.22823e-08              
        1.34858     2.54655e-08              
         1.3498     2.70571e-08              
        1.35102     2.38739e-08              
        1.35224     2.38739e-08              
        1.35346     2.38739e-08              
        1.35468     2.86487e-08              
         1.3559     3.34235e-08              
        1.35712      1.5916e-08              
        1.35834     1.27328e-08              
        1.35956     3.18319e-08              
        1.36078     2.54655e-08              
          1.362     1.90992e-08              
        1.36322     1.75076e-08              
        1.36444     2.38739e-08              
        1.36566     2.22823e-08              
        1.36688     3.66067e-08              
         1.3681     2.70571e-08              
        1.36932     2.86487e-08              
        1.37054     2.06908e-08              
        1.37176     1.27328e-08              
        1.37298     2.38739e-08              
         1.3742     2.38739e-08              
        1.37542     2.38739e-08              
        1.37664     1.75076e-08              
        1.37786     3.18319e-08              
        1.37908     1.90992e-08              
        1.38031     3.02403e-08              
        1.38153     1.90992e-08              
        1.38275     2.70571e-08              
        1.38397     2.86487e-08              
        1.38519     3.34235e-08              
        1.38641     2.54655e-08              
        1.38763     2.06908e-08              
        1.38885      1.5916e-08              
        1.39007     1.75076e-08              
        1.39129     2.38739e-08              
        1.39251     2.54655e-08              
        1.39373     1.90992e-08              
        1.39495     1.43244e-08              
        1.39617     1.75076e-08              
         1.3974     2.06908e-08              
        1.39863     1.90992e-08              
        1.39985     1.75076e-08              
        1.40107     1.90992e-08              
        1.40229     1.75076e-08              
        1.40351     7.95798e-09              
        1.40473     2.86487e-08              
        1.40595     2.54655e-08              
        1.40716     2.22823e-08              
        1.40838     3.02403e-08              
         1.4096     1.27328e-08              
        1.41082     2.22823e-08              
        1.41204     2.22823e-08              
        1.41326     2.38739e-08              
        1.41448     2.22823e-08              
        1.41572     3.18319e-08              
        1.41694     2.38739e-08              
        1.41816     3.18319e-08              
        1.41938     1.90992e-08              
         1.4206     3.02403e-08              
        1.42182     2.22823e-08              
        1.42304     1.43244e-08              
        1.42426     1.90992e-08              
        1.42548     2.38739e-08              
         1.4267     1.75076e-08              
        1.42792     3.02403e-08              
        1.42914     2.86487e-08              
        1.43036     2.38739e-08              
        1.43158     1.90992e-08              
        1.43281     2.22823e-08              
        1.43403     2.22823e-08              
        1.43525     2.70571e-08              
        1.43647     1.90992e-08              
        1.43769     2.38739e-08              
        1.43891     2.06908e-08              
        1.44013     3.18319e-08              
        1.44135     2.06908e-08              
        1.44257     9.54958e-09              
        1.44379     3.34235e-08              
        1.44501      9.8679e-08              
        1.44623     2.54655e-08              
        1.44745     1.11412e-08              
        1.44867     2.38739e-08              
        1.44989     2.86487e-08              
        1.45111     2.54655e-08              
        1.45233     2.86487e-08              
        1.45355     2.70571e-08              
        1.45477     3.02403e-08              
        1.45599     2.38739e-08              
        1.45721     3.02403e-08              
        1.45843     1.75076e-08              
        1.45965     1.27328e-08              
        1.46087     2.38739e-08              
        1.46209     2.22823e-08              
        1.46331     1.90992e-08              
        1.46453      1.5916e-08              
        1.46575     1.43244e-08              
        1.46698     1.90992e-08              
         1.4682     2.70571e-08              
        1.46942     1.43244e-08              
        1.47064     2.06908e-08              
        1.47186     1.75076e-08              
        1.47308     1.43244e-08              
         1.4743     1.90992e-08              
        1.47552     1.11412e-08              
        1.47674     2.38739e-08              
        1.47796     1.43244e-08              
        1.47918     2.06908e-08              
         1.4804     2.06908e-08              
        1.48162      1.5916e-08              
        1.48284      1.5916e-08              
        1.48407     2.22823e-08              
         1.4853      1.5916e-08              
        1.48652     3.18319e-08              
        1.48774     1.75076e-08              
        1.48896     1.27328e-08              
        1.49018     2.38739e-08              
         1.4914     2.54655e-08              
        1.49262     2.22823e-08              
        1.49384     2.54655e-08              
        1.49506     2.86487e-08              
        1.49628     2.86487e-08              
         1.4975      1.5916e-08              
        1.49872     3.50151e-08              
        1.49994     2.86487e-08              
        1.50116     2.06908e-08              
        1.50239     1.75076e-08              
        1.50361     1.43244e-08              
        1.50483      1.5916e-08              
        1.50605     2.22823e-08              
        1.50727     1.75076e-08              
        1.50849     2.22823e-08              
        1.50971      1.5916e-08              
        1.51093     1.90992e-08              
        1.51215     1.11412e-08              
        1.51337     2.54655e-08              
        1.51459     2.06908e-08              
        1.51581     2.38739e-08              
        1.51703     1.43244e-08              
        1.51825     2.54655e-08              
        1.51947      1.5916e-08              
        1.52069     2.70571e-08              
        1.52191     2.06908e-08              
        1.52313     7.95798e-09              
        1.52435     1.75076e-08              
        1.52557     1.90992e-08              
        1.52679      1.5916e-08              
        1.52801     2.06908e-08              
        1.52923     2.06908e-08              
        1.53045     2.54655e-08              
        1.53167     3.34235e-08              
        1.53289     1.75076e-08              
        1.53411     1.11412e-08              
        1.53533     1.75076e-08              
        1.53656     1.43244e-08              
        1.53778     1.90992e-08              
          1.539     1.75076e-08              
        1.54022     3.18319e-08              
        1.54144     2.54655e-08              
        1.54266     2.70571e-08              
        1.54388     7.95798e-09              
         1.5451     2.06908e-08              
        1.54632     2.86487e-08              
        1.54754     2.86487e-08              
        1.54876     1.90992e-08              
        1.54998     2.06908e-08              
         1.5512     1.75076e-08              
        1.55242     2.06908e-08              
        1.55365     1.90992e-08              
        1.55488     2.06908e-08              
         1.5561     2.86487e-08              
        1.55732     2.54655e-08              
        1.55854     3.34235e-08              
        1.55976     1.27328e-08              
        1.56098     1.27328e-08              
         1.5622     2.38739e-08              
        1.56341     1.90992e-08              
        1.56463     2.22823e-08              
        1.56585     2.22823e-08              
        1.56707     1.75076e-08              
        1.56829     1.43244e-08              
        1.56951     2.22823e-08              
        1.57073     1.75076e-08              
        1.57197     1.27328e-08              
        1.57319     1.90992e-08              
        1.57441     1.90992e-08              
        1.57563     1.75076e-08              
        1.57685      1.5916e-08              
        1.57807     1.43244e-08              
        1.57929     2.70571e-08              
        1.58051     2.54655e-08              
        1.58173     2.06908e-08              
        1.58295     2.22823e-08              
        1.58417     2.54655e-08              
        1.58539     2.06908e-08              
        1.58661      1.5916e-08              
        1.58783     1.75076e-08              
        1.58906     1.90992e-08              
        1.59028     2.22823e-08              
         1.5915     1.75076e-08              
        1.59272     1.11412e-08              
        1.59394     1.75076e-08              
        1.59516     1.90992e-08              
        1.59638     2.06908e-08              
         1.5976     1.43244e-08              
        1.59882     2.06908e-08              
        1.60004      1.5916e-08              
        1.60126     2.70571e-08              
        1.60248     2.06908e-08              
         1.6037     2.22823e-08              
        1.60492      1.5916e-08              
        1.60614     1.75076e-08              
        1.60736     1.75076e-08              
        1.60858     1.90992e-08              
         1.6098     2.86487e-08              
        1.61102     2.54655e-08              
        1.61224     1.75076e-08              
        1.61346     2.38739e-08              
        1.61468     1.90992e-08              
         1.6159     2.70571e-08              
        1.61712     2.38739e-08              
        1.61834     1.43244e-08              
        1.61956     2.70571e-08              
        1.62078      1.5916e-08              
          1.622     2.54655e-08              
        1.62323     1.75076e-08              
        1.62445     3.02403e-08              
        1.62567     2.22823e-08              
        1.62689     2.06908e-08              
        1.62811      1.5916e-08              
        1.62933      1.5916e-08              
        1.63055     2.54655e-08              
        1.63177     2.22823e-08              
        1.63299     2.38739e-08              
        1.63421     2.06908e-08              
        1.63543     3.18319e-08              
        1.63665     1.75076e-08              
        1.63787     2.86487e-08              
        1.63909     1.27328e-08              
        1.64031     2.06908e-08              
        1.64155     2.54655e-08              
        1.64277     1.90992e-08              
        1.64399     1.75076e-08              
        1.64521     2.70571e-08              
        1.64643     1.11412e-08              
        1.64765     1.27328e-08              
        1.64887     1.90992e-08              
        1.65009     2.06908e-08              
        1.65131     2.22823e-08              
        1.65253     2.70571e-08              
        1.65375     2.38739e-08              
        1.65497     7.95798e-09              
        1.65619     2.22823e-08              
        1.65741     7.95798e-09              
        1.65864     2.06908e-08              
        1.65986     1.90992e-08              
        1.66108     2.22823e-08              
         1.6623     1.75076e-08              
        1.66352     3.02403e-08              
        1.66474     2.06908e-08              
        1.66596     1.27328e-08              
        1.66718     1.43244e-08              
         1.6684     2.38739e-08              
        1.66962      1.5916e-08              
        1.67084     2.06908e-08              
        1.67206      1.5916e-08              
        1.67328     1.27328e-08              
         1.6745     1.75076e-08              
        1.67572     1.27328e-08              
        1.67694     1.11412e-08              
        1.67816      1.5916e-08              
        1.67938     1.90992e-08              
         1.6806     1.90992e-08              
        1.68182     1.90992e-08              
        1.68304     1.90992e-08              
        1.68426     2.22823e-08              
        1.68548     1.90992e-08              
         1.6867     2.22823e-08              
        1.68792      1.5916e-08              
        1.68914     1.75076e-08              
        1.69036     2.54655e-08              
        1.69158     1.75076e-08              
        1.69281     2.54655e-08              
        1.69403     2.86487e-08              
        1.69525     1.90992e-08              
        1.69647     1.75076e-08              
        1.69769     1.75076e-08              
        1.69891     2.06908e-08              
        1.70013     3.02403e-08              
        1.70135     9.54958e-09              
        1.70257     2.22823e-08              
        1.70379     2.22823e-08              
        1.70501     1.75076e-08              
        1.70623     7.95798e-09              
        1.70745     3.18319e-08              
        1.70867     1.75076e-08              
         1.7099      1.5916e-08              
        1.71113     2.86487e-08              
        1.71235     2.06908e-08              
        1.71357      1.5916e-08              
        1.71479     1.90992e-08              
        1.71601     1.43244e-08              
        1.71723     1.90992e-08              
        1.71845     1.90992e-08              
        1.71966     1.43244e-08              
        1.72088     2.38739e-08              
         1.7221     1.11412e-08              
        1.72332     2.54655e-08              
        1.72454     2.22823e-08              
        1.72576     2.70571e-08              
        1.72698     2.06908e-08              
        1.72822      1.5916e-08              
        1.72944     1.27328e-08              
        1.73066     2.54655e-08              
        1.73188     1.27328e-08              
         1.7331     1.90992e-08              
        1.73432      1.5916e-08              
        1.73554     2.22823e-08              
        1.73676      1.5916e-08              
        1.73798     1.75076e-08              
         1.7392     6.36639e-09              
        1.74042     2.38739e-08              
        1.74164     1.27328e-08              
        1.74286     1.90992e-08              
        1.74408     9.54958e-09              
        1.74531     1.90992e-08              
        1.74653     2.38739e-08              
        1.74775     7.95798e-09              
        1.74897     2.70571e-08              
        1.75019     1.75076e-08              
        1.75141     2.70571e-08              
        1.75263     7.95798e-09              
        1.75385     2.06908e-08              
        1.75507     1.75076e-08              
        1.75629     1.75076e-08              
        1.75751     2.06908e-08              
        1.75873     1.27328e-08              
        1.75995     2.06908e-08              
        1.76117     1.75076e-08              
        1.76239     1.90992e-08              
        1.76361     2.22823e-08              
        1.76483     1.27328e-08              
        1.76605     1.90992e-08              
        1.76727     2.22823e-08              
        1.76849     2.06908e-08              
        1.76971     1.75076e-08              
        1.77093      1.5916e-08              
        1.77215     1.27328e-08              
        1.77337     7.95798e-09              
        1.77459     1.11412e-08              
        1.77581     2.38739e-08              
        1.77703     2.22823e-08              
        1.77825     1.90992e-08              
        1.77948     1.75076e-08              
         1.7807      1.5916e-08              
        1.78192     1.90992e-08              
        1.78314     1.43244e-08              
        1.78436     1.90992e-08              
        1.78558     1.90992e-08              
         1.7868     2.70571e-08              
        1.78802     2.06908e-08              
        1.78924     1.27328e-08              
        1.79046     2.54655e-08              
        1.79168     2.06908e-08              
         1.7929     6.36639e-09              
        1.79412     2.06908e-08              
        1.79534     9.54958e-09              
        1.79657     1.43244e-08              
         1.7978     1.27328e-08              
        1.79902     1.90992e-08              
        1.80024      1.5916e-08              
        1.80146     2.38739e-08              
        1.80268     9.54958e-09              
         1.8039     3.02403e-08              
        1.80512     1.43244e-08              
        1.80634     1.90992e-08              
        1.80756     2.06908e-08              
        1.80878     1.90992e-08              
           1.81     2.22823e-08              
        1.81122     2.06908e-08              
        1.81244     1.75076e-08              
        1.81366      1.5916e-08              
        1.81489      1.5916e-08              
        1.81611     1.43244e-08              
        1.81733     6.36639e-09              
        1.81855     2.06908e-08              
        1.81977     2.38739e-08              
        1.82099     1.75076e-08              
        1.82221     9.54958e-09              
        1.82343     1.90992e-08              
        1.82465     9.54958e-09              
        1.82587     1.11412e-08              
        1.82709     2.06908e-08              
        1.82831     2.86487e-08              
        1.82953      1.5916e-08              
        1.83075     2.22823e-08              
        1.83197     1.27328e-08              
        1.83319     1.90992e-08              
        1.83441     1.75076e-08              
        1.83563     1.43244e-08              
        1.83685     2.22823e-08              
        1.83807     1.27328e-08              
        1.83929     7.95798e-09              
        1.84051     1.75076e-08              
        1.84173     2.22823e-08              
        1.84295     1.11412e-08              
        1.84417     1.90992e-08              
        1.84539     2.22823e-08              
        1.84661     1.43244e-08              
        1.84783     1.75076e-08              
        1.84906     2.22823e-08              
        1.85028     1.90992e-08              
         1.8515     1.43244e-08              
        1.85272     2.86487e-08              
        1.85394     1.75076e-08              
        1.85516     2.06908e-08              
        1.85638     1.75076e-08              
         1.8576     1.11412e-08              
        1.85882     1.90992e-08              
        1.86004     1.11412e-08              
        1.86126     2.86487e-08              
        1.86248     1.11412e-08              
         1.8637     1.11412e-08              
        1.86492     6.36639e-09              
        1.86615     1.43244e-08              
        1.86738     1.11412e-08              
         1.8686      1.5916e-08              
        1.86982      1.5916e-08              
        1.87104     1.11412e-08              
        1.87226     2.54655e-08              
        1.87348     3.02403e-08              
         1.8747     1.43244e-08              
        1.87591     1.90992e-08              
        1.87713     2.06908e-08              
        1.87835     1.27328e-08              
        1.87957     1.75076e-08              
        1.88079     1.90992e-08              
        1.88201     1.43244e-08              
        1.88323     1.75076e-08              
        1.88447     2.38739e-08              
        1.88569     1.11412e-08              
        1.88691      1.5916e-08              
        1.88813     2.70571e-08              
        1.88935     1.43244e-08              
        1.89057     1.75076e-08              
        1.89179      1.5916e-08              
        1.89301     1.27328e-08              
        1.89423     2.86487e-08              
        1.89545     1.27328e-08              
        1.89667     1.75076e-08              
        1.89789     1.43244e-08              
        1.89911     1.75076e-08              
        1.90033     1.27328e-08              
        1.90156     6.36639e-09              
        1.90278     2.22823e-08              
          1.904      1.5916e-08              
        1.90522     2.22823e-08              
        1.90644     1.27328e-08              
        1.90766      1.5916e-08              
        1.90888      1.5916e-08              
         1.9101     1.43244e-08              
        1.91132     1.11412e-08              
        1.91254     1.43244e-08              
        1.91376     1.43244e-08              
        1.91498     2.22823e-08              
         1.9162     1.75076e-08              
        1.91742     1.75076e-08              
        1.91864     1.43244e-08              
        1.91986      1.5916e-08              
        1.92108     1.11412e-08              
         1.9223     1.43244e-08              
        1.92352     1.43244e-08              
        1.92474     9.54958e-09              
        1.92596     2.22823e-08              
        1.92718     1.27328e-08              
         1.9284      1.5916e-08              
        1.92962     1.75076e-08              
        1.93084     2.06908e-08              
        1.93206      1.5916e-08              
        1.93328     1.90992e-08              
         1.9345     2.38739e-08              
        1.93573      1.5916e-08              
        1.93695     1.27328e-08              
        1.93817     1.11412e-08              
        1.93939     3.02403e-08              
        1.94061      1.5916e-08              
        1.94183      1.5916e-08              
        1.94305     1.43244e-08              
        1.94427     1.43244e-08              
        1.94549      1.5916e-08              
        1.94671     1.43244e-08              
        1.94793     9.54958e-09              
        1.94915     2.06908e-08              
        1.95037     1.11412e-08              
        1.95159     1.43244e-08              
        1.95281     2.54655e-08              
        1.95405     1.43244e-08              
        1.95527      1.5916e-08              
        1.95649     1.90992e-08              
        1.95771     1.75076e-08              
        1.95893     2.06908e-08              
        1.96015     1.90992e-08              
        1.96137     1.11412e-08              
        1.96259     1.43244e-08              
        1.96381     9.54958e-09              
        1.96503     2.06908e-08              
        1.96625     1.75076e-08              
        1.96747     9.54958e-09              
        1.96869     2.22823e-08              
        1.96991     2.38739e-08              
        1.97114     2.06908e-08              
        1.97236     1.11412e-08              
        1.97358     2.06908e-08              
         1.9748      1.5916e-08              
        1.97602      1.5916e-08              
        1.97724     2.38739e-08              
        1.97846     1.75076e-08              
        1.97968     2.06908e-08              
         1.9809     1.27328e-08              
        1.98212     1.11412e-08              
        1.98334     6.36639e-09              
        1.98456      1.5916e-08              
        1.98578     2.06908e-08              
          1.987     2.22823e-08              
        1.98822      1.5916e-08              
        1.98944     2.22823e-08              
        1.99066     9.54958e-09              
        1.99188     1.75076e-08              
         1.9931     1.90992e-08              
        1.99432     1.90992e-08              
        1.99554     1.43244e-08              
        1.99676     9.54958e-09              
        1.99798     1.27328e-08              
