        2.99897      1.5916e-08              
        3.00019     1.11412e-08              
        3.00141     4.77479e-09              
        3.00263     1.27328e-08              
        3.00385     3.18319e-09              
        3.00507     6.36639e-09              
        3.00629     1.27328e-08              
        3.00751      1.5916e-08              
        3.00873     4.77479e-09              
        3.00995      1.5916e-09              
        3.01117     6.36639e-09              
        3.01239     7.95798e-09              
        3.01362     7.95798e-09              
        3.01484     6.36639e-09              
        3.01606     1.11412e-08              
        3.01728     7.95798e-09              
         3.0185     1.27328e-08              
        3.01972     1.11412e-08              
        3.02094     7.95798e-09              
        3.02216     1.11412e-08              
        3.02338     1.11412e-08              
         3.0246     1.90992e-08              
        3.02582     6.36639e-09              
        3.02704      1.5916e-08              
        3.02826     7.95798e-09              
        3.02948     1.27328e-08              
        3.03071     1.27328e-08              
        3.03193     7.95798e-09              
        3.03315     1.11412e-08              
        3.03437     4.77479e-09              
        3.03559     1.11412e-08              
        3.03681     6.36639e-09              
        3.03803     1.43244e-08              
        3.03925     7.95798e-09              
        3.04047     4.77479e-09              
        3.04169     1.75076e-08              
        3.04291      1.5916e-08              
        3.04413     9.54958e-09              
        3.04535     1.27328e-08              
        3.04657     9.54958e-09              
        3.04779               0              
        3.04901     1.11412e-08              
        3.05023     1.27328e-08              
        3.05145     1.27328e-08              
        3.05267     9.54958e-09              
        3.05389     1.11412e-08              
        3.05511     4.77479e-09              
        3.05633     4.77479e-09              
        3.05755     3.18319e-09              
        3.05877      1.5916e-08              
        3.05999      1.5916e-08              
        3.06121     1.27328e-08              
        3.06243      1.5916e-08              
        3.06365     9.54958e-09              
        3.06488     4.77479e-09              
         3.0661     6.36639e-09              
        3.06732     6.36639e-09              
        3.06854     1.75076e-08              
        3.06976     7.95798e-09              
        3.07098     1.27328e-08              
         3.0722     1.43244e-08              
        3.07342     1.27328e-08              
        3.07464     4.77479e-09              
        3.07586     9.54958e-09              
        3.07708     7.95798e-09              
         3.0783     9.54958e-09              
        3.07952     9.54958e-09              
        3.08074     4.77479e-09              
        3.08197     1.11412e-08              
        3.08319     1.75076e-08              
        3.08441     9.54958e-09              
        3.08563     1.11412e-08              
        3.08685     1.27328e-08              
        3.08807     1.11412e-08              
        3.08929     1.11412e-08              
        3.09051     1.27328e-08              
        3.09173     1.11412e-08              
        3.09295     1.27328e-08              
        3.09417     9.54958e-09              
        3.09539     9.54958e-09              
        3.09661     1.43244e-08              
        3.09783     7.95798e-09              
        3.09906     4.77479e-09              
        3.10028     9.54958e-09              
         3.1015     1.11412e-08              
        3.10272     6.36639e-09              
        3.10394     1.11412e-08              
        3.10516     6.36639e-09              
        3.10638     6.36639e-09              
         3.1076     1.27328e-08              
        3.10882     4.77479e-09              
        3.11004     7.95798e-09              
        3.11126     3.18319e-09              
        3.11248     1.11412e-08              
         3.1137     4.77479e-09              
        3.11492     9.54958e-09              
        3.11615     9.54958e-09              
        3.11738     4.77479e-09              
         3.1186     9.54958e-09              
        3.11982     6.36639e-09              
        3.12104     1.11412e-08              
        3.12226     9.54958e-09              
        3.12348     3.18319e-09              
         3.1247     3.18319e-09              
        3.12591     6.36639e-09              
        3.12713     1.90992e-08              
        3.12835     1.27328e-08              
        3.12957     9.54958e-09              
        3.13079     1.27328e-08              
        3.13201     1.27328e-08              
        3.13323     4.77479e-09              
        3.13447      1.5916e-08              
        3.13569     7.95798e-09              
        3.13691     1.11412e-08              
        3.13813     4.77479e-09              
        3.13935     9.54958e-09              
        3.14057     3.18319e-09              
        3.14179     7.95798e-09              
        3.14301     1.43244e-08              
        3.14423     4.77479e-09              
        3.14545     9.54958e-09              
        3.14667     9.54958e-09              
        3.14789     9.54958e-09              
        3.14911     1.27328e-08              
        3.15033     9.54958e-09              
        3.15156     1.27328e-08              
        3.15278     1.27328e-08              
          3.154     1.11412e-08              
        3.15522     6.36639e-09              
        3.15644     6.36639e-09              
        3.15766     1.27328e-08              
        3.15888     1.11412e-08              
         3.1601     1.11412e-08              
        3.16132     4.77479e-09              
        3.16254     6.36639e-09              
        3.16376     7.95798e-09              
        3.16498     9.54958e-09              
         3.1662      1.5916e-09              
        3.16742     6.36639e-09              
        3.16864     9.54958e-09              
        3.16987     1.11412e-08              
        3.17109     1.11412e-08              
        3.17231     6.36639e-09              
        3.17353     4.77479e-09              
        3.17475     1.27328e-08              
        3.17597     3.18319e-09              
        3.17719     6.36639e-09              
        3.17841     6.36639e-09              
        3.17963     4.77479e-09              
        3.18085     9.54958e-09              
        3.18207     1.11412e-08              
        3.18329     7.95798e-09              
        3.18451     4.77479e-09              
        3.18573     7.95798e-09              
        3.18696     4.77479e-09              
        3.18818     6.36639e-09              
         3.1894     9.54958e-09              
        3.19062     6.36639e-09              
        3.19184     7.95798e-09              
        3.19306     4.77479e-09              
        3.19428     1.11412e-08              
         3.1955     1.11412e-08              
        3.19672     1.27328e-08              
        3.19794     7.95798e-09              
        3.19916     7.95798e-09              
        3.20038     6.36639e-09              
         3.2016     4.77479e-09              
        3.20282     1.11412e-08              
        3.20404     6.36639e-09              
        3.20526     9.54958e-09              
        3.20648     9.54958e-09              
         3.2077     7.95798e-09              
        3.20892     6.36639e-09              
        3.21014     1.27328e-08              
        3.21136     3.18319e-09              
        3.21258     1.27328e-08              
         3.2138     7.95798e-09              
        3.21502     7.95798e-09              
        3.21624      1.5916e-08              
        3.21746     7.95798e-09              
        3.21868     6.36639e-09              
         3.2199     6.36639e-09              
        3.22113     7.95798e-09              
        3.22235     9.54958e-09              
        3.22357     6.36639e-09              
        3.22479     1.27328e-08              
        3.22601     6.36639e-09              
        3.22723     6.36639e-09              
        3.22845     1.11412e-08              
        3.22967     1.11412e-08              
        3.23089     4.77479e-09              
        3.23211     1.75076e-08              
        3.23333     7.95798e-09              
        3.23455     6.36639e-09              
        3.23577     1.43244e-08              
        3.23699     6.36639e-09              
        3.23822     9.54958e-09              
        3.23944     9.54958e-09              
        3.24066      1.5916e-09              
        3.24188     9.54958e-09              
         3.2431     1.11412e-08              
        3.24432     1.27328e-08              
        3.24554     9.54958e-09              
        3.24676     6.36639e-09              
        3.24798     6.36639e-09              
         3.2492     1.75076e-08              
        3.25042      1.5916e-08              
        3.25164     7.95798e-09              
        3.25286     9.54958e-09              
        3.25408     1.27328e-08              
        3.25531     1.75076e-08              
        3.25653     9.54958e-09              
        3.25775     1.27328e-08              
        3.25897     7.95798e-09              
        3.26019     7.95798e-09              
        3.26141     1.27328e-08              
        3.26263     9.54958e-09              
        3.26385     7.95798e-09              
        3.26507     1.27328e-08              
        3.26629     3.18319e-09              
        3.26751     9.54958e-09              
        3.26873     9.54958e-09              
        3.26995     6.36639e-09              
        3.27117     1.75076e-08              
         3.2724     6.36639e-09              
        3.27363     1.27328e-08              
        3.27485     9.54958e-09              
        3.27607     1.11412e-08              
        3.27729     6.36639e-09              
        3.27851     9.54958e-09              
        3.27973     1.27328e-08              
        3.28095     4.77479e-09              
        3.28216     4.77479e-09              
        3.28338     3.18319e-09              
         3.2846     3.18319e-09              
        3.28582     4.77479e-09              
        3.28704     9.54958e-09              
        3.28826     9.54958e-09              
        3.28948     6.36639e-09              
        3.29072     1.11412e-08              
        3.29194     6.36639e-09              
        3.29316     9.54958e-09              
        3.29438     9.54958e-09              
         3.2956     1.27328e-08              
        3.29682     6.36639e-09              
        3.29804     3.18319e-09              
        3.29926     6.36639e-09              
        3.30048     3.18319e-09              
         3.3017     6.36639e-09              
        3.30292     1.11412e-08              
        3.30414     7.95798e-09              
        3.30536     1.11412e-08              
        3.30658     4.77479e-09              
        3.30781     9.54958e-09              
        3.30903     6.36639e-09              
        3.31025     7.95798e-09              
        3.31147     6.36639e-09              
        3.31269     7.95798e-09              
        3.31391     3.18319e-09              
        3.31513     7.95798e-09              
        3.31635     1.11412e-08              
        3.31757     9.54958e-09              
        3.31879     6.36639e-09              
        3.32001     9.54958e-09              
        3.32123     9.54958e-09              
        3.32245     1.27328e-08              
        3.32367     7.95798e-09              
        3.32489     1.27328e-08              
        3.32612     6.36639e-09              
        3.32734     4.77479e-09              
        3.32856     3.18319e-09              
        3.32978     7.95798e-09              
          3.331     4.77479e-09              
        3.33222     7.95798e-09              
        3.33344     7.95798e-09              
        3.33466     1.11412e-08              
        3.33588     1.27328e-08              
         3.3371     4.77479e-09              
        3.33832     3.18319e-09              
        3.33954     1.90992e-08              
        3.34076     6.36639e-09              
        3.34198     7.95798e-09              
        3.34321     9.54958e-09              
        3.34443     9.54958e-09              
        3.34565     7.95798e-09              
        3.34687     6.36639e-09              
        3.34809     1.11412e-08              
        3.34931     1.27328e-08              
        3.35053     4.77479e-09              
        3.35175     1.11412e-08              
        3.35297     6.36639e-09              
        3.35419     7.95798e-09              
        3.35541     4.77479e-09              
        3.35663     9.54958e-09              
        3.35785     6.36639e-09              
        3.35907     1.11412e-08              
        3.36029     4.77479e-09              
        3.36151     1.27328e-08              
        3.36273     4.77479e-09              
        3.36395     7.95798e-09              
        3.36517     9.54958e-09              
        3.36639     9.54958e-09              
        3.36761     6.36639e-09              
        3.36883     6.36639e-09              
        3.37005     1.27328e-08              
        3.37127     9.54958e-09              
        3.37249     7.95798e-09              
        3.37371     7.95798e-09              
        3.37493     7.95798e-09              
        3.37615     7.95798e-09              
        3.37738     1.27328e-08              
         3.3786      1.5916e-09              
        3.37982     7.95798e-09              
        3.38104     9.54958e-09              
        3.38226     9.54958e-09              
        3.38348     7.95798e-09              
         3.3847     9.54958e-09              
        3.38592     1.27328e-08              
        3.38714     1.11412e-08              
        3.38836     4.77479e-09              
        3.38958     4.77479e-09              
         3.3908     4.77479e-09              
        3.39202     9.54958e-09              
        3.39324     7.95798e-09              
        3.39447     9.54958e-09              
        3.39569     7.95798e-09              
        3.39691     6.36639e-09              
        3.39813     4.77479e-09              
        3.39935     1.11412e-08              
        3.40057     9.54958e-09              
        3.40179     7.95798e-09              
        3.40301     1.11412e-08              
        3.40423     6.36639e-09              
        3.40545     9.54958e-09              
        3.40667      1.5916e-08              
        3.40789     6.36639e-09              
        3.40911     7.95798e-09              
        3.41033     1.27328e-08              
        3.41156     7.95798e-09              
        3.41278     9.54958e-09              
          3.414     9.54958e-09              
        3.41522     9.54958e-09              
        3.41644     4.77479e-09              
        3.41766     1.43244e-08              
        3.41888     6.36639e-09              
         3.4201     6.36639e-09              
        3.42132     6.36639e-09              
        3.42254     6.36639e-09              
        3.42376     9.54958e-09              
        3.42498     9.54958e-09              
         3.4262     1.27328e-08              
        3.42742     9.54958e-09              
        3.42865     1.27328e-08              
        3.42988     7.95798e-09              
         3.4311     1.11412e-08              
        3.43232     1.27328e-08              
        3.43354     6.36639e-09              
        3.43476     1.11412e-08              
        3.43598     6.36639e-09              
         3.4372     4.77479e-09              
        3.43841     9.54958e-09              
        3.43963     7.95798e-09              
        3.44085      1.5916e-09              
        3.44207     1.11412e-08              
        3.44329     6.36639e-09              
        3.44451     1.75076e-08              
        3.44573     4.77479e-09              
        3.44697     4.77479e-09              
        3.44819     9.54958e-09              
        3.44941     3.18319e-09              
        3.45063     1.90992e-08              
        3.45185     6.36639e-09              
        3.45307     3.18319e-09              
        3.45429     7.95798e-09              
        3.45551     1.11412e-08              
        3.45673     4.77479e-09              
        3.45795     9.54958e-09              
        3.45917     9.54958e-09              
        3.46039     7.95798e-09              
        3.46161     9.54958e-09              
        3.46283     7.95798e-09              
        3.46406     6.36639e-09              
        3.46528     6.36639e-09              
         3.4665     9.54958e-09              
        3.46772     3.18319e-09              
        3.46894     9.54958e-09              
        3.47016     9.54958e-09              
        3.47138     4.77479e-09              
         3.4726     7.95798e-09              
        3.47382     4.77479e-09              
        3.47504     4.77479e-09              
        3.47626     6.36639e-09              
        3.47748     4.77479e-09              
         3.4787     1.11412e-08              
        3.47992     4.77479e-09              
        3.48114     7.95798e-09              
        3.48237     4.77479e-09              
        3.48359     1.11412e-08              
        3.48481     9.54958e-09              
        3.48603     7.95798e-09              
        3.48725     7.95798e-09              
        3.48847     7.95798e-09              
        3.48969     6.36639e-09              
        3.49091     7.95798e-09              
        3.49213     6.36639e-09              
        3.49335     1.43244e-08              
        3.49457     9.54958e-09              
        3.49579     1.27328e-08              
        3.49701     7.95798e-09              
        3.49823     9.54958e-09              
        3.49946      1.5916e-09              
        3.50068     7.95798e-09              
         3.5019     9.54958e-09              
        3.50312     4.77479e-09              
        3.50434     9.54958e-09              
        3.50556     9.54958e-09              
        3.50678     9.54958e-09              
          3.508     1.90992e-08              
        3.50922     1.27328e-08              
        3.51044     1.27328e-08              
        3.51166     4.77479e-09              
        3.51288     1.11412e-08              
         3.5141     4.77479e-09              
        3.51532     6.36639e-09              
        3.51654     4.77479e-09              
        3.51776     7.95798e-09              
        3.51898     4.77479e-09              
         3.5202     7.95798e-09              
        3.52142     1.27328e-08              
        3.52264      1.5916e-09              
        3.52386     9.54958e-09              
        3.52508     1.11412e-08              
         3.5263     3.18319e-09              
        3.52752     1.11412e-08              
        3.52874     9.54958e-09              
        3.52996     1.27328e-08              
        3.53118     4.77479e-09              
         3.5324     1.27328e-08              
        3.53363     1.11412e-08              
        3.53485     4.77479e-09              
        3.53607     7.95798e-09              
        3.53729     1.27328e-08              
        3.53851     7.95798e-09              
        3.53973     9.54958e-09              
        3.54095     6.36639e-09              
        3.54217     1.43244e-08              
        3.54339     6.36639e-09              
        3.54461     7.95798e-09              
        3.54583     1.43244e-08              
        3.54705     7.95798e-09              
        3.54827     7.95798e-09              
        3.54949     1.27328e-08              
        3.55072      1.5916e-09              
        3.55194     9.54958e-09              
        3.55316     9.54958e-09              
        3.55438     6.36639e-09              
         3.5556     1.11412e-08              
        3.55682     1.27328e-08              
        3.55804     1.43244e-08              
        3.55926     7.95798e-09              
        3.56048     9.54958e-09              
         3.5617     4.77479e-09              
        3.56292     7.95798e-09              
        3.56414     7.95798e-09              
        3.56536     3.18319e-09              
        3.56658     6.36639e-09              
        3.56781     6.36639e-09              
        3.56903     9.54958e-09              
        3.57025     1.43244e-08              
        3.57147     7.95798e-09              
        3.57269     7.95798e-09              
        3.57391     1.27328e-08              
        3.57513     1.27328e-08              
        3.57635     1.11412e-08              
        3.57757     7.95798e-09              
        3.57879               0              
        3.58001     6.36639e-09              
        3.58123     6.36639e-09              
        3.58245     9.54958e-09              
        3.58367     1.27328e-08              
         3.5849     3.18319e-09              
        3.58613     3.18319e-09              
        3.58735     9.54958e-09              
        3.58857     3.18319e-09              
        3.58979     1.43244e-08              
        3.59101     1.27328e-08              
        3.59223     9.54958e-09              
        3.59345     3.18319e-09              
        3.59466     6.36639e-09              
        3.59588     7.95798e-09              
         3.5971     7.95798e-09              
        3.59832     1.11412e-08              
        3.59954     4.77479e-09              
        3.60076     7.95798e-09              
        3.60198     4.77479e-09              
        3.60322     9.54958e-09              
        3.60444     7.95798e-09              
        3.60566     1.27328e-08              
        3.60688     6.36639e-09              
         3.6081     4.77479e-09              
        3.60932     3.18319e-09              
        3.61054      1.5916e-08              
        3.61176     9.54958e-09              
        3.61298     7.95798e-09              
         3.6142     1.11412e-08              
        3.61542     7.95798e-09              
        3.61664     7.95798e-09              
        3.61786     6.36639e-09              
        3.61908     4.77479e-09              
        3.62031     6.36639e-09              
        3.62153     3.18319e-09              
        3.62275     7.95798e-09              
        3.62397     7.95798e-09              
        3.62519     6.36639e-09              
        3.62641     6.36639e-09              
        3.62763     3.18319e-09              
        3.62885     9.54958e-09              
        3.63007     4.77479e-09              
        3.63129     6.36639e-09              
        3.63251     4.77479e-09              
        3.63373     4.77479e-09              
        3.63495     4.77479e-09              
        3.63617     4.77479e-09              
        3.63739     6.36639e-09              
        3.63862     9.54958e-09              
        3.63984     7.95798e-09              
        3.64106     6.36639e-09              
        3.64228     6.36639e-09              
         3.6435     1.90992e-08              
        3.64472     3.18319e-09              
        3.64594     1.75076e-08              
        3.64716     4.77479e-09              
        3.64838     4.77479e-09              
         3.6496      1.5916e-09              
        3.65082      1.5916e-09              
        3.65204     1.75076e-08              
        3.65326     9.54958e-09              
        3.65448     6.36639e-09              
        3.65571     7.95798e-09              
        3.65693     7.95798e-09              
        3.65815     9.54958e-09              
        3.65937     1.11412e-08              
        3.66059     1.11412e-08              
        3.66181     9.54958e-09              
        3.66303     6.36639e-09              
        3.66425     7.95798e-09              
        3.66547     7.95798e-09              
        3.66669     1.43244e-08              
        3.66791     4.77479e-09              
        3.66913     1.11412e-08              
        3.67035     4.77479e-09              
        3.67157     1.27328e-08              
        3.67279     1.27328e-08              
        3.67401     9.54958e-09              
        3.67523     7.95798e-09              
        3.67645     6.36639e-09              
        3.67767     9.54958e-09              
        3.67889     1.43244e-08              
        3.68011     6.36639e-09              
        3.68133      1.5916e-09              
        3.68255     7.95798e-09              
        3.68377      1.5916e-09              
        3.68499     4.77479e-09              
        3.68621     9.54958e-09              
        3.68743     4.77479e-09              
        3.68865     1.27328e-08              
        3.68988      1.5916e-08              
         3.6911     1.11412e-08              
        3.69232     4.77479e-09              
        3.69354     7.95798e-09              
        3.69476     1.43244e-08              
        3.69598     6.36639e-09              
         3.6972     4.77479e-09              
        3.69842     9.54958e-09              
        3.69964     7.95798e-09              
        3.70086     3.18319e-09              
        3.70208     1.43244e-08              
         3.7033     1.11412e-08              
        3.70452     1.11412e-08              
        3.70574     3.18319e-09              
        3.70697     9.54958e-09              
        3.70819     7.95798e-09              
        3.70941      1.5916e-08              
        3.71063     3.18319e-09              
        3.71185     7.95798e-09              
        3.71307     3.18319e-09              
        3.71429     3.18319e-09              
        3.71551     1.27328e-08              
        3.71673     9.54958e-09              
        3.71795     1.11412e-08              
        3.71917     6.36639e-09              
        3.72039     7.95798e-09              
        3.72161     6.36639e-09              
        3.72283     4.77479e-09              
        3.72406     6.36639e-09              
        3.72528     7.95798e-09              
         3.7265     7.95798e-09              
        3.72772     7.95798e-09              
        3.72894     1.11412e-08              
        3.73016     7.95798e-09              
        3.73138     9.54958e-09              
         3.7326      1.5916e-09              
        3.73382     7.95798e-09              
        3.73504     6.36639e-09              
        3.73626     6.36639e-09              
        3.73748     4.77479e-09              
         3.7387     3.18319e-09              
        3.73992     3.18319e-09              
        3.74115     7.95798e-09              
        3.74238     7.95798e-09              
         3.7436     3.18319e-09              
        3.74482     4.77479e-09              
        3.74604     4.77479e-09              
        3.74726     9.54958e-09              
        3.74848     9.54958e-09              
         3.7497     6.36639e-09              
        3.75091     9.54958e-09              
        3.75213     1.27328e-08              
        3.75335     6.36639e-09              
        3.75457     4.77479e-09              
        3.75579     9.54958e-09              
        3.75701     3.18319e-09              
        3.75823     4.77479e-09              
        3.75947     9.54958e-09              
        3.76069     6.36639e-09              
        3.76191     6.36639e-09              
        3.76313     7.95798e-09              
        3.76435     4.77479e-09              
        3.76557      1.5916e-09              
        3.76679     9.54958e-09              
        3.76801     1.27328e-08              
        3.76923     9.54958e-09              
        3.77045     6.36639e-09              
        3.77167     1.11412e-08              
        3.77289     7.95798e-09              
        3.77411     4.77479e-09              
        3.77533     7.95798e-09              
        3.77656     4.77479e-09              
        3.77778     9.54958e-09              
          3.779     1.27328e-08              
        3.78022     4.77479e-09              
        3.78144     7.95798e-09              
        3.78266     9.54958e-09              
        3.78388     9.54958e-09              
         3.7851     3.18319e-09              
        3.78632     7.95798e-09              
        3.78754     4.77479e-09              
        3.78876     9.54958e-09              
        3.78998     3.18319e-09              
         3.7912     7.95798e-09              
        3.79242     1.11412e-08              
        3.79364     1.11412e-08              
        3.79487     7.95798e-09              
        3.79609     7.95798e-09              
        3.79731     1.27328e-08              
        3.79853     3.18319e-09              
        3.79975     4.77479e-09              
        3.80097     9.54958e-09              
        3.80219     3.18319e-09              
        3.80341     6.36639e-09              
        3.80463     7.95798e-09              
        3.80585     4.77479e-09              
        3.80707     7.95798e-09              
        3.80829     6.36639e-09              
        3.80951     1.11412e-08              
        3.81073     1.43244e-08              
        3.81196     9.54958e-09              
        3.81318     7.95798e-09              
         3.8144     9.54958e-09              
        3.81562     3.18319e-09              
        3.81684     1.43244e-08              
        3.81806     6.36639e-09              
        3.81928     3.18319e-09              
         3.8205     7.95798e-09              
        3.82172     6.36639e-09              
        3.82294     3.18319e-09              
        3.82416     3.18319e-09              
        3.82538     1.43244e-08              
         3.8266     6.36639e-09              
        3.82782     3.18319e-09              
        3.82904     9.54958e-09              
        3.83026     9.54958e-09              
        3.83148     7.95798e-09              
         3.8327      1.5916e-09              
        3.83392     4.77479e-09              
        3.83514     6.36639e-09              
        3.83636     1.11412e-08              
        3.83758     7.95798e-09              
         3.8388     6.36639e-09              
        3.84002     1.43244e-08              
        3.84124     6.36639e-09              
        3.84246     7.95798e-09              
        3.84368     4.77479e-09              
         3.8449     9.54958e-09              
        3.84613     1.27328e-08              
        3.84735     1.75076e-08              
        3.84857     6.36639e-09              
        3.84979     7.95798e-09              
        3.85101     3.18319e-09              
        3.85223     6.36639e-09              
        3.85345     7.95798e-09              
        3.85467     7.95798e-09              
        3.85589     6.36639e-09              
        3.85711     9.54958e-09              
        3.85833     6.36639e-09              
        3.85955     1.11412e-08              
        3.86077     4.77479e-09              
        3.86199     7.95798e-09              
        3.86322     3.18319e-09              
        3.86444     6.36639e-09              
        3.86566     9.54958e-09              
        3.86688     1.27328e-08              
         3.8681     9.54958e-09              
        3.86932     4.77479e-09              
        3.87054     7.95798e-09              
        3.87176      1.5916e-09              
        3.87298     6.36639e-09              
         3.8742     4.77479e-09              
        3.87542     9.54958e-09              
        3.87664     9.54958e-09              
        3.87786               0              
        3.87908     7.95798e-09              
        3.88031     9.54958e-09              
        3.88153     4.77479e-09              
        3.88275     9.54958e-09              
        3.88397     6.36639e-09              
        3.88519     4.77479e-09              
        3.88641     7.95798e-09              
        3.88763     1.11412e-08              
        3.88885     9.54958e-09              
        3.89007     4.77479e-09              
        3.89129     6.36639e-09              
        3.89251      1.5916e-09              
        3.89373     6.36639e-09              
        3.89495     1.11412e-08              
        3.89617               0              
         3.8974     6.36639e-09              
        3.89863     3.18319e-09              
        3.89985     6.36639e-09              
        3.90107     1.11412e-08              
        3.90229     4.77479e-09              
        3.90351     7.95798e-09              
        3.90473     6.36639e-09              
        3.90595     7.95798e-09              
        3.90716     9.54958e-09              
        3.90838     7.95798e-09              
         3.9096     6.36639e-09              
        3.91082     1.11412e-08              
        3.91204     9.54958e-09              
        3.91326     7.95798e-09              
        3.91448     4.77479e-09              
        3.91572     6.36639e-09              
        3.91694     4.77479e-09              
        3.91816     6.36639e-09              
        3.91938     1.11412e-08              
         3.9206     4.77479e-09              
        3.92182      1.5916e-08              
        3.92304     4.77479e-09              
        3.92426     1.43244e-08              
        3.92548     7.95798e-09              
         3.9267     7.95798e-09              
        3.92792     9.54958e-09              
        3.92914     3.18319e-09              
        3.93036     3.18319e-09              
        3.93158     6.36639e-09              
        3.93281     3.18319e-09              
        3.93403     9.54958e-09              
        3.93525     3.18319e-09              
        3.93647      1.5916e-09              
        3.93769     1.43244e-08              
        3.93891     9.54958e-09              
        3.94013     3.18319e-09              
        3.94135     6.36639e-09              
        3.94257     6.36639e-09              
        3.94379     1.11412e-08              
        3.94501     7.95798e-09              
        3.94623     7.95798e-09              
        3.94745     4.77479e-09              
        3.94867     6.36639e-09              
        3.94989     4.77479e-09              
        3.95112     6.36639e-09              
        3.95234     4.77479e-09              
        3.95356     6.36639e-09              
        3.95478     3.18319e-09              
          3.956     1.27328e-08              
        3.95722     7.95798e-09              
        3.95844     4.77479e-09              
        3.95966     7.95798e-09              
        3.96088     1.43244e-08              
         3.9621     9.54958e-09              
        3.96332     9.54958e-09              
        3.96454     1.27328e-08              
        3.96576     7.95798e-09              
        3.96698     7.95798e-09              
        3.96821     9.54958e-09              
        3.96943     7.95798e-09              
        3.97065      1.5916e-09              
        3.97187     3.18319e-09              
        3.97309     3.18319e-09              
        3.97431     4.77479e-09              
        3.97553     1.27328e-08              
        3.97675     6.36639e-09              
        3.97797     6.36639e-09              
        3.97919     3.18319e-09              
        3.98041     9.54958e-09              
        3.98163     7.95798e-09              
        3.98285     6.36639e-09              
        3.98407     4.77479e-09              
        3.98529     6.36639e-09              
        3.98651     6.36639e-09              
        3.98773     7.95798e-09              
        3.98895     3.18319e-09              
        3.99017     1.11412e-08              
        3.99139     4.77479e-09              
        3.99261     7.95798e-09              
        3.99383      1.5916e-08              
        3.99505      1.5916e-09              
        3.99627     6.36639e-09              
        3.99749      1.5916e-09              
