        6.99676     7.95798e-09              
        6.99798     4.77479e-09              
         6.9992     7.95798e-09              
        7.00042     3.18319e-09              
        7.00164     3.18319e-09              
        7.00286     7.95798e-09              
        7.00408     3.18319e-09              
        7.00531     3.18319e-09              
        7.00654     3.18319e-09              
        7.00776     7.95798e-09              
        7.00898     4.77479e-09              
         7.0102     9.54958e-09              
        7.01142     3.18319e-09              
        7.01264     4.77479e-09              
        7.01386     4.77479e-09              
        7.01508      1.5916e-09              
         7.0163      1.5916e-09              
        7.01752     7.95798e-09              
        7.01874     4.77479e-09              
        7.01996     4.77479e-09              
        7.02118     9.54958e-09              
         7.0224     3.18319e-09              
        7.02363     9.54958e-09              
        7.02485      1.5916e-09              
        7.02607     9.54958e-09              
        7.02729     6.36639e-09              
        7.02851     1.11412e-08              
        7.02973     4.77479e-09              
        7.03095     3.18319e-09              
        7.03216     4.77479e-09              
        7.03338     4.77479e-09              
         7.0346     4.77479e-09              
        7.03582     9.54958e-09              
        7.03704               0              
        7.03826     4.77479e-09              
        7.03948     4.77479e-09              
        7.04071      1.5916e-09              
        7.04193     1.11412e-08              
        7.04315      1.5916e-09              
        7.04437     3.18319e-09              
        7.04559     9.54958e-09              
        7.04681     9.54958e-09              
        7.04803               0              
        7.04925               0              
        7.05047     1.11412e-08              
        7.05169     4.77479e-09              
        7.05291      1.5916e-09              
        7.05413     4.77479e-09              
        7.05535     6.36639e-09              
        7.05657     4.77479e-09              
        7.05781     3.18319e-09              
        7.05903     4.77479e-09              
        7.06025     4.77479e-09              
        7.06147     3.18319e-09              
        7.06269     4.77479e-09              
        7.06391     7.95798e-09              
        7.06513     7.95798e-09              
        7.06635     4.77479e-09              
        7.06757      1.5916e-09              
        7.06879     4.77479e-09              
        7.07001     4.77479e-09              
        7.07123      1.5916e-09              
        7.07245     4.77479e-09              
        7.07367     4.77479e-09              
        7.07489     3.18319e-09              
        7.07611      1.5916e-09              
        7.07733      1.5916e-09              
        7.07855     7.95798e-09              
        7.07977      1.5916e-09              
        7.08099      1.5916e-09              
        7.08221     3.18319e-09              
        7.08343     7.95798e-09              
        7.08465     4.77479e-09              
        7.08587     4.77479e-09              
        7.08709     3.18319e-09              
        7.08831     7.95798e-09              
        7.08953     3.18319e-09              
        7.09075     6.36639e-09              
        7.09198     6.36639e-09              
        7.09321     6.36639e-09              
        7.09443     6.36639e-09              
        7.09565     4.77479e-09              
        7.09687      1.5916e-09              
        7.09809     7.95798e-09              
        7.09931     6.36639e-09              
        7.10053      1.5916e-09              
        7.10175      1.5916e-09              
        7.10297      1.5916e-09              
        7.10419     3.18319e-09              
        7.10541     7.95798e-09              
        7.10663     6.36639e-09              
        7.10785     4.77479e-09              
        7.10907     4.77479e-09              
        7.11029               0              
        7.11151     4.77479e-09              
        7.11273     3.18319e-09              
        7.11395     3.18319e-09              
        7.11517     3.18319e-09              
        7.11639     6.36639e-09              
        7.11761     7.95798e-09              
        7.11883     7.95798e-09              
        7.12005     3.18319e-09              
        7.12127      1.5916e-09              
        7.12249     4.77479e-09              
        7.12371     3.18319e-09              
        7.12493     3.18319e-09              
        7.12615     3.18319e-09              
        7.12739     4.77479e-09              
        7.12861     6.36639e-09              
        7.12983     6.36639e-09              
        7.13105     7.95798e-09              
        7.13227     3.18319e-09              
        7.13349      1.5916e-09              
        7.13471      1.5916e-09              
        7.13593     3.18319e-09              
        7.13715     4.77479e-09              
        7.13837     4.77479e-09              
        7.13959     3.18319e-09              
        7.14081     3.18319e-09              
        7.14203     4.77479e-09              
        7.14325               0              
        7.14447               0              
        7.14569               0              
        7.14691     6.36639e-09              
        7.14813     7.95798e-09              
        7.14935     3.18319e-09              
        7.15057     3.18319e-09              
        7.15179     6.36639e-09              
        7.15301     4.77479e-09              
        7.15423     4.77479e-09              
        7.15545      1.5916e-09              
        7.15667     3.18319e-09              
        7.15789     6.36639e-09              
        7.15911     4.77479e-09              
        7.16033      1.5916e-09              
        7.16156     4.77479e-09              
        7.16279     6.36639e-09              
        7.16401     7.95798e-09              
        7.16523     3.18319e-09              
        7.16645     6.36639e-09              
        7.16767     6.36639e-09              
        7.16889      1.5916e-09              
        7.17011      1.5916e-09              
        7.17133     3.18319e-09              
        7.17255     7.95798e-09              
        7.17377     7.95798e-09              
        7.17499     3.18319e-09              
        7.17621               0              
        7.17743     3.18319e-09              
        7.17865     7.95798e-09              
        7.17988               0              
         7.1811     4.77479e-09              
        7.18232     3.18319e-09              
        7.18354     4.77479e-09              
        7.18476     7.95798e-09              
        7.18598     3.18319e-09              
         7.1872     3.18319e-09              
        7.18841     1.11412e-08              
        7.18963     3.18319e-09              
        7.19085     1.11412e-08              
        7.19207      1.5916e-09              
        7.19329     4.77479e-09              
        7.19451     9.54958e-09              
        7.19573     3.18319e-09              
        7.19696               0              
        7.19818     3.18319e-09              
         7.1994     4.77479e-09              
        7.20062     3.18319e-09              
        7.20184     7.95798e-09              
        7.20306     3.18319e-09              
        7.20428     4.77479e-09              
         7.2055     9.54958e-09              
        7.20672     6.36639e-09              
        7.20794     3.18319e-09              
        7.20916      1.5916e-09              
        7.21038     4.77479e-09              
         7.2116     3.18319e-09              
        7.21282     4.77479e-09              
        7.21406     4.77479e-09              
        7.21528     4.77479e-09              
         7.2165      1.5916e-09              
        7.21772     3.18319e-09              
        7.21894     6.36639e-09              
        7.22016      1.5916e-09              
        7.22138     7.95798e-09              
         7.2226     3.18319e-09              
        7.22382     3.18319e-09              
        7.22504     7.95798e-09              
        7.22626     4.77479e-09              
        7.22748     6.36639e-09              
         7.2287     6.36639e-09              
        7.22992     4.77479e-09              
        7.23114               0              
        7.23236     3.18319e-09              
        7.23358     3.18319e-09              
         7.2348     3.18319e-09              
        7.23602               0              
        7.23724     9.54958e-09              
        7.23846     3.18319e-09              
        7.23968     3.18319e-09              
         7.2409     4.77479e-09              
        7.24212     4.77479e-09              
        7.24334               0              
        7.24456      1.5916e-09              
        7.24578     6.36639e-09              
          7.247     3.18319e-09              
        7.24823      1.5916e-09              
        7.24946     6.36639e-09              
        7.25068      1.5916e-09              
         7.2519     4.77479e-09              
        7.25312     7.95798e-09              
        7.25434     9.54958e-09              
        7.25556     7.95798e-09              
        7.25678      1.5916e-09              
          7.258     3.18319e-09              
        7.25922               0              
        7.26044      1.5916e-09              
        7.26166     7.95798e-09              
        7.26288     4.77479e-09              
         7.2641     9.54958e-09              
        7.26532     4.77479e-09              
        7.26654     3.18319e-09              
        7.26776     4.77479e-09              
        7.26898     6.36639e-09              
         7.2702      1.5916e-09              
        7.27142     3.18319e-09              
        7.27264      1.5916e-09              
        7.27386     4.77479e-09              
        7.27508     4.77479e-09              
         7.2763     1.11412e-08              
        7.27752     6.36639e-09              
        7.27874     4.77479e-09              
        7.27996     4.77479e-09              
        7.28118     6.36639e-09              
         7.2824     7.95798e-09              
        7.28364     6.36639e-09              
        7.28486               0              
        7.28608     4.77479e-09              
         7.2873     4.77479e-09              
        7.28852     4.77479e-09              
        7.28974     3.18319e-09              
        7.29096     6.36639e-09              
        7.29218     7.95798e-09              
         7.2934     6.36639e-09              
        7.29462      1.5916e-09              
        7.29584     1.43244e-08              
        7.29706     6.36639e-09              
        7.29828      1.5916e-09              
         7.2995     4.77479e-09              
        7.30072      1.5916e-09              
        7.30194     6.36639e-09              
        7.30316     3.18319e-09              
        7.30438     3.18319e-09              
         7.3056     9.54958e-09              
        7.30682     9.54958e-09              
        7.30804     3.18319e-09              
        7.30926      1.5916e-09              
        7.31048     6.36639e-09              
         7.3117      1.5916e-09              
        7.31292     1.11412e-08              
        7.31414      1.5916e-09              
        7.31536     4.77479e-09              
        7.31658     3.18319e-09              
        7.31781     3.18319e-09              
        7.31904     3.18319e-09              
        7.32026      1.5916e-09              
        7.32148     3.18319e-09              
         7.3227     3.18319e-09              
        7.32392     3.18319e-09              
        7.32514      1.5916e-09              
        7.32636     6.36639e-09              
        7.32758     4.77479e-09              
         7.3288     6.36639e-09              
        7.33002     4.77479e-09              
        7.33124     6.36639e-09              
        7.33246     9.54958e-09              
        7.33368      1.5916e-09              
         7.3349     3.18319e-09              
        7.33613     4.77479e-09              
        7.33735     3.18319e-09              
        7.33857      1.5916e-09              
        7.33979     6.36639e-09              
        7.34101     4.77479e-09              
        7.34223     4.77479e-09              
        7.34345     4.77479e-09              
        7.34466      1.5916e-09              
        7.34588     3.18319e-09              
         7.3471      1.5916e-09              
        7.34832      1.5916e-09              
        7.34954     6.36639e-09              
        7.35076     3.18319e-09              
        7.35198     3.18319e-09              
        7.35321     9.54958e-09              
        7.35443     4.77479e-09              
        7.35565     1.27328e-08              
        7.35687      1.5916e-09              
        7.35809     4.77479e-09              
        7.35931      1.5916e-09              
        7.36053      1.5916e-09              
        7.36175      1.5916e-09              
        7.36297     4.77479e-09              
        7.36419     7.95798e-09              
        7.36541     7.95798e-09              
        7.36663     3.18319e-09              
        7.36785     3.18319e-09              
        7.36907     3.18319e-09              
        7.37031     6.36639e-09              
        7.37153     4.77479e-09              
        7.37275      1.5916e-09              
        7.37397      1.5916e-09              
        7.37519               0              
        7.37641     4.77479e-09              
        7.37763      1.5916e-09              
        7.37885     3.18319e-09              
        7.38007     4.77479e-09              
        7.38129     4.77479e-09              
        7.38251      1.5916e-09              
        7.38373               0              
        7.38495     1.11412e-08              
        7.38617      1.5916e-09              
        7.38739               0              
        7.38861     6.36639e-09              
        7.38983     6.36639e-09              
        7.39105     4.77479e-09              
        7.39227     1.27328e-08              
        7.39349     4.77479e-09              
        7.39471     4.77479e-09              
        7.39593     4.77479e-09              
        7.39715     7.95798e-09              
        7.39837      1.5916e-09              
        7.39959     3.18319e-09              
        7.40081      1.5916e-09              
        7.40203     6.36639e-09              
        7.40325      1.5916e-09              
        7.40448     4.77479e-09              
        7.40571     6.36639e-09              
        7.40693     7.95798e-09              
        7.40815     3.18319e-09              
        7.40937      1.5916e-09              
        7.41059     3.18319e-09              
        7.41181     3.18319e-09              
        7.41303     3.18319e-09              
        7.41425      1.5916e-09              
        7.41547     4.77479e-09              
        7.41669     6.36639e-09              
        7.41791      1.5916e-09              
        7.41913      1.5916e-09              
        7.42035     4.77479e-09              
        7.42157     4.77479e-09              
        7.42279     6.36639e-09              
        7.42401      1.5916e-09              
        7.42523     6.36639e-09              
        7.42645     3.18319e-09              
        7.42767      1.5916e-09              
        7.42889     6.36639e-09              
        7.43011      1.5916e-09              
        7.43133      1.5916e-09              
        7.43255     4.77479e-09              
        7.43377     6.36639e-09              
        7.43499      1.5916e-09              
        7.43621     6.36639e-09              
        7.43743     6.36639e-09              
        7.43865     9.54958e-09              
        7.43989     4.77479e-09              
        7.44111      1.5916e-09              
        7.44233     4.77479e-09              
        7.44355     7.95798e-09              
        7.44477     4.77479e-09              
        7.44599     4.77479e-09              
        7.44721     3.18319e-09              
        7.44843     3.18319e-09              
        7.44965      1.5916e-09              
        7.45087     4.77479e-09              
        7.45209     3.18319e-09              
        7.45331     3.18319e-09              
        7.45453      1.5916e-09              
        7.45575     3.18319e-09              
        7.45697     3.18319e-09              
        7.45819      1.5916e-09              
        7.45941      1.5916e-09              
        7.46063     3.18319e-09              
        7.46185      1.5916e-09              
        7.46307     3.18319e-09              
        7.46429     7.95798e-09              
        7.46551     7.95798e-09              
        7.46673               0              
        7.46795      1.5916e-09              
        7.46917     6.36639e-09              
        7.47039     6.36639e-09              
        7.47161     7.95798e-09              
        7.47283     7.95798e-09              
        7.47406     6.36639e-09              
        7.47529     3.18319e-09              
        7.47651     4.77479e-09              
        7.47773     4.77479e-09              
        7.47895      1.5916e-09              
        7.48017     3.18319e-09              
        7.48139               0              
        7.48261     6.36639e-09              
        7.48383     7.95798e-09              
        7.48505      1.5916e-09              
        7.48627     1.11412e-08              
        7.48749      1.5916e-09              
        7.48871     6.36639e-09              
        7.48993     6.36639e-09              
        7.49115     7.95798e-09              
        7.49238     4.77479e-09              
         7.4936     6.36639e-09              
        7.49482     7.95798e-09              
        7.49604     4.77479e-09              
        7.49726      1.5916e-09              
        7.49848     4.77479e-09              
         7.4997     4.77479e-09              
        7.50091      1.5916e-09              
        7.50213     3.18319e-09              
        7.50335     1.11412e-08              
        7.50457     6.36639e-09              
        7.50579     1.43244e-08              
        7.50701     6.36639e-09              
        7.50823     3.18319e-09              
        7.50946     4.77479e-09              
        7.51068     7.95798e-09              
         7.5119     7.95798e-09              
        7.51312      1.5916e-09              
        7.51434     3.18319e-09              
        7.51556     7.95798e-09              
        7.51678     4.77479e-09              
          7.518     6.36639e-09              
        7.51922               0              
        7.52044     4.77479e-09              
        7.52166     7.95798e-09              
        7.52288      1.5916e-09              
         7.5241     6.36639e-09              
        7.52532     4.77479e-09              
        7.52656     4.77479e-09              
        7.52778     7.95798e-09              
          7.529     4.77479e-09              
        7.53022     7.95798e-09              
        7.53144      1.5916e-09              
        7.53266      1.5916e-09              
        7.53388      1.5916e-09              
         7.5351     4.77479e-09              
        7.53632     3.18319e-09              
        7.53754     9.54958e-09              
        7.53876     3.18319e-09              
        7.53998     7.95798e-09              
         7.5412     3.18319e-09              
        7.54242               0              
        7.54364     9.54958e-09              
        7.54486     3.18319e-09              
        7.54608      1.5916e-09              
         7.5473     9.54958e-09              
        7.54852     3.18319e-09              
        7.54974     6.36639e-09              
        7.55096     7.95798e-09              
        7.55218     4.77479e-09              
         7.5534     3.18319e-09              
        7.55462     3.18319e-09              
        7.55584      1.5916e-09              
        7.55706      1.5916e-09              
        7.55828     4.77479e-09              
         7.5595               0              
        7.56073     4.77479e-09              
        7.56196     3.18319e-09              
        7.56318     4.77479e-09              
         7.5644      1.5916e-09              
        7.56562      1.5916e-09              
        7.56684     3.18319e-09              
        7.56806               0              
        7.56928     3.18319e-09              
         7.5705               0              
        7.57172      1.5916e-09              
        7.57294     3.18319e-09              
        7.57416      1.5916e-09              
        7.57538      1.5916e-09              
         7.5766      1.5916e-09              
        7.57782     3.18319e-09              
        7.57904     6.36639e-09              
        7.58026               0              
        7.58148     3.18319e-09              
         7.5827     6.36639e-09              
        7.58392     6.36639e-09              
        7.58514      1.5916e-09              
        7.58636     3.18319e-09              
        7.58758     6.36639e-09              
         7.5888     7.95798e-09              
        7.59002     3.18319e-09              
        7.59124     6.36639e-09              
        7.59246     7.95798e-09              
        7.59368     7.95798e-09              
         7.5949     6.36639e-09              
        7.59614     4.77479e-09              
        7.59736      1.5916e-09              
        7.59858     6.36639e-09              
         7.5998     7.95798e-09              
        7.60102     3.18319e-09              
        7.60224     4.77479e-09              
        7.60346     9.54958e-09              
        7.60468     4.77479e-09              
         7.6059     3.18319e-09              
        7.60712     3.18319e-09              
        7.60834      1.5916e-09              
        7.60956     3.18319e-09              
        7.61078      1.5916e-09              
          7.612      1.5916e-09              
        7.61322     3.18319e-09              
        7.61444     4.77479e-09              
        7.61566      1.5916e-09              
        7.61688     3.18319e-09              
         7.6181     9.54958e-09              
        7.61932     4.77479e-09              
        7.62054     7.95798e-09              
        7.62176     6.36639e-09              
        7.62298     7.95798e-09              
         7.6242     3.18319e-09              
        7.62542     6.36639e-09              
        7.62664     4.77479e-09              
        7.62786     7.95798e-09              
        7.62908      1.5916e-09              
        7.63031     3.18319e-09              
        7.63154      1.5916e-09              
        7.63276     7.95798e-09              
        7.63398               0              
         7.6352      1.5916e-09              
        7.63642      1.5916e-09              
        7.63764     4.77479e-09              
        7.63886     3.18319e-09              
        7.64008     3.18319e-09              
         7.6413      1.5916e-09              
        7.64252     3.18319e-09              
        7.64374     3.18319e-09              
        7.64496     4.77479e-09              
        7.64618     4.77479e-09              
         7.6474               0              
        7.64863     4.77479e-09              
        7.64985     6.36639e-09              
        7.65107     7.95798e-09              
        7.65229     4.77479e-09              
        7.65351     3.18319e-09              
        7.65473     3.18319e-09              
        7.65595     3.18319e-09              
        7.65716      1.5916e-09              
        7.65838     4.77479e-09              
         7.6596     4.77479e-09              
        7.66082     4.77479e-09              
        7.66204     6.36639e-09              
        7.66326     3.18319e-09              
        7.66448     3.18319e-09              
        7.66571     7.95798e-09              
        7.66693     4.77479e-09              
        7.66815      1.5916e-09              
        7.66937     7.95798e-09              
        7.67059     4.77479e-09              
        7.67181     4.77479e-09              
        7.67303      1.5916e-09              
        7.67425     4.77479e-09              
        7.67547     7.95798e-09              
        7.67669     6.36639e-09              
        7.67791     3.18319e-09              
        7.67913      1.5916e-09              
        7.68035     3.18319e-09              
        7.68157     3.18319e-09              
        7.68281     3.18319e-09              
        7.68403      1.5916e-09              
        7.68525     6.36639e-09              
        7.68647     4.77479e-09              
        7.68769     4.77479e-09              
        7.68891     4.77479e-09              
        7.69013     4.77479e-09              
        7.69135      1.5916e-09              
        7.69257     3.18319e-09              
        7.69379     3.18319e-09              
        7.69501               0              
        7.69623      1.5916e-09              
        7.69745     3.18319e-09              
        7.69867     4.77479e-09              
        7.69989     9.54958e-09              
        7.70111     3.18319e-09              
        7.70233     3.18319e-09              
        7.70355     4.77479e-09              
        7.70477     3.18319e-09              
        7.70599     4.77479e-09              
        7.70721     6.36639e-09              
        7.70843     6.36639e-09              
        7.70965     6.36639e-09              
        7.71087     7.95798e-09              
        7.71209     3.18319e-09              
        7.71331      1.5916e-09              
        7.71453     3.18319e-09              
        7.71575               0              
        7.71698     4.77479e-09              
        7.71821     3.18319e-09              
        7.71943      1.5916e-09              
        7.72065     4.77479e-09              
        7.72187     3.18319e-09              
        7.72309      1.5916e-09              
        7.72431     4.77479e-09              
        7.72553     6.36639e-09              
        7.72675     4.77479e-09              
        7.72797     7.95798e-09              
        7.72919     4.77479e-09              
        7.73041               0              
        7.73163     3.18319e-09              
        7.73285      1.5916e-09              
        7.73407     7.95798e-09              
        7.73529     3.18319e-09              
        7.73651     3.18319e-09              
        7.73773     4.77479e-09              
        7.73895      1.5916e-09              
        7.74017      1.5916e-09              
        7.74139     3.18319e-09              
        7.74261     3.18319e-09              
        7.74383      1.5916e-09              
        7.74505               0              
        7.74627      1.5916e-09              
        7.74749     3.18319e-09              
        7.74871      1.5916e-09              
        7.74993     9.54958e-09              
        7.75115     4.77479e-09              
        7.75239     6.36639e-09              
        7.75361     4.77479e-09              
        7.75483     3.18319e-09              
        7.75605     6.36639e-09              
        7.75727     6.36639e-09              
        7.75849               0              
        7.75971     6.36639e-09              
        7.76093      1.5916e-09              
        7.76215     6.36639e-09              
        7.76337      1.5916e-09              
        7.76459      1.5916e-09              
        7.76581     4.77479e-09              
        7.76703     4.77479e-09              
        7.76825     3.18319e-09              
        7.76947     3.18319e-09              
        7.77069     4.77479e-09              
        7.77191      1.5916e-09              
        7.77313     6.36639e-09              
        7.77435      1.5916e-09              
        7.77557      1.5916e-09              
        7.77679     6.36639e-09              
        7.77801      1.5916e-09              
        7.77923     4.77479e-09              
        7.78045     6.36639e-09              
        7.78167               0              
        7.78289     6.36639e-09              
        7.78411     3.18319e-09              
        7.78533      1.5916e-09              
        7.78656     6.36639e-09              
        7.78779      1.5916e-09              
        7.78901      1.5916e-09              
        7.79023     6.36639e-09              
        7.79145     4.77479e-09              
        7.79267     4.77479e-09              
        7.79389     3.18319e-09              
        7.79511     4.77479e-09              
        7.79633     6.36639e-09              
        7.79755     4.77479e-09              
        7.79877      1.5916e-09              
        7.79999     7.95798e-09              
        7.80121      1.5916e-09              
        7.80243     4.77479e-09              
        7.80365     3.18319e-09              
        7.80488     7.95798e-09              
         7.8061      1.5916e-09              
        7.80732      1.5916e-09              
        7.80854     6.36639e-09              
        7.80976      1.5916e-09              
        7.81098     3.18319e-09              
         7.8122     1.27328e-08              
        7.81341     4.77479e-09              
        7.81463     6.36639e-09              
        7.81585     3.18319e-09              
        7.81707     4.77479e-09              
        7.81829      1.5916e-09              
        7.81951     3.18319e-09              
        7.82073     3.18319e-09              
        7.82196     3.18319e-09              
        7.82318     6.36639e-09              
         7.8244     6.36639e-09              
        7.82562     7.95798e-09              
        7.82684     3.18319e-09              
        7.82806     3.18319e-09              
        7.82928      1.5916e-09              
         7.8305     3.18319e-09              
        7.83172     3.18319e-09              
        7.83294     4.77479e-09              
        7.83416     9.54958e-09              
        7.83538     4.77479e-09              
         7.8366     6.36639e-09              
        7.83782     3.18319e-09              
        7.83906      1.5916e-09              
        7.84028     3.18319e-09              
         7.8415     3.18319e-09              
        7.84272     7.95798e-09              
        7.84394     3.18319e-09              
        7.84516     3.18319e-09              
        7.84638     3.18319e-09              
         7.8476     6.36639e-09              
        7.84882     3.18319e-09              
        7.85004     7.95798e-09              
        7.85126     9.54958e-09              
        7.85248      1.5916e-09              
         7.8537      1.5916e-09              
        7.85492     3.18319e-09              
        7.85614     3.18319e-09              
        7.85736      1.5916e-09              
        7.85858     3.18319e-09              
         7.8598     3.18319e-09              
        7.86102     7.95798e-09              
        7.86224      1.5916e-09              
        7.86346     3.18319e-09              
        7.86468     6.36639e-09              
         7.8659     3.18319e-09              
        7.86712     6.36639e-09              
        7.86834     3.18319e-09              
        7.86956     3.18319e-09              
        7.87078      1.5916e-09              
          7.872     7.95798e-09              
        7.87323     4.77479e-09              
        7.87446      1.5916e-09              
        7.87568     3.18319e-09              
         7.8769     6.36639e-09              
        7.87812     4.77479e-09              
        7.87934     6.36639e-09              
        7.88056      1.5916e-09              
        7.88178     6.36639e-09              
          7.883     6.36639e-09              
        7.88422     4.77479e-09              
        7.88544     3.18319e-09              
        7.88666     4.77479e-09              
        7.88788      1.5916e-09              
         7.8891     4.77479e-09              
        7.89032     4.77479e-09              
        7.89154     4.77479e-09              
        7.89276     6.36639e-09              
        7.89398     6.36639e-09              
         7.8952     7.95798e-09              
        7.89642     3.18319e-09              
        7.89764     6.36639e-09              
        7.89886     4.77479e-09              
        7.90008      1.5916e-09              
         7.9013     3.18319e-09              
        7.90252     4.77479e-09              
        7.90374               0              
        7.90496     3.18319e-09              
        7.90618      1.5916e-09              
         7.9074      1.5916e-09              
        7.90864     7.95798e-09              
        7.90986     3.18319e-09              
        7.91108     6.36639e-09              
         7.9123     4.77479e-09              
        7.91352     3.18319e-09              
        7.91474     7.95798e-09              
        7.91596     4.77479e-09              
        7.91718      1.5916e-09              
         7.9184     6.36639e-09              
        7.91962     9.54958e-09              
        7.92084     6.36639e-09              
        7.92206     3.18319e-09              
        7.92328               0              
         7.9245     4.77479e-09              
        7.92572     6.36639e-09              
        7.92694      1.5916e-09              
        7.92816               0              
        7.92938      1.5916e-09              
         7.9306      1.5916e-09              
        7.93182     4.77479e-09              
        7.93304     3.18319e-09              
        7.93426     7.95798e-09              
        7.93548      1.5916e-09              
         7.9367     3.18319e-09              
        7.93792      1.5916e-09              
        7.93914               0              
        7.94036     3.18319e-09              
        7.94158     7.95798e-09              
        7.94281      1.5916e-09              
        7.94404      1.5916e-09              
        7.94526      1.5916e-09              
        7.94648               0              
         7.9477     9.54958e-09              
        7.94892               0              
        7.95014      1.5916e-09              
        7.95136      1.5916e-09              
        7.95258               0              
         7.9538      1.5916e-09              
        7.95502      1.5916e-09              
        7.95624     3.18319e-09              
        7.95746               0              
        7.95868     4.77479e-09              
         7.9599      1.5916e-09              
        7.96113     4.77479e-09              
        7.96235     4.77479e-09              
        7.96357     4.77479e-09              
        7.96479      1.5916e-09              
        7.96601     3.18319e-09              
        7.96723     6.36639e-09              
        7.96845     3.18319e-09              
        7.96966      1.5916e-09              
        7.97088     6.36639e-09              
         7.9721     6.36639e-09              
        7.97332     6.36639e-09              
        7.97454     6.36639e-09              
        7.97576      1.5916e-09              
        7.97698     4.77479e-09              
        7.97821     4.77479e-09              
        7.97943     4.77479e-09              
        7.98065     3.18319e-09              
        7.98187     4.77479e-09              
        7.98309     4.77479e-09              
        7.98431     6.36639e-09              
        7.98553     3.18319e-09              
        7.98675      1.5916e-09              
        7.98797     6.36639e-09              
        7.98919     4.77479e-09              
        7.99041     4.77479e-09              
        7.99163     4.77479e-09              
        7.99285     6.36639e-09              
        7.99407     3.18319e-09              
        7.99531               0              
