        2.99927               2              
        2.99988               0              
        3.00049               1              
         3.0011               1              
        3.00171               1              
        3.00232               2              
        3.00293               4              
        3.00354               0              
        3.00415               3              
        3.00476               0              
        3.00537               2              
        3.00598               3              
        3.00659               1              
         3.0072               3              
        3.00781               3              
        3.00842               3              
        3.00903               2              
        3.00964               2              
        3.01025               5              
        3.01086               3              
        3.01147               3              
        3.01208               0              
         3.0127               2              
        3.01331               3              
        3.01392               1              
        3.01453               1              
        3.01514               3              
        3.01575               5              
        3.01636               6              
        3.01697               1              
        3.01758               3              
        3.01819               1              
         3.0188               3              
        3.01941               3              
        3.02002               1              
        3.02063               2              
        3.02124               2              
        3.02185               2              
        3.02246               1              
        3.02307               2              
        3.02368               1              
        3.02429               6              
         3.0249               1              
        3.02551               3              
        3.02612               4              
        3.02673               1              
        3.02734               2              
        3.02795               3              
        3.02856               4              
        3.02917               1              
        3.02979               3              
         3.0304               3              
        3.03101               3              
        3.03162               2              
        3.03223               3              
        3.03284               1              
        3.03345               1              
        3.03406               3              
        3.03467               1              
        3.03528               0              
        3.03589               1              
         3.0365               5              
        3.03711               2              
        3.03772               2              
        3.03833               0              
        3.03894               1              
        3.03955               2              
        3.04016               3              
        3.04077               1              
        3.04138               3              
        3.04199               2              
         3.0426               0              
        3.04321               2              
        3.04382               1              
        3.04443               3              
        3.04504               1              
        3.04565               2              
        3.04626               3              
        3.04688               1              
        3.04749               2              
         3.0481               0              
        3.04871               0              
        3.04932               2              
        3.04993               1              
        3.05054               4              
        3.05115               2              
        3.05176               1              
        3.05237               2              
        3.05298               3              
        3.05359               2              
         3.0542               4              
        3.05481               2              
        3.05542               4              
        3.05603               2              
        3.05664               0              
        3.05725               1              
        3.05786               2              
        3.05847               2              
        3.05908               0              
        3.05969               2              
         3.0603               0              
        3.06091               5              
        3.06152               2              
        3.06213               1              
        3.06274               4              
        3.06335               4              
        3.06396               1              
        3.06458               3              
        3.06519               1              
         3.0658               4              
        3.06641               1              
        3.06702               1              
        3.06763               2              
        3.06824               0              
        3.06885               5              
        3.06946               2              
        3.07007               2              
        3.07068               1              
        3.07129               3              
         3.0719               1              
        3.07251               2              
        3.07312               2              
        3.07373               1              
        3.07434               2              
        3.07495               2              
        3.07556               3              
        3.07617               4              
        3.07678               6              
        3.07739               3              
          3.078               0              
        3.07861               3              
        3.07922               1              
        3.07983               4              
        3.08044               2              
        3.08105               3              
        3.08167               1              
        3.08228               1              
        3.08289               0              
         3.0835               2              
        3.08411               2              
        3.08472               3              
        3.08533               0              
        3.08594               0              
        3.08655               2              
        3.08716               2              
        3.08777               2              
        3.08838               3              
        3.08899               0              
         3.0896               2              
        3.09021               0              
        3.09082               1              
        3.09143               2              
        3.09204               2              
        3.09265               1              
        3.09326               3              
        3.09387               0              
        3.09448               1              
        3.09509               3              
         3.0957               2              
        3.09631               1              
        3.09692               0              
        3.09753               0              
        3.09814               2              
        3.09875               3              
        3.09937               6              
        3.09998               4              
        3.10059               2              
         3.1012               0              
        3.10181               2              
        3.10242               3              
        3.10303               1              
        3.10364               1              
        3.10425               1              
        3.10486               2              
        3.10547               3              
        3.10608               3              
        3.10669               3              
         3.1073               2              
        3.10791               5              
        3.10852               0              
        3.10913               2              
        3.10974               4              
        3.11035               5              
        3.11096               2              
        3.11157               1              
        3.11218               1              
        3.11279               0              
         3.1134               2              
        3.11401               2              
        3.11462               3              
        3.11523               0              
        3.11584               4              
        3.11646               1              
        3.11707               5              
        3.11768               0              
        3.11829               2              
         3.1189               5              
        3.11951               5              
        3.12012               0              
        3.12073               2              
        3.12134               1              
        3.12195               5              
        3.12256               3              
        3.12317               1              
        3.12378               3              
        3.12439               1              
          3.125               3              
        3.12561               2              
        3.12622               1              
        3.12683               1              
        3.12744               4              
        3.12805               2              
        3.12866               2              
        3.12927               2              
        3.12988               4              
        3.13049               1              
         3.1311               3              
        3.13171               1              
        3.13232               2              
        3.13293               0              
        3.13354               0              
        3.13416               4              
        3.13477               1              
        3.13538               2              
        3.13599               0              
         3.1366               2              
        3.13721               4              
        3.13782               0              
        3.13843               2              
        3.13904               1              
        3.13965               0              
        3.14026               3              
        3.14087               1              
        3.14148               4              
        3.14209               1              
         3.1427               4              
        3.14331               0              
        3.14392               2              
        3.14453               1              
        3.14514               2              
        3.14575               1              
        3.14636               0              
        3.14697               4              
        3.14758               4              
        3.14819               1              
         3.1488               2              
        3.14941               2              
        3.15002               6              
        3.15063               5              
        3.15125               2              
        3.15186               3              
        3.15247               2              
        3.15308               4              
        3.15369               3              
         3.1543               4              
        3.15491               1              
        3.15552               2              
        3.15613               1              
        3.15674               1              
        3.15735               1              
        3.15796               1              
        3.15857               2              
        3.15918               2              
        3.15979               3              
         3.1604               3              
        3.16101               1              
        3.16162               1              
        3.16223               1              
        3.16284               3              
        3.16345               2              
        3.16406               4              
        3.16467               1              
        3.16528               1              
        3.16589               2              
         3.1665               2              
        3.16711               1              
        3.16772               1              
        3.16833               0              
        3.16895               1              
        3.16956               2              
        3.17017               1              
        3.17078               3              
        3.17139               2              
          3.172               5              
        3.17261               3              
        3.17322               1              
        3.17383               4              
        3.17444               2              
        3.17505               2              
        3.17566               2              
        3.17627               1              
        3.17688               2              
        3.17749               0              
         3.1781               0              
        3.17871               1              
        3.17932               4              
        3.17993               1              
        3.18054               2              
        3.18115               3              
        3.18176               3              
        3.18237               3              
        3.18298               0              
        3.18359               0              
         3.1842               1              
        3.18481               3              
        3.18542               0              
        3.18604               2              
        3.18665               3              
        3.18726               2              
        3.18787               0              
        3.18848               0              
        3.18909               2              
         3.1897               2              
        3.19031               1              
        3.19092               0              
        3.19153               1              
        3.19214               1              
        3.19275               3              
        3.19336               4              
        3.19397               2              
        3.19458               4              
        3.19519               1              
         3.1958               4              
        3.19641               4              
        3.19702               2              
        3.19763               1              
        3.19824               3              
        3.19885               2              
        3.19946               3              
        3.20007               0              
        3.20068               2              
        3.20129               1              
         3.2019               2              
        3.20251               2              
        3.20312               0              
        3.20374               1              
        3.20435               0              
        3.20496               2              
        3.20557               2              
        3.20618               3              
        3.20679               1              
         3.2074               3              
        3.20801               1              
        3.20862               2              
        3.20923               0              
        3.20984               2              
        3.21045               3              
        3.21106               3              
        3.21167               1              
        3.21228               0              
        3.21289               2              
         3.2135               4              
        3.21411               1              
        3.21472               4              
        3.21533               1              
        3.21594               1              
        3.21655               3              
        3.21716               1              
        3.21777               2              
        3.21838               0              
        3.21899               0              
         3.2196               3              
        3.22021               0              
        3.22083               3              
        3.22144               3              
        3.22205               0              
        3.22266               3              
        3.22327               5              
        3.22388               3              
        3.22449               2              
         3.2251               0              
        3.22571               1              
        3.22632               2              
        3.22693               2              
        3.22754               2              
        3.22815               3              
        3.22876               0              
        3.22937               1              
        3.22998               0              
        3.23059               5              
         3.2312               2              
        3.23181               2              
        3.23242               0              
        3.23303               3              
        3.23364               2              
        3.23425               0              
        3.23486               1              
        3.23547               1              
        3.23608               0              
        3.23669               0              
         3.2373               2              
        3.23792               3              
        3.23853               1              
        3.23914               0              
        3.23975               2              
        3.24036               2              
        3.24097               2              
        3.24158               3              
        3.24219               3              
         3.2428               2              
        3.24341               1              
        3.24402               2              
        3.24463               1              
        3.24524               3              
        3.24585               1              
        3.24646               2              
        3.24707               2              
        3.24768               1              
        3.24829               1              
         3.2489               5              
        3.24951               3              
        3.25012               0              
        3.25073               3              
        3.25134               3              
        3.25195               2              
        3.25256               3              
        3.25317               2              
        3.25378               1              
        3.25439               1              
          3.255               2              
        3.25562               2              
        3.25623               2              
        3.25684               3              
        3.25745               0              
        3.25806               1              
        3.25867               3              
        3.25928               3              
        3.25989               0              
         3.2605               2              
        3.26111               5              
        3.26172               3              
        3.26233               2              
        3.26294               4              
        3.26355               1              
        3.26416               3              
        3.26477               1              
        3.26538               1              
        3.26599               8              
         3.2666               2              
        3.26721               2              
        3.26782               1              
        3.26843               1              
        3.26904               2              
        3.26965               3              
        3.27026               3              
        3.27087               1              
        3.27148               1              
        3.27209               2              
        3.27271               4              
        3.27332               4              
        3.27393               3              
        3.27454               4              
        3.27515               2              
        3.27576               2              
        3.27637               2              
        3.27698               3              
        3.27759               1              
         3.2782               0              
        3.27881               0              
        3.27942               0              
        3.28003               3              
        3.28064               1              
        3.28125               3              
        3.28186               3              
        3.28247               1              
        3.28308               1              
        3.28369               2              
         3.2843               1              
        3.28491               3              
        3.28552               2              
        3.28613               1              
        3.28674               1              
        3.28735               2              
        3.28796               1              
        3.28857               5              
        3.28918               3              
        3.28979               3              
        3.29041               1              
        3.29102               3              
        3.29163               2              
        3.29224               3              
        3.29285               1              
        3.29346               4              
        3.29407               0              
        3.29468               2              
        3.29529               3              
         3.2959               2              
        3.29651               2              
        3.29712               1              
        3.29773               0              
        3.29834               1              
        3.29895               3              
        3.29956               1              
        3.30017               1              
        3.30078               3              
        3.30139               3              
          3.302               0              
        3.30261               0              
        3.30322               2              
        3.30383               3              
        3.30444               1              
        3.30505               1              
        3.30566               3              
        3.30627               2              
        3.30688               2              
         3.3075               1              
        3.30811               2              
        3.30872               2              
        3.30933               2              
        3.30994               2              
        3.31055               3              
        3.31116               6              
        3.31177               2              
        3.31238               5              
        3.31299               1              
         3.3136               1              
        3.31421               1              
        3.31482               2              
        3.31543               1              
        3.31604               3              
        3.31665               2              
        3.31726               2              
        3.31787               0              
        3.31848               2              
        3.31909               3              
         3.3197               2              
        3.32031               2              
        3.32092               0              
        3.32153               6              
        3.32214               2              
        3.32275               2              
        3.32336               2              
        3.32397               0              
        3.32458               3              
         3.3252               1              
        3.32581               2              
        3.32642               1              
        3.32703               2              
        3.32764               2              
        3.32825               1              
        3.32886               2              
        3.32947               1              
        3.33008               1              
        3.33069               2              
         3.3313               1              
        3.33191               1              
        3.33252               2              
        3.33313               2              
        3.33374               7              
        3.33435               1              
        3.33496               0              
        3.33557               3              
        3.33618               0              
        3.33679               4              
         3.3374               3              
        3.33801               3              
        3.33862               1              
        3.33923               4              
        3.33984               4              
        3.34045               2              
        3.34106               2              
        3.34167               0              
        3.34229               2              
         3.3429               4              
        3.34351               2              
        3.34412               5              
        3.34473               3              
        3.34534               2              
        3.34595               2              
        3.34656               3              
        3.34717               4              
        3.34778               1              
        3.34839               0              
          3.349               0              
        3.34961               5              
        3.35022               1              
        3.35083               0              
        3.35144               4              
        3.35205               2              
        3.35266               1              
        3.35327               2              
        3.35388               2              
        3.35449               0              
         3.3551               1              
        3.35571               1              
        3.35632               4              
        3.35693               1              
        3.35754               4              
        3.35815               0              
        3.35876               2              
        3.35938               0              
        3.35999               2              
         3.3606               0              
        3.36121               3              
        3.36182               1              
        3.36243               0              
        3.36304               4              
        3.36365               1              
        3.36426               1              
        3.36487               2              
        3.36548               5              
        3.36609               1              
         3.3667               1              
        3.36731               1              
        3.36792               1              
        3.36853               7              
        3.36914               3              
        3.36975               1              
        3.37036               2              
        3.37097               2              
        3.37158               1              
        3.37219               1              
         3.3728               2              
        3.37341               1              
        3.37402               2              
        3.37463               1              
        3.37524               2              
        3.37585               0              
        3.37646               1              
        3.37708               5              
        3.37769               3              
         3.3783               0              
        3.37891               1              
        3.37952               1              
        3.38013               4              
        3.38074               3              
        3.38135               4              
        3.38196               3              
        3.38257               2              
        3.38318               0              
        3.38379               2              
         3.3844               2              
        3.38501               3              
        3.38562               1              
        3.38623               2              
        3.38684               0              
        3.38745               1              
        3.38806               2              
        3.38867               1              
        3.38928               0              
        3.38989               2              
         3.3905               3              
        3.39111               4              
        3.39172               2              
        3.39233               3              
        3.39294               1              
        3.39355               2              
        3.39417               0              
        3.39478               0              
        3.39539               6              
          3.396               2              
        3.39661               2              
        3.39722               1              
        3.39783               0              
        3.39844               0              
        3.39905               2              
        3.39966               3              
        3.40027               1              
        3.40088               3              
        3.40149               2              
         3.4021               4              
        3.40271               1              
        3.40332               1              
        3.40393               3              
        3.40454               2              
        3.40515               4              
        3.40576               1              
        3.40637               2              
        3.40698               0              
        3.40759               4              
         3.4082               1              
        3.40881               2              
        3.40942               2              
        3.41003               1              
        3.41064               4              
        3.41125               5              
        3.41187               0              
        3.41248               1              
        3.41309               4              
         3.4137               0              
        3.41431               3              
        3.41492               0              
        3.41553               2              
        3.41614               1              
        3.41675               3              
        3.41736               5              
        3.41797               6              
        3.41858               2              
        3.41919               2              
         3.4198               1              
        3.42041               1              
        3.42102               1              
        3.42163               2              
        3.42224               1              
        3.42285               1              
        3.42346               3              
        3.42407               3              
        3.42468               3              
        3.42529               2              
         3.4259               1              
        3.42651               2              
        3.42712               3              
        3.42773               2              
        3.42834               0              
        3.42896               0              
        3.42957               1              
        3.43018               4              
        3.43079               1              
         3.4314               3              
        3.43201               1              
        3.43262               2              
        3.43323               1              
        3.43384               1              
        3.43445               3              
        3.43506               2              
        3.43567               1              
        3.43628               0              
        3.43689               1              
         3.4375               2              
        3.43811               1              
        3.43872               2              
        3.43933               4              
        3.43994               3              
        3.44055               2              
        3.44116               3              
        3.44177               5              
        3.44238               3              
        3.44299               4              
         3.4436               3              
        3.44421               2              
        3.44482               0              
        3.44543               2              
        3.44604               0              
        3.44666               1              
        3.44727               1              
        3.44788               2              
        3.44849               1              
         3.4491               1              
        3.44971               4              
        3.45032               2              
        3.45093               2              
        3.45154               3              
        3.45215               1              
        3.45276               2              
        3.45337               1              
        3.45398               5              
        3.45459               0              
         3.4552               3              
        3.45581               0              
        3.45642               3              
        3.45703               1              
        3.45764               2              
        3.45825               1              
        3.45886               3              
        3.45947               0              
        3.46008               3              
        3.46069               0              
         3.4613               1              
        3.46191               1              
        3.46252               4              
        3.46313               0              
        3.46375               1              
        3.46436               2              
        3.46497               4              
        3.46558               2              
        3.46619               1              
         3.4668               2              
        3.46741               1              
        3.46802               3              
        3.46863               4              
        3.46924               5              
        3.46985               0              
        3.47046               1              
        3.47107               2              
        3.47168               5              
        3.47229               1              
         3.4729               2              
        3.47351               4              
        3.47412               1              
        3.47473               1              
        3.47534               2              
        3.47595               0              
        3.47656               2              
        3.47717               2              
        3.47778               2              
        3.47839               2              
          3.479               2              
        3.47961               4              
        3.48022               1              
        3.48083               0              
        3.48145               0              
        3.48206               1              
        3.48267               5              
        3.48328               1              
        3.48389               2              
         3.4845               3              
        3.48511               1              
        3.48572               3              
        3.48633               1              
        3.48694               1              
        3.48755               3              
        3.48816               1              
        3.48877               1              
        3.48938               1              
        3.48999               4              
         3.4906               4              
        3.49121               2              
        3.49182               4              
        3.49243               3              
        3.49304               0              
        3.49365               3              
        3.49426               0              
        3.49487               0              
        3.49548               2              
        3.49609               3              
         3.4967               4              
        3.49731               2              
        3.49792               5              
        3.49854               1              
        3.49915               2              
        3.49976               1              
        3.50037               2              
        3.50098               0              
        3.50159               3              
         3.5022               0              
        3.50281               0              
        3.50342               2              
        3.50403               0              
        3.50464               1              
        3.50525               2              
        3.50586               3              
        3.50647               0              
        3.50708               2              
        3.50769               1              
         3.5083               1              
        3.50891               2              
        3.50952               3              
        3.51013               2              
        3.51074               0              
        3.51135               1              
        3.51196               1              
        3.51257               4              
        3.51318               1              
        3.51379               2              
         3.5144               2              
        3.51501               2              
        3.51562               2              
        3.51624               4              
        3.51685               2              
        3.51746               3              
        3.51807               3              
        3.51868               1              
        3.51929               2              
         3.5199               0              
        3.52051               3              
        3.52112               3              
        3.52173               1              
        3.52234               0              
        3.52295               1              
        3.52356               3              
        3.52417               2              
        3.52478               1              
        3.52539               1              
          3.526               0              
        3.52661               1              
        3.52722               1              
        3.52783               1              
        3.52844               0              
        3.52905               3              
        3.52966               3              
        3.53027               4              
        3.53088               4              
        3.53149               2              
         3.5321               0              
        3.53271               1              
        3.53333               1              
        3.53394               0              
        3.53455               2              
        3.53516               1              
        3.53577               1              
        3.53638               3              
        3.53699               3              
         3.5376               2              
        3.53821               3              
        3.53882               2              
        3.53943               2              
        3.54004               4              
        3.54065               2              
        3.54126               1              
        3.54187               0              
        3.54248               2              
        3.54309               5              
         3.5437               3              
        3.54431               2              
        3.54492               4              
        3.54553               4              
        3.54614               1              
        3.54675               4              
        3.54736               1              
        3.54797               1              
        3.54858               1              
        3.54919               2              
         3.5498               3              
        3.55042               2              
        3.55103               4              
        3.55164               2              
        3.55225               4              
        3.55286               0              
        3.55347               1              
        3.55408               2              
        3.55469               2              
         3.5553               2              
        3.55591               1              
        3.55652               3              
        3.55713               3              
        3.55774               1              
        3.55835               1              
        3.55896               5              
        3.55957               2              
        3.56018               3              
        3.56079               5              
         3.5614               2              
        3.56201               3              
        3.56262               0              
        3.56323               2              
        3.56384               0              
        3.56445               4              
        3.56506               2              
        3.56567               2              
        3.56628               3              
        3.56689               1              
         3.5675               1              
        3.56812               3              
        3.56873               3              
        3.56934               2              
        3.56995               3              
        3.57056               1              
        3.57117               1              
        3.57178               0              
        3.57239               4              
          3.573               3              
        3.57361               3              
        3.57422               5              
        3.57483               3              
        3.57544               2              
        3.57605               2              
        3.57666               0              
        3.57727               3              
        3.57788               1              
        3.57849               0              
         3.5791               1              
        3.57971               1              
        3.58032               1              
        3.58093               0              
        3.58154               1              
        3.58215               3              
        3.58276               4              
        3.58337               7              
        3.58398               2              
        3.58459               0              
        3.58521               2              
        3.58582               2              
        3.58643               2              
        3.58704               1              
        3.58765               2              
        3.58826               3              
        3.58887               0              
        3.58948               3              
        3.59009               4              
         3.5907               3              
        3.59131               2              
        3.59192               3              
        3.59253               1              
        3.59314               2              
        3.59375               2              
        3.59436               1              
        3.59497               3              
        3.59558               1              
        3.59619               0              
         3.5968               2              
        3.59741               1              
        3.59802               4              
        3.59863               1              
        3.59924               2              
        3.59985               1              
        3.60046               2              
        3.60107               1              
        3.60168               1              
        3.60229               4              
        3.60291               2              
        3.60352               0              
        3.60413               3              
        3.60474               4              
        3.60535               1              
        3.60596               3              
        3.60657               0              
        3.60718               1              
        3.60779               1              
         3.6084               2              
        3.60901               0              
        3.60962               1              
        3.61023               2              
        3.61084               4              
        3.61145               1              
        3.61206               0              
        3.61267               4              
        3.61328               2              
        3.61389               2              
         3.6145               0              
        3.61511               0              
        3.61572               2              
        3.61633               1              
        3.61694               4              
        3.61755               3              
        3.61816               2              
        3.61877               4              
        3.61938               0              
           3.62               2              
        3.62061               0              
        3.62122               3              
        3.62183               4              
        3.62244               0              
        3.62305               0              
        3.62366               1              
        3.62427               3              
        3.62488               4              
        3.62549               1              
         3.6261               2              
        3.62671               5              
        3.62732               2              
        3.62793               1              
        3.62854               2              
        3.62915               3              
        3.62976               3              
        3.63037               2              
        3.63098               1              
        3.63159               0              
         3.6322               4              
        3.63281               2              
        3.63342               2              
        3.63403               1              
        3.63464               1              
        3.63525               2              
        3.63586               3              
        3.63647               0              
        3.63708               1              
         3.6377               3              
        3.63831               1              
        3.63892               1              
        3.63953               4              
        3.64014               1              
        3.64075               2              
        3.64136               0              
        3.64197               0              
        3.64258               0              
        3.64319               0              
         3.6438               2              
        3.64441               2              
        3.64502               4              
        3.64563               1              
        3.64624               5              
        3.64685               1              
        3.64746               0              
        3.64807               1              
        3.64868               1              
        3.64929               2              
         3.6499               2              
        3.65051               2              
        3.65112               4              
        3.65173               2              
        3.65234               2              
        3.65295               3              
        3.65356               3              
        3.65417               1              
        3.65479               2              
         3.6554               0              
        3.65601               3              
        3.65662               3              
        3.65723               1              
        3.65784               4              
        3.65845               2              
        3.65906               2              
        3.65967               3              
        3.66028               2              
        3.66089               4              
         3.6615               4              
        3.66211               0              
        3.66272               0              
        3.66333               2              
        3.66394               2              
        3.66455               3              
        3.66516               2              
        3.66577               1              
        3.66638               3              
        3.66699               2              
         3.6676               4              
        3.66821               1              
        3.66882               2              
        3.66943               0              
        3.67004               0              
        3.67065               0              
        3.67126               0              
        3.67188               4              
        3.67249               5              
         3.6731               2              
        3.67371               2              
        3.67432               3              
        3.67493               1              
        3.67554               2              
        3.67615               3              
        3.67676               2              
        3.67737               2              
        3.67798               2              
        3.67859               1              
         3.6792               3              
        3.67981               1              
        3.68042               3              
        3.68103               2              
        3.68164               2              
        3.68225               3              
        3.68286               0              
        3.68347               3              
        3.68408               1              
        3.68469               1              
         3.6853               1              
        3.68591               2              
        3.68652               1              
        3.68713               1              
        3.68774               0              
        3.68835               0              
        3.68896               2              
        3.68958               0              
        3.69019               1              
         3.6908               1              
        3.69141               2              
        3.69202               1              
        3.69263               0              
        3.69324               1              
        3.69385               0              
        3.69446               2              
        3.69507               2              
        3.69568               2              
        3.69629               3              
         3.6969               3              
        3.69751               4              
        3.69812               2              
        3.69873               3              
        3.69934               2              
        3.69995               1              
        3.70056               2              
        3.70117               1              
        3.70178               0              
        3.70239               2              
          3.703               0              
        3.70361               2              
        3.70422               4              
        3.70483               2              
        3.70544               1              
        3.70605               0              
        3.70667               3              
        3.70728               0              
        3.70789               1              
         3.7085               0              
        3.70911               2              
        3.70972               0              
        3.71033               1              
        3.71094               2              
        3.71155               2              
        3.71216               1              
        3.71277               2              
        3.71338               3              
        3.71399               1              
         3.7146               1              
        3.71521               1              
        3.71582               2              
        3.71643               0              
        3.71704               1              
        3.71765               1              
        3.71826               2              
        3.71887               2              
        3.71948               1              
        3.72009               1              
         3.7207               1              
        3.72131               2              
        3.72192               1              
        3.72253               4              
        3.72314               2              
        3.72375               1              
        3.72437               3              
        3.72498               1              
        3.72559               1              
         3.7262               0              
        3.72681               0              
        3.72742               4              
        3.72803               2              
        3.72864               4              
        3.72925               1              
        3.72986               3              
        3.73047               2              
        3.73108               0              
        3.73169               2              
         3.7323               1              
        3.73291               0              
        3.73352               5              
        3.73413               2              
        3.73474               1              
        3.73535               3              
        3.73596               2              
        3.73657               2              
        3.73718               1              
        3.73779               4              
         3.7384               2              
        3.73901               1              
        3.73962               2              
        3.74023               2              
        3.74084               0              
        3.74146               2              
        3.74207               1              
        3.74268               5              
        3.74329               2              
         3.7439               2              
        3.74451               2              
        3.74512               1              
        3.74573               1              
        3.74634               4              
        3.74695               1              
        3.74756               0              
        3.74817               2              
        3.74878               2              
        3.74939               2              
           3.75               0              
        3.75061               0              
        3.75122               3              
        3.75183               1              
        3.75244               1              
        3.75305               3              
        3.75366               0              
        3.75427               3              
        3.75488               3              
        3.75549               1              
         3.7561               3              
        3.75671               2              
        3.75732               0              
        3.75793               0              
        3.75854               6              
        3.75916               1              
        3.75977               1              
        3.76038               2              
        3.76099               1              
         3.7616               3              
        3.76221               0              
        3.76282               2              
        3.76343               3              
        3.76404               0              
        3.76465               1              
        3.76526               1              
        3.76587               4              
        3.76648               1              
        3.76709               2              
         3.7677               5              
        3.76831               1              
        3.76892               0              
        3.76953               1              
        3.77014               1              
        3.77075               1              
        3.77136               1              
        3.77197               0              
        3.77258               3              
        3.77319               2              
         3.7738               3              
        3.77441               3              
        3.77502               2              
        3.77563               3              
        3.77625               0              
        3.77686               2              
        3.77747               0              
        3.77808               1              
        3.77869               2              
         3.7793               2              
        3.77991               3              
        3.78052               3              
        3.78113               1              
        3.78174               2              
        3.78235               1              
        3.78296               1              
        3.78357               2              
        3.78418               0              
        3.78479               0              
         3.7854               1              
        3.78601               2              
        3.78662               5              
        3.78723               4              
        3.78784               4              
        3.78845               1              
        3.78906               0              
        3.78967               2              
        3.79028               1              
        3.79089               0              
         3.7915               3              
        3.79211               2              
        3.79272               0              
        3.79333               3              
        3.79395               1              
        3.79456               1              
        3.79517               1              
        3.79578               3              
        3.79639               1              
          3.797               2              
        3.79761               2              
        3.79822               3              
        3.79883               0              
        3.79944               1              
        3.80005               3              
        3.80066               0              
        3.80127               2              
        3.80188               2              
        3.80249               5              
         3.8031               1              
        3.80371               3              
        3.80432               3              
        3.80493               3              
        3.80554               2              
        3.80615               1              
        3.80676               3              
        3.80737               2              
        3.80798               0              
        3.80859               3              
         3.8092               2              
        3.80981               3              
        3.81042               1              
        3.81104               1              
        3.81165               1              
        3.81226               1              
        3.81287               0              
        3.81348               0              
        3.81409               1              
         3.8147               2              
        3.81531               1              
        3.81592               2              
        3.81653               0              
        3.81714               3              
        3.81775               0              
        3.81836               1              
        3.81897               3              
        3.81958               3              
        3.82019               0              
         3.8208               1              
        3.82141               3              
        3.82202               2              
        3.82263               5              
        3.82324               1              
        3.82385               2              
        3.82446               1              
        3.82507               1              
        3.82568               0              
        3.82629               3              
         3.8269               1              
        3.82751               2              
        3.82812               1              
        3.82874               1              
        3.82935               1              
        3.82996               2              
        3.83057               4              
        3.83118               1              
        3.83179               3              
         3.8324               2              
        3.83301               2              
        3.83362               2              
        3.83423               1              
        3.83484               3              
        3.83545               2              
        3.83606               0              
        3.83667               0              
        3.83728               0              
        3.83789               2              
         3.8385               0              
        3.83911               1              
        3.83972               1              
        3.84033               4              
        3.84094               2              
        3.84155               1              
        3.84216               1              
        3.84277               0              
        3.84338               1              
        3.84399               1              
         3.8446               2              
        3.84521               0              
        3.84583               3              
        3.84644               1              
        3.84705               3              
        3.84766               1              
        3.84827               2              
        3.84888               2              
        3.84949               1              
         3.8501               4              
        3.85071               2              
        3.85132               5              
        3.85193               0              
        3.85254               1              
        3.85315               4              
        3.85376               3              
        3.85437               4              
        3.85498               0              
        3.85559               2              
         3.8562               1              
        3.85681               2              
        3.85742               0              
        3.85803               0              
        3.85864               0              
        3.85925               0              
        3.85986               1              
        3.86047               2              
        3.86108               1              
        3.86169               4              
         3.8623               1              
        3.86292               2              
        3.86353               2              
        3.86414               4              
        3.86475               2              
        3.86536               2              
        3.86597               1              
        3.86658               1              
        3.86719               4              
         3.8678               4              
        3.86841               1              
        3.86902               1              
        3.86963               0              
        3.87024               2              
        3.87085               1              
        3.87146               0              
        3.87207               1              
        3.87268               1              
        3.87329               3              
         3.8739               2              
        3.87451               0              
        3.87512               3              
        3.87573               1              
        3.87634               2              
        3.87695               2              
        3.87756               1              
        3.87817               2              
        3.87878               0              
        3.87939               2              
           3.88               0              
        3.88062               1              
        3.88123               2              
        3.88184               3              
        3.88245               0              
        3.88306               1              
        3.88367               4              
        3.88428               0              
        3.88489               1              
         3.8855               1              
        3.88611               2              
        3.88672               2              
        3.88733               3              
        3.88794               4              
        3.88855               2              
        3.88916               1              
        3.88977               2              
        3.89038               0              
        3.89099               1              
         3.8916               2              
        3.89221               3              
        3.89282               2              
        3.89343               0              
        3.89404               0              
        3.89465               2              
        3.89526               3              
        3.89587               2              
        3.89648               2              
        3.89709               1              
        3.89771               0              
        3.89832               2              
        3.89893               2              
        3.89954               1              
        3.90015               7              
        3.90076               1              
        3.90137               1              
        3.90198               1              
        3.90259               3              
         3.9032               0              
        3.90381               4              
        3.90442               0              
        3.90503               1              
        3.90564               1              
        3.90625               1              
        3.90686               2              
        3.90747               1              
        3.90808               4              
        3.90869               4              
         3.9093               0              
        3.90991               5              
        3.91052               1              
        3.91113               1              
        3.91174               2              
        3.91235               1              
        3.91296               1              
        3.91357               2              
        3.91418               1              
        3.91479               1              
        3.91541               5              
        3.91602               1              
        3.91663               5              
        3.91724               2              
        3.91785               1              
        3.91846               1              
        3.91907               1              
        3.91968               3              
        3.92029               3              
         3.9209               1              
        3.92151               4              
        3.92212               0              
        3.92273               0              
        3.92334               2              
        3.92395               1              
        3.92456               0              
        3.92517               1              
        3.92578               2              
        3.92639               0              
          3.927               1              
        3.92761               4              
        3.92822               0              
        3.92883               0              
        3.92944               1              
        3.93005               2              
        3.93066               0              
        3.93127               3              
        3.93188               1              
         3.9325               3              
        3.93311               2              
        3.93372               1              
        3.93433               2              
        3.93494               1              
        3.93555               2              
        3.93616               2              
        3.93677               1              
        3.93738               0              
        3.93799               2              
         3.9386               3              
        3.93921               1              
        3.93982               2              
        3.94043               3              
        3.94104               0              
        3.94165               1              
        3.94226               1              
        3.94287               2              
        3.94348               0              
        3.94409               3              
         3.9447               2              
        3.94531               1              
        3.94592               0              
        3.94653               2              
        3.94714               0              
        3.94775               2              
        3.94836               2              
        3.94897               0              
        3.94958               1              
         3.9502               1              
        3.95081               1              
        3.95142               1              
        3.95203               0              
        3.95264               1              
        3.95325               1              
        3.95386               1              
        3.95447               0              
        3.95508               0              
        3.95569               1              
         3.9563               0              
        3.95691               3              
        3.95752               1              
        3.95813               0              
        3.95874               2              
        3.95935               3              
        3.95996               2              
        3.96057               0              
        3.96118               3              
        3.96179               0              
         3.9624               2              
        3.96301               0              
        3.96362               0              
        3.96423               1              
        3.96484               0              
        3.96545               2              
        3.96606               2              
        3.96667               2              
        3.96729               2              
         3.9679               1              
        3.96851               1              
        3.96912               2              
        3.96973               7              
        3.97034               3              
        3.97095               1              
        3.97156               0              
        3.97217               1              
        3.97278               0              
        3.97339               4              
          3.974               1              
        3.97461               3              
        3.97522               2              
        3.97583               4              
        3.97644               0              
        3.97705               1              
        3.97766               1              
        3.97827               5              
        3.97888               3              
        3.97949               0              
         3.9801               0              
        3.98071               1              
        3.98132               2              
        3.98193               0              
        3.98254               0              
        3.98315               1              
        3.98376               5              
        3.98438               3              
        3.98499               1              
         3.9856               2              
        3.98621               2              
        3.98682               2              
        3.98743               0              
        3.98804               2              
        3.98865               0              
        3.98926               1              
        3.98987               0              
        3.99048               3              
        3.99109               2              
         3.9917               3              
        3.99231               1              
        3.99292               1              
        3.99353               1              
        3.99414               2              
        3.99475               0              
        3.99536               1              
        3.99597               0              
        3.99658               1              
        3.99719               0              
         3.9978               2              
        3.99841               2              
        2.98615     6.76429e-09              
        2.99103     5.96848e-09              
        2.99592     6.76428e-09              
         3.0008     1.11412e-08              
        3.00568     9.54959e-09              
        3.01056     5.17268e-09              
        3.01545     8.35589e-09              
        3.02033     1.07433e-08              
        3.02521     1.31307e-08              
         3.0301     1.03454e-08              
        3.03498     8.35589e-09              
        3.03986     1.11412e-08              
        3.04474      1.1937e-08              
        3.04962      9.1517e-09              
         3.0545      7.5601e-09              
        3.05938      1.1937e-08              
        3.06426      9.1517e-09              
        3.06915     1.11412e-08              
        3.07403     1.03454e-08              
        3.07891     7.95798e-09              
         3.0838     1.23349e-08              
        3.08868      1.1937e-08              
        3.09356     1.07433e-08              
        3.09844     9.15169e-09              
        3.10333     8.75379e-09              
        3.10821     7.95798e-09              
        3.11309     7.16219e-09              
        3.11799     7.56008e-09              
        3.12287     6.76429e-09              
        3.12774      1.1937e-08              
        3.13262     1.15391e-08              
        3.13752     8.35589e-09              
         3.1424     7.56009e-09              
        3.14728     1.03454e-08              
        3.15217     1.15391e-08              
        3.15705      9.1517e-09              
        3.16193     7.56009e-09              
        3.16681     6.76429e-09              
         3.1717      8.3559e-09              
        3.17658     7.16219e-09              
        3.18146     8.35589e-09              
        3.18635     5.96848e-09              
        3.19123     7.16218e-09              
        3.19611     1.07433e-08              
        3.20099     7.56009e-09              
        3.20587     8.35588e-09              
        3.21075     8.75379e-09              
        3.21563     9.94749e-09              
        3.22051     7.56009e-09              
         3.2254     7.95799e-09              
        3.23028     1.11412e-08              
        3.23516     8.75379e-09              
        3.24005     7.56009e-09              
        3.24493     9.94749e-09              
        3.24981      1.1937e-08              
        3.25469     1.23349e-08              
        3.25958     1.03454e-08              
        3.26446     8.35588e-09              
        3.26934     1.07433e-08              
        3.27424     9.94749e-09              
        3.27912     8.35588e-09              
        3.28399     3.97899e-09              
        3.28887     9.15169e-09              
        3.29377     9.54959e-09              
        3.29865     4.77479e-09              
        3.30353     9.15169e-09              
        3.30842     7.16218e-09              
         3.3133     6.36638e-09              
        3.31818     9.15169e-09              
        3.32306     1.07433e-08              
        3.32795     5.57058e-09              
        3.33283     7.95798e-09              
        3.33771     9.94749e-09              
         3.3426     8.35588e-09              
        3.34748     9.54959e-09              
        3.35236     7.56009e-09              
        3.35724     7.95798e-09              
        3.36212     7.56009e-09              
          3.367     7.95798e-09              
        3.37188     9.54959e-09              
        3.37676     7.56009e-09              
        3.38165     8.75378e-09              
        3.38653     9.54959e-09              
        3.39141     6.76429e-09              
         3.3963     7.16218e-09              
        3.40118     9.94749e-09              
        3.40606     9.54959e-09              
        3.41094     9.54959e-09              
        3.41583     9.54958e-09              
        3.42071     6.36639e-09              
        3.42559     1.03454e-08              
        3.43049     1.11412e-08              
        3.43537     7.16219e-09              
        3.44024     7.56009e-09              
        3.44512      8.3559e-09              
        3.45002     9.54959e-09              
         3.4549     6.76429e-09              
        3.45978     9.15168e-09              
        3.46467     7.56008e-09              
        3.46955     6.76429e-09              
        3.47443     5.96848e-09              
        3.47931     7.16218e-09              
         3.4842     8.35588e-09              
        3.48908     7.56008e-09              
        3.49396     1.07433e-08              
        3.49885     6.76429e-09              
        3.50373     8.35588e-09              
        3.50861     1.35286e-08              
        3.51349     6.76429e-09              
        3.51837     6.36638e-09              
        3.52325      8.7538e-09              
        3.52813      9.1517e-09              
        3.53301     8.35589e-09              
         3.5379     9.54959e-09              
        3.54278     8.75379e-09              
        3.54766     1.07433e-08              
        3.55255     6.76429e-09              
        3.55743     1.15391e-08              
        3.56231     7.56008e-09              
        3.56719     6.36638e-09              
        3.57208     1.07433e-08              
        3.57696     7.95799e-09              
        3.58184     8.75379e-09              
        3.58674     4.77479e-09              
        3.59162      9.9475e-09              
        3.59649     8.35589e-09              
        3.60137     6.76428e-09              
        3.60627     7.95799e-09              
        3.61115     9.15169e-09              
        3.61603     8.35589e-09              
        3.62092     5.57058e-09              
         3.6258     5.96848e-09              
        3.63068     6.36639e-09              
        3.63556     5.17269e-09              
        3.64045     7.56009e-09              
        3.64533     1.11412e-08              
        3.65021     6.36639e-09              
         3.6551     7.95798e-09              
        3.65998     1.03454e-08              
        3.66486     9.15169e-09              
        3.66974     8.35589e-09              
        3.67462     9.15169e-09              
         3.6795     7.95799e-09              
        3.68438     5.96848e-09              
        3.68926     1.11412e-08              
        3.69415     8.35589e-09              
        3.69903     6.36638e-09              
        3.70391      9.9475e-09              
         3.7088     9.15169e-09              
        3.71368     6.76429e-09              
        3.71856     8.75379e-09              
        3.72344     6.36639e-09              
        3.72833     8.75378e-09              
        3.73321     6.36639e-09              
        3.73809     4.37689e-09              
        3.74299     5.96848e-09              
        3.74787     7.56008e-09              
        3.75274      8.3559e-09              
        3.75762     6.76429e-09              
        3.76252     6.36639e-09              
         3.7674      8.3559e-09              
        3.77228     7.56009e-09              
        3.77717     8.75379e-09              
        3.78205     7.95798e-09              
        3.78693     6.36638e-09              
        3.79181     8.35589e-09              
         3.7967     7.95798e-09              
        3.80158     5.96848e-09              
        3.80646     6.76428e-09              
        3.81135     1.07433e-08              
        3.81623      8.3559e-09              
        3.82111     5.17268e-09              
        3.82599     6.76429e-09              
        3.83087     7.16218e-09              
        3.83575     7.56009e-09              
        3.84063     8.75379e-09              
        3.84551     1.11412e-08              
         3.8504     5.96848e-09              
        3.85528     7.95798e-09              
        3.86016     7.56009e-09              
        3.86505     7.95799e-09              
        3.86993     5.96848e-09              
        3.87481     7.56009e-09              
        3.87969     5.57058e-09              
        3.88458     7.16218e-09              
        3.88946     7.95799e-09              
        3.89434     4.77479e-09              
        3.89924     6.76429e-09              
        3.90412     6.76428e-09              
        3.90899     8.75378e-09              
        3.91387     7.16218e-09              
        3.91877     6.76429e-09              
        3.92365     1.07433e-08              
        3.92853     5.96848e-09              
        3.93342     5.57059e-09              
         3.9383     7.16219e-09              
        3.94318     7.95799e-09              
        3.94806     5.96848e-09              
        3.95295     5.17269e-09              
        3.95783     8.35589e-09              
        3.96271     1.15391e-08              
         3.9676     8.35588e-09              
        3.97248     3.18319e-09              
        3.97736     7.16219e-09              
