        6.99829               0              
         6.9989               0              
        6.99951               1              
        7.00012               0              
        7.00073               2              
        7.00134               0              
        7.00195               1              
        7.00256               2              
        7.00317               2              
        7.00378               3              
        7.00439               1              
          7.005               0              
        7.00562               3              
        7.00623               2              
        7.00684               2              
        7.00745               1              
        7.00806               0              
        7.00867               0              
        7.00928               1              
        7.00989               0              
         7.0105               2              
        7.01111               1              
        7.01172               1              
        7.01233               2              
        7.01294               1              
        7.01355               4              
        7.01416               2              
        7.01477               2              
        7.01538               1              
        7.01599               0              
         7.0166               0              
        7.01721               3              
        7.01782               1              
        7.01843               1              
        7.01904               0              
        7.01965               0              
        7.02026               1              
        7.02087               1              
        7.02148               0              
        7.02209               0              
        7.02271               1              
        7.02332               0              
        7.02393               2              
        7.02454               0              
        7.02515               2              
        7.02576               1              
        7.02637               1              
        7.02698               0              
        7.02759               0              
         7.0282               0              
        7.02881               1              
        7.02942               0              
        7.03003               0              
        7.03064               0              
        7.03125               0              
        7.03186               2              
        7.03247               3              
        7.03308               0              
        7.03369               0              
         7.0343               1              
        7.03491               2              
        7.03552               2              
        7.03613               1              
        7.03674               0              
        7.03735               2              
        7.03796               1              
        7.03857               3              
        7.03918               1              
        7.03979               0              
        7.04041               5              
        7.04102               0              
        7.04163               0              
        7.04224               2              
        7.04285               0              
        7.04346               0              
        7.04407               2              
        7.04468               5              
        7.04529               0              
         7.0459               1              
        7.04651               0              
        7.04712               4              
        7.04773               1              
        7.04834               1              
        7.04895               1              
        7.04956               3              
        7.05017               1              
        7.05078               2              
        7.05139               0              
          7.052               1              
        7.05261               0              
        7.05322               0              
        7.05383               2              
        7.05444               2              
        7.05505               1              
        7.05566               0              
        7.05627               1              
        7.05688               0              
         7.0575               1              
        7.05811               1              
        7.05872               2              
        7.05933               1              
        7.05994               0              
        7.06055               3              
        7.06116               0              
        7.06177               2              
        7.06238               0              
        7.06299               2              
         7.0636               0              
        7.06421               0              
        7.06482               1              
        7.06543               1              
        7.06604               3              
        7.06665               0              
        7.06726               1              
        7.06787               3              
        7.06848               0              
        7.06909               0              
         7.0697               1              
        7.07031               1              
        7.07092               0              
        7.07153               0              
        7.07214               1              
        7.07275               0              
        7.07336               2              
        7.07397               1              
        7.07458               3              
         7.0752               1              
        7.07581               0              
        7.07642               2              
        7.07703               1              
        7.07764               0              
        7.07825               0              
        7.07886               1              
        7.07947               1              
        7.08008               2              
        7.08069               0              
         7.0813               1              
        7.08191               3              
        7.08252               1              
        7.08313               1              
        7.08374               1              
        7.08435               3              
        7.08496               0              
        7.08557               2              
        7.08618               0              
        7.08679               0              
         7.0874               2              
        7.08801               2              
        7.08862               5              
        7.08923               0              
        7.08984               0              
        7.09045               0              
        7.09106               1              
        7.09167               1              
        7.09229               1              
         7.0929               0              
        7.09351               0              
        7.09412               1              
        7.09473               0              
        7.09534               1              
        7.09595               0              
        7.09656               1              
        7.09717               2              
        7.09778               1              
        7.09839               2              
          7.099               1              
        7.09961               1              
        7.10022               0              
        7.10083               0              
        7.10144               0              
        7.10205               0              
        7.10266               0              
        7.10327               1              
        7.10388               2              
        7.10449               1              
         7.1051               1              
        7.10571               1              
        7.10632               0              
        7.10693               0              
        7.10754               1              
        7.10815               2              
        7.10876               0              
        7.10938               2              
        7.10999               0              
         7.1106               2              
        7.11121               3              
        7.11182               0              
        7.11243               1              
        7.11304               1              
        7.11365               3              
        7.11426               2              
        7.11487               2              
        7.11548               1              
        7.11609               1              
         7.1167               1              
        7.11731               1              
        7.11792               2              
        7.11853               0              
        7.11914               1              
        7.11975               2              
        7.12036               2              
        7.12097               0              
        7.12158               1              
        7.12219               0              
         7.1228               1              
        7.12341               1              
        7.12402               1              
        7.12463               1              
        7.12524               1              
        7.12585               3              
        7.12646               0              
        7.12708               1              
        7.12769               0              
         7.1283               0              
        7.12891               0              
        7.12952               1              
        7.13013               2              
        7.13074               1              
        7.13135               1              
        7.13196               2              
        7.13257               2              
        7.13318               0              
        7.13379               0              
         7.1344               0              
        7.13501               1              
        7.13562               1              
        7.13623               2              
        7.13684               2              
        7.13745               0              
        7.13806               1              
        7.13867               2              
        7.13928               0              
        7.13989               2              
         7.1405               2              
        7.14111               1              
        7.14172               3              
        7.14233               3              
        7.14294               0              
        7.14355               1              
        7.14417               0              
        7.14478               0              
        7.14539               1              
          7.146               2              
        7.14661               4              
        7.14722               0              
        7.14783               1              
        7.14844               2              
        7.14905               2              
        7.14966               2              
        7.15027               2              
        7.15088               1              
        7.15149               0              
         7.1521               0              
        7.15271               3              
        7.15332               1              
        7.15393               1              
        7.15454               0              
        7.15515               1              
        7.15576               1              
        7.15637               2              
        7.15698               1              
        7.15759               1              
         7.1582               0              
        7.15881               0              
        7.15942               0              
        7.16003               1              
        7.16064               1              
        7.16125               2              
        7.16187               0              
        7.16248               3              
        7.16309               0              
         7.1637               0              
        7.16431               1              
        7.16492               0              
        7.16553               2              
        7.16614               0              
        7.16675               3              
        7.16736               1              
        7.16797               0              
        7.16858               3              
        7.16919               3              
         7.1698               0              
        7.17041               0              
        7.17102               0              
        7.17163               0              
        7.17224               0              
        7.17285               1              
        7.17346               3              
        7.17407               2              
        7.17468               2              
        7.17529               0              
         7.1759               0              
        7.17651               1              
        7.17712               0              
        7.17773               3              
        7.17834               3              
        7.17896               3              
        7.17957               1              
        7.18018               2              
        7.18079               0              
         7.1814               1              
        7.18201               2              
        7.18262               0              
        7.18323               0              
        7.18384               1              
        7.18445               1              
        7.18506               1              
        7.18567               0              
        7.18628               0              
        7.18689               1              
         7.1875               2              
        7.18811               0              
        7.18872               2              
        7.18933               0              
        7.18994               0              
        7.19055               2              
        7.19116               1              
        7.19177               0              
        7.19238               2              
        7.19299               0              
         7.1936               1              
        7.19421               1              
        7.19482               0              
        7.19543               1              
        7.19604               0              
        7.19666               1              
        7.19727               1              
        7.19788               0              
        7.19849               4              
         7.1991               1              
        7.19971               1              
        7.20032               0              
        7.20093               3              
        7.20154               0              
        7.20215               1              
        7.20276               0              
        7.20337               0              
        7.20398               1              
        7.20459               1              
         7.2052               1              
        7.20581               1              
        7.20642               0              
        7.20703               1              
        7.20764               1              
        7.20825               1              
        7.20886               3              
        7.20947               1              
        7.21008               0              
        7.21069               2              
         7.2113               3              
        7.21191               3              
        7.21252               0              
        7.21313               1              
        7.21375               2              
        7.21436               1              
        7.21497               0              
        7.21558               1              
        7.21619               0              
         7.2168               0              
        7.21741               1              
        7.21802               2              
        7.21863               2              
        7.21924               2              
        7.21985               0              
        7.22046               0              
        7.22107               1              
        7.22168               2              
        7.22229               1              
         7.2229               2              
        7.22351               1              
        7.22412               0              
        7.22473               1              
        7.22534               0              
        7.22595               1              
        7.22656               2              
        7.22717               3              
        7.22778               0              
        7.22839               1              
          7.229               3              
        7.22961               0              
        7.23022               1              
        7.23083               1              
        7.23145               2              
        7.23206               2              
        7.23267               1              
        7.23328               0              
        7.23389               2              
         7.2345               0              
        7.23511               0              
        7.23572               1              
        7.23633               0              
        7.23694               1              
        7.23755               1              
        7.23816               1              
        7.23877               0              
        7.23938               1              
        7.23999               1              
         7.2406               0              
        7.24121               0              
        7.24182               3              
        7.24243               1              
        7.24304               1              
        7.24365               0              
        7.24426               2              
        7.24487               1              
        7.24548               2              
        7.24609               0              
         7.2467               2              
        7.24731               1              
        7.24792               0              
        7.24854               1              
        7.24915               2              
        7.24976               0              
        7.25037               2              
        7.25098               2              
        7.25159               1              
         7.2522               1              
        7.25281               3              
        7.25342               3              
        7.25403               2              
        7.25464               0              
        7.25525               1              
        7.25586               2              
        7.25647               2              
        7.25708               2              
        7.25769               1              
         7.2583               0              
        7.25891               0              
        7.25952               1              
        7.26013               0              
        7.26074               0              
        7.26135               5              
        7.26196               0              
        7.26257               0              
        7.26318               2              
        7.26379               2              
         7.2644               3              
        7.26501               1              
        7.26562               3              
        7.26624               0              
        7.26685               0              
        7.26746               1              
        7.26807               0              
        7.26868               0              
        7.26929               3              
         7.2699               1              
        7.27051               1              
        7.27112               0              
        7.27173               0              
        7.27234               1              
        7.27295               1              
        7.27356               1              
        7.27417               1              
        7.27478               1              
        7.27539               1              
          7.276               3              
        7.27661               4              
        7.27722               0              
        7.27783               2              
        7.27844               2              
        7.27905               1              
        7.27966               1              
        7.28027               0              
        7.28088               1              
        7.28149               0              
         7.2821               1              
        7.28271               2              
        7.28333               0              
        7.28394               1              
        7.28455               1              
        7.28516               0              
        7.28577               2              
        7.28638               1              
        7.28699               0              
         7.2876               0              
        7.28821               1              
        7.28882               0              
        7.28943               0              
        7.29004               0              
        7.29065               1              
        7.29126               2              
        7.29187               0              
        7.29248               0              
        7.29309               3              
         7.2937               3              
        7.29431               1              
        7.29492               0              
        7.29553               0              
        7.29614               2              
        7.29675               1              
        7.29736               0              
        7.29797               0              
        7.29858               1              
        7.29919               0              
         7.2998               1              
        7.30042               1              
        7.30103               0              
        7.30164               1              
        7.30225               0              
        7.30286               1              
        7.30347               0              
        7.30408               2              
        7.30469               1              
         7.3053               0              
        7.30591               1              
        7.30652               1              
        7.30713               2              
        7.30774               4              
        7.30835               1              
        7.30896               0              
        7.30957               1              
        7.31018               1              
        7.31079               0              
         7.3114               0              
        7.31201               0              
        7.31262               0              
        7.31323               6              
        7.31384               2              
        7.31445               0              
        7.31506               0              
        7.31567               0              
        7.31628               1              
        7.31689               1              
         7.3175               2              
        7.31812               1              
        7.31873               1              
        7.31934               3              
        7.31995               3              
        7.32056               0              
        7.32117               0              
        7.32178               1              
        7.32239               1              
          7.323               1              
        7.32361               2              
        7.32422               1              
        7.32483               2              
        7.32544               1              
        7.32605               3              
        7.32666               1              
        7.32727               1              
        7.32788               1              
        7.32849               1              
         7.3291               0              
        7.32971               1              
        7.33032               3              
        7.33093               0              
        7.33154               1              
        7.33215               0              
        7.33276               1              
        7.33337               0              
        7.33398               1              
        7.33459               1              
        7.33521               0              
        7.33582               1              
        7.33643               0              
        7.33704               0              
        7.33765               3              
        7.33826               0              
        7.33887               0              
        7.33948               0              
        7.34009               1              
         7.3407               3              
        7.34131               1              
        7.34192               1              
        7.34253               0              
        7.34314               1              
        7.34375               4              
        7.34436               1              
        7.34497               1              
        7.34558               0              
        7.34619               2              
         7.3468               0              
        7.34741               0              
        7.34802               0              
        7.34863               0              
        7.34924               0              
        7.34985               0              
        7.35046               0              
        7.35107               2              
        7.35168               5              
        7.35229               1              
        7.35291               0              
        7.35352               0              
        7.35413               0              
        7.35474               1              
        7.35535               1              
        7.35596               1              
        7.35657               1              
        7.35718               1              
        7.35779               1              
         7.3584               0              
        7.35901               0              
        7.35962               1              
        7.36023               2              
        7.36084               1              
        7.36145               0              
        7.36206               1              
        7.36267               1              
        7.36328               0              
        7.36389               2              
         7.3645               1              
        7.36511               1              
        7.36572               2              
        7.36633               0              
        7.36694               2              
        7.36755               1              
        7.36816               2              
        7.36877               0              
        7.36938               1              
           7.37               1              
        7.37061               2              
        7.37122               0              
        7.37183               0              
        7.37244               0              
        7.37305               3              
        7.37366               2              
        7.37427               0              
        7.37488               0              
        7.37549               1              
         7.3761               0              
        7.37671               2              
        7.37732               3              
        7.37793               2              
        7.37854               0              
        7.37915               1              
        7.37976               1              
        7.38037               0              
        7.38098               1              
        7.38159               2              
         7.3822               0              
        7.38281               2              
        7.38342               1              
        7.38403               1              
        7.38464               0              
        7.38525               1              
        7.38586               0              
        7.38647               1              
        7.38708               4              
         7.3877               1              
        7.38831               1              
        7.38892               1              
        7.38953               1              
        7.39014               0              
        7.39075               1              
        7.39136               1              
        7.39197               1              
        7.39258               0              
        7.39319               4              
         7.3938               1              
        7.39441               1              
        7.39502               1              
        7.39563               1              
        7.39624               0              
        7.39685               2              
        7.39746               0              
        7.39807               0              
        7.39868               1              
        7.39929               2              
         7.3999               2              
        7.40051               2              
        7.40112               0              
        7.40173               0              
        7.40234               1              
        7.40295               2              
        7.40356               1              
        7.40417               1              
        7.40479               1              
         7.4054               3              
        7.40601               1              
        7.40662               2              
        7.40723               1              
        7.40784               1              
        7.40845               0              
        7.40906               1              
        7.40967               3              
        7.41028               4              
        7.41089               1              
         7.4115               0              
        7.41211               0              
        7.41272               0              
        7.41333               1              
        7.41394               5              
        7.41455               2              
        7.41516               4              
        7.41577               4              
        7.41638               2              
        7.41699               0              
         7.4176               0              
        7.41821               0              
        7.41882               0              
        7.41943               0              
        7.42004               2              
        7.42065               0              
        7.42126               0              
        7.42188               0              
        7.42249               0              
         7.4231               1              
        7.42371               2              
        7.42432               1              
        7.42493               0              
        7.42554               1              
        7.42615               0              
        7.42676               1              
        7.42737               1              
        7.42798               2              
        7.42859               4              
         7.4292               1              
        7.42981               0              
        7.43042               2              
        7.43103               1              
        7.43164               0              
        7.43225               1              
        7.43286               0              
        7.43347               0              
        7.43408               1              
        7.43469               0              
         7.4353               3              
        7.43591               0              
        7.43652               3              
        7.43713               3              
        7.43774               1              
        7.43835               2              
        7.43896               0              
        7.43958               1              
        7.44019               3              
         7.4408               1              
        7.44141               1              
        7.44202               3              
        7.44263               1              
        7.44324               1              
        7.44385               1              
        7.44446               3              
        7.44507               0              
        7.44568               1              
        7.44629               0              
         7.4469               1              
        7.44751               1              
        7.44812               2              
        7.44873               2              
        7.44934               2              
        7.44995               2              
        7.45056               1              
        7.45117               0              
        7.45178               0              
        7.45239               1              
          7.453               1              
        7.45361               0              
        7.45422               1              
        7.45483               1              
        7.45544               3              
        7.45605               1              
        7.45667               0              
        7.45728               1              
        7.45789               1              
         7.4585               3              
        7.45911               2              
        7.45972               0              
        7.46033               1              
        7.46094               1              
        7.46155               0              
        7.46216               0              
        7.46277               1              
        7.46338               0              
        7.46399               0              
         7.4646               0              
        7.46521               1              
        7.46582               0              
        7.46643               2              
        7.46704               0              
        7.46765               2              
        7.46826               2              
        7.46887               0              
        7.46948               2              
        7.47009               1              
         7.4707               0              
        7.47131               3              
        7.47192               1              
        7.47253               0              
        7.47314               1              
        7.47375               1              
        7.47437               1              
        7.47498               0              
        7.47559               1              
         7.4762               1              
        7.47681               0              
        7.47742               1              
        7.47803               0              
        7.47864               2              
        7.47925               1              
        7.47986               1              
        7.48047               2              
        7.48108               0              
        7.48169               1              
         7.4823               0              
        7.48291               1              
        7.48352               0              
        7.48413               1              
        7.48474               1              
        7.48535               0              
        7.48596               1              
        7.48657               0              
        7.48718               3              
        7.48779               0              
         7.4884               1              
        7.48901               1              
        7.48962               0              
        7.49023               0              
        7.49084               1              
        7.49146               0              
        7.49207               0              
        7.49268               4              
        7.49329               0              
         7.4939               1              
        7.49451               0              
        7.49512               0              
        7.49573               2              
        7.49634               2              
        7.49695               2              
        7.49756               3              
        7.49817               0              
        7.49878               1              
        7.49939               0              
            7.5               1              
        7.50061               1              
        7.50122               1              
        7.50183               1              
        7.50244               1              
        7.50305               0              
        7.50366               0              
        7.50427               0              
        7.50488               0              
        7.50549               1              
         7.5061               2              
        7.50671               0              
        7.50732               0              
        7.50793               0              
        7.50854               1              
        7.50916               1              
        7.50977               2              
        7.51038               0              
        7.51099               2              
         7.5116               2              
        7.51221               1              
        7.51282               1              
        7.51343               2              
        7.51404               1              
        7.51465               0              
        7.51526               0              
        7.51587               1              
        7.51648               0              
        7.51709               0              
         7.5177               0              
        7.51831               0              
        7.51892               0              
        7.51953               0              
        7.52014               2              
        7.52075               1              
        7.52136               1              
        7.52197               0              
        7.52258               2              
        7.52319               2              
         7.5238               2              
        7.52441               2              
        7.52502               0              
        7.52563               3              
        7.52625               0              
        7.52686               0              
        7.52747               0              
        7.52808               0              
        7.52869               0              
         7.5293               2              
        7.52991               2              
        7.53052               1              
        7.53113               2              
        7.53174               1              
        7.53235               0              
        7.53296               0              
        7.53357               1              
        7.53418               0              
        7.53479               1              
         7.5354               1              
        7.53601               2              
        7.53662               0              
        7.53723               0              
        7.53784               1              
        7.53845               3              
        7.53906               0              
        7.53967               0              
        7.54028               0              
        7.54089               0              
         7.5415               2              
        7.54211               0              
        7.54272               2              
        7.54333               1              
        7.54395               1              
        7.54456               1              
        7.54517               1              
        7.54578               1              
        7.54639               1              
          7.547               1              
        7.54761               0              
        7.54822               1              
        7.54883               0              
        7.54944               0              
        7.55005               1              
        7.55066               0              
        7.55127               3              
        7.55188               0              
        7.55249               1              
         7.5531               1              
        7.55371               1              
        7.55432               1              
        7.55493               0              
        7.55554               0              
        7.55615               0              
        7.55676               0              
        7.55737               2              
        7.55798               0              
        7.55859               0              
         7.5592               1              
        7.55981               1              
        7.56042               0              
        7.56104               2              
        7.56165               0              
        7.56226               1              
        7.56287               1              
        7.56348               1              
        7.56409               1              
         7.5647               1              
        7.56531               2              
        7.56592               0              
        7.56653               1              
        7.56714               3              
        7.56775               1              
        7.56836               1              
        7.56897               2              
        7.56958               2              
        7.57019               0              
         7.5708               0              
        7.57141               3              
        7.57202               0              
        7.57263               0              
        7.57324               1              
        7.57385               2              
        7.57446               2              
        7.57507               1              
        7.57568               0              
        7.57629               1              
         7.5769               2              
        7.57751               2              
        7.57812               2              
        7.57874               3              
        7.57935               2              
        7.57996               0              
        7.58057               0              
        7.58118               1              
        7.58179               0              
         7.5824               0              
        7.58301               0              
        7.58362               3              
        7.58423               0              
        7.58484               1              
        7.58545               3              
        7.58606               0              
        7.58667               1              
        7.58728               2              
        7.58789               1              
         7.5885               0              
        7.58911               2              
        7.58972               0              
        7.59033               1              
        7.59094               1              
        7.59155               0              
        7.59216               0              
        7.59277               0              
        7.59338               2              
        7.59399               1              
         7.5946               1              
        7.59521               2              
        7.59583               1              
        7.59644               1              
        7.59705               3              
        7.59766               1              
        7.59827               2              
        7.59888               2              
        7.59949               1              
         7.6001               1              
        7.60071               2              
        7.60132               1              
        7.60193               0              
        7.60254               1              
        7.60315               1              
        7.60376               2              
        7.60437               0              
        7.60498               2              
        7.60559               0              
         7.6062               4              
        7.60681               4              
        7.60742               1              
        7.60803               0              
        7.60864               1              
        7.60925               2              
        7.60986               2              
        7.61047               3              
        7.61108               1              
        7.61169               0              
         7.6123               3              
        7.61292               0              
        7.61353               1              
        7.61414               0              
        7.61475               0              
        7.61536               0              
        7.61597               1              
        7.61658               0              
        7.61719               0              
         7.6178               0              
        7.61841               1              
        7.61902               3              
        7.61963               2              
        7.62024               2              
        7.62085               1              
        7.62146               0              
        7.62207               2              
        7.62268               1              
        7.62329               1              
         7.6239               1              
        7.62451               1              
        7.62512               0              
        7.62573               1              
        7.62634               1              
        7.62695               1              
        7.62756               1              
        7.62817               1              
        7.62878               1              
        7.62939               2              
           7.63               1              
        7.63062               0              
        7.63123               2              
        7.63184               0              
        7.63245               0              
        7.63306               0              
        7.63367               1              
        7.63428               1              
        7.63489               0              
         7.6355               0              
        7.63611               1              
        7.63672               2              
        7.63733               1              
        7.63794               1              
        7.63855               0              
        7.63916               0              
        7.63977               3              
        7.64038               0              
        7.64099               0              
         7.6416               1              
        7.64221               1              
        7.64282               1              
        7.64343               1              
        7.64404               2              
        7.64465               0              
        7.64526               0              
        7.64587               1              
        7.64648               1              
        7.64709               1              
        7.64771               1              
        7.64832               2              
        7.64893               0              
        7.64954               0              
        7.65015               1              
        7.65076               2              
        7.65137               1              
        7.65198               0              
        7.65259               2              
         7.6532               0              
        7.65381               1              
        7.65442               0              
        7.65503               1              
        7.65564               1              
        7.65625               0              
        7.65686               0              
        7.65747               1              
        7.65808               1              
        7.65869               0              
         7.6593               1              
        7.65991               3              
        7.66052               1              
        7.66113               3              
        7.66174               1              
        7.66235               0              
        7.66296               3              
        7.66357               1              
        7.66418               1              
        7.66479               1              
        7.66541               1              
        7.66602               1              
        7.66663               3              
        7.66724               1              
        7.66785               0              
        7.66846               0              
        7.66907               0              
        7.66968               1              
        7.67029               1              
         7.6709               3              
        7.67151               1              
        7.67212               1              
        7.67273               0              
        7.67334               1              
        7.67395               1              
        7.67456               0              
        7.67517               1              
        7.67578               0              
        7.67639               0              
          7.677               0              
        7.67761               1              
        7.67822               3              
        7.67883               1              
        7.67944               0              
        7.68005               3              
        7.68066               2              
        7.68127               1              
        7.68188               0              
         7.6825               1              
        7.68311               0              
        7.68372               1              
        7.68433               2              
        7.68494               1              
        7.68555               1              
        7.68616               0              
        7.68677               0              
        7.68738               1              
        7.68799               1              
         7.6886               2              
        7.68921               1              
        7.68982               0              
        7.69043               0              
        7.69104               1              
        7.69165               2              
        7.69226               1              
        7.69287               1              
        7.69348               0              
        7.69409               0              
         7.6947               1              
        7.69531               3              
        7.69592               0              
        7.69653               1              
        7.69714               2              
        7.69775               0              
        7.69836               2              
        7.69897               0              
        7.69958               0              
         7.7002               1              
        7.70081               1              
        7.70142               0              
        7.70203               1              
        7.70264               2              
        7.70325               0              
        7.70386               2              
        7.70447               2              
        7.70508               0              
        7.70569               0              
         7.7063               0              
        7.70691               0              
        7.70752               2              
        7.70813               1              
        7.70874               1              
        7.70935               0              
        7.70996               1              
        7.71057               1              
        7.71118               1              
        7.71179               0              
         7.7124               0              
        7.71301               0              
        7.71362               1              
        7.71423               1              
        7.71484               0              
        7.71545               1              
        7.71606               1              
        7.71667               1              
        7.71729               1              
         7.7179               3              
        7.71851               1              
        7.71912               1              
        7.71973               3              
        7.72034               0              
        7.72095               4              
        7.72156               1              
        7.72217               1              
        7.72278               1              
        7.72339               1              
          7.724               3              
        7.72461               0              
        7.72522               0              
        7.72583               0              
        7.72644               1              
        7.72705               1              
        7.72766               0              
        7.72827               1              
        7.72888               2              
        7.72949               1              
         7.7301               0              
        7.73071               0              
        7.73132               0              
        7.73193               1              
        7.73254               1              
        7.73315               0              
        7.73376               3              
        7.73438               0              
        7.73499               1              
         7.7356               0              
        7.73621               2              
        7.73682               1              
        7.73743               0              
        7.73804               2              
        7.73865               2              
        7.73926               2              
        7.73987               2              
        7.74048               2              
        7.74109               0              
         7.7417               2              
        7.74231               0              
        7.74292               0              
        7.74353               1              
        7.74414               1              
        7.74475               1              
        7.74536               0              
        7.74597               1              
        7.74658               0              
        7.74719               0              
         7.7478               0              
        7.74841               1              
        7.74902               0              
        7.74963               2              
        7.75024               1              
        7.75085               3              
        7.75146               0              
        7.75208               3              
        7.75269               3              
         7.7533               1              
        7.75391               1              
        7.75452               0              
        7.75513               0              
        7.75574               2              
        7.75635               0              
        7.75696               1              
        7.75757               2              
        7.75818               1              
        7.75879               2              
         7.7594               0              
        7.76001               2              
        7.76062               0              
        7.76123               1              
        7.76184               1              
        7.76245               4              
        7.76306               1              
        7.76367               1              
        7.76428               3              
        7.76489               2              
         7.7655               0              
        7.76611               1              
        7.76672               1              
        7.76733               0              
        7.76794               0              
        7.76855               0              
        7.76917               0              
        7.76978               2              
        7.77039               1              
          7.771               1              
        7.77161               2              
        7.77222               0              
        7.77283               0              
        7.77344               1              
        7.77405               0              
        7.77466               0              
        7.77527               0              
        7.77588               0              
        7.77649               1              
         7.7771               3              
        7.77771               1              
        7.77832               2              
        7.77893               0              
        7.77954               0              
        7.78015               1              
        7.78076               0              
        7.78137               1              
        7.78198               1              
        7.78259               4              
         7.7832               0              
        7.78381               0              
        7.78442               0              
        7.78503               1              
        7.78564               1              
        7.78625               0              
        7.78687               2              
        7.78748               1              
        7.78809               1              
         7.7887               1              
        7.78931               0              
        7.78992               0              
        7.79053               0              
        7.79114               1              
        7.79175               1              
        7.79236               2              
        7.79297               0              
        7.79358               1              
        7.79419               1              
         7.7948               0              
        7.79541               0              
        7.79602               1              
        7.79663               2              
        7.79724               0              
        7.79785               0              
        7.79846               2              
        7.79907               1              
        7.79968               1              
        7.80029               1              
         7.8009               0              
        7.80151               1              
        7.80212               1              
        7.80273               2              
        7.80334               1              
        7.80396               0              
        7.80457               1              
        7.80518               1              
        7.80579               1              
         7.8064               1              
        7.80701               1              
        7.80762               0              
        7.80823               0              
        7.80884               4              
        7.80945               2              
        7.81006               1              
        7.81067               0              
        7.81128               1              
        7.81189               1              
         7.8125               1              
        7.81311               1              
        7.81372               0              
        7.81433               0              
        7.81494               1              
        7.81555               1              
        7.81616               2              
        7.81677               3              
        7.81738               2              
        7.81799               0              
         7.8186               0              
        7.81921               0              
        7.81982               0              
        7.82043               1              
        7.82104               0              
        7.82166               1              
        7.82227               2              
        7.82288               2              
        7.82349               0              
         7.8241               1              
        7.82471               1              
        7.82532               0              
        7.82593               2              
        7.82654               0              
        7.82715               2              
        7.82776               0              
        7.82837               0              
        7.82898               0              
        7.82959               0              
         7.8302               1              
        7.83081               0              
        7.83142               2              
        7.83203               1              
        7.83264               2              
        7.83325               2              
        7.83386               0              
        7.83447               0              
        7.83508               1              
        7.83569               3              
         7.8363               0              
        7.83691               1              
        7.83752               2              
        7.83813               1              
        7.83875               2              
        7.83936               1              
        7.83997               0              
        7.84058               0              
        7.84119               0              
         7.8418               3              
        7.84241               2              
        7.84302               1              
        7.84363               1              
        7.84424               0              
        7.84485               1              
        7.84546               2              
        7.84607               1              
        7.84668               1              
        7.84729               0              
         7.8479               1              
        7.84851               0              
        7.84912               1              
        7.84973               1              
        7.85034               0              
        7.85095               1              
        7.85156               0              
        7.85217               0              
        7.85278               2              
        7.85339               0              
          7.854               0              
        7.85461               2              
        7.85522               0              
        7.85583               0              
        7.85645               0              
        7.85706               0              
        7.85767               0              
        7.85828               1              
        7.85889               0              
         7.8595               0              
        7.86011               1              
        7.86072               2              
        7.86133               3              
        7.86194               1              
        7.86255               0              
        7.86316               1              
        7.86377               2              
        7.86438               0              
        7.86499               1              
         7.8656               1              
        7.86621               1              
        7.86682               0              
        7.86743               0              
        7.86804               1              
        7.86865               1              
        7.86926               1              
        7.86987               2              
        7.87048               0              
        7.87109               1              
         7.8717               0              
        7.87231               0              
        7.87292               2              
        7.87354               1              
        7.87415               0              
        7.87476               1              
        7.87537               1              
        7.87598               0              
        7.87659               0              
         7.8772               0              
        7.87781               1              
        7.87842               2              
        7.87903               2              
        7.87964               1              
        7.88025               1              
        7.88086               0              
        7.88147               0              
        7.88208               1              
        7.88269               0              
         7.8833               1              
        7.88391               1              
        7.88452               1              
        7.88513               1              
        7.88574               1              
        7.88635               0              
        7.88696               0              
        7.88757               1              
        7.88818               1              
        7.88879               1              
         7.8894               0              
        7.89001               1              
        7.89062               3              
        7.89124               2              
        7.89185               1              
        7.89246               2              
        7.89307               1              
        7.89368               2              
        7.89429               1              
         7.8949               0              
        7.89551               2              
        7.89612               0              
        7.89673               2              
        7.89734               0              
        7.89795               2              
        7.89856               0              
        7.89917               1              
        7.89978               0              
        7.90039               1              
          7.901               0              
        7.90161               2              
        7.90222               1              
        7.90283               0              
        7.90344               0              
        7.90405               0              
        7.90466               2              
        7.90527               2              
        7.90588               0              
        7.90649               0              
         7.9071               2              
        7.90771               1              
        7.90833               2              
        7.90894               2              
        7.90955               1              
        7.91016               1              
        7.91077               3              
        7.91138               1              
        7.91199               0              
         7.9126               0              
        7.91321               0              
        7.91382               0              
        7.91443               1              
        7.91504               1              
        7.91565               2              
        7.91626               0              
        7.91687               1              
        7.91748               1              
        7.91809               0              
         7.9187               1              
        7.91931               0              
        7.91992               2              
        7.92053               2              
        7.92114               1              
        7.92175               1              
        7.92236               2              
        7.92297               1              
        7.92358               1              
        7.92419               0              
         7.9248               3              
        7.92542               1              
        7.92603               0              
        7.92664               0              
        7.92725               2              
        7.92786               4              
        7.92847               0              
        7.92908               0              
        7.92969               0              
         7.9303               0              
        7.93091               1              
        7.93152               0              
        7.93213               1              
        7.93274               0              
        7.93335               2              
        7.93396               0              
        7.93457               2              
        7.93518               0              
        7.93579               4              
         7.9364               0              
        7.93701               2              
        7.93762               0              
        7.93823               0              
        7.93884               1              
        7.93945               2              
        7.94006               0              
        7.94067               1              
        7.94128               0              
        7.94189               1              
         7.9425               0              
        7.94312               2              
        7.94373               0              
        7.94434               1              
        7.94495               0              
        7.94556               0              
        7.94617               0              
        7.94678               0              
        7.94739               3              
          7.948               0              
        7.94861               4              
        7.94922               2              
        7.94983               1              
        7.95044               1              
        7.95105               0              
        7.95166               2              
        7.95227               2              
        7.95288               1              
        7.95349               0              
         7.9541               0              
        7.95471               1              
        7.95532               1              
        7.95593               1              
        7.95654               0              
        7.95715               0              
        7.95776               1              
        7.95837               0              
        7.95898               1              
        7.95959               0              
        7.96021               1              
        7.96082               1              
        7.96143               1              
        7.96204               2              
        7.96265               0              
        7.96326               0              
        7.96387               1              
        7.96448               0              
        7.96509               1              
         7.9657               2              
        7.96631               0              
        7.96692               0              
        7.96753               0              
        7.96814               1              
        7.96875               0              
        7.96936               1              
        7.96997               0              
        7.97058               2              
        7.97119               1              
         7.9718               0              
        7.97241               0              
        7.97302               0              
        7.97363               3              
        7.97424               1              
        7.97485               1              
        7.97546               0              
        7.97607               0              
        7.97668               1              
        7.97729               1              
        7.97791               0              
        7.97852               1              
        7.97913               0              
        7.97974               0              
        7.98035               0              
        7.98096               1              
        7.98157               0              
        7.98218               0              
        7.98279               2              
         7.9834               1              
        7.98401               0              
        7.98462               0              
        7.98523               1              
        7.98584               0              
        7.98645               2              
        7.98706               1              
        7.98767               0              
        7.98828               2              
        7.98889               0              
         7.9895               1              
        7.99011               1              
        7.99072               1              
        7.99133               0              
        7.99194               2              
        7.99255               2              
        7.99316               0              
        7.99377               0              
        7.99438               1              
          7.995               0              
        7.99561               1              
        7.99622               0              
        7.99683               0              
        7.99744               1              
        6.96929     2.78529e-09              
        6.97419       3.979e-09              
        6.97907     2.38739e-09              
        6.98395     3.97899e-09              
        6.98883     5.57059e-09              
        6.99371     3.18319e-09              
        6.99859     5.96848e-09              
        7.00347     4.37688e-09              
        7.00837     6.36638e-09              
        7.01325     3.58109e-09              
        7.01813     4.77479e-09              
        7.02302     5.96849e-09              
         7.0279     7.95798e-09              
        7.03277     4.37689e-09              
        7.03765     4.77479e-09              
        7.04254     4.37689e-09              
        7.04742     4.77479e-09              
         7.0523     5.57059e-09              
        7.05719     4.77479e-09              
        7.06208     5.17268e-09              
        7.06696     4.77478e-09              
        7.07184     3.97899e-09              
        7.07672     3.58109e-09              
         7.0816     3.58109e-09              
        7.08648     5.17268e-09              
        7.09137     5.57059e-09              
        7.09626     5.17269e-09              
        7.10114     2.78529e-09              
        7.10602     5.57058e-09              
         7.1109     3.18319e-09              
        7.11578     5.17268e-09              
        7.12066     4.37688e-09              
        7.12554     3.58109e-09              
        7.13044     5.96848e-09              
        7.13532     2.78529e-09              
         7.1402     3.97899e-09              
        7.14508      1.5916e-09              
        7.14996     5.17268e-09              
        7.15484     3.58109e-09              
        7.15972     4.37689e-09              
        7.16462     5.96848e-09              
         7.1695     3.18319e-09              
        7.17438     4.77479e-09              
        7.17927     3.97898e-09              
        7.18415     4.77478e-09              
        7.18902     7.16219e-09              
         7.1939     4.77479e-09              
        7.19879     2.78529e-09              
        7.20367     6.36638e-09              
        7.20855     3.97899e-09              
        7.21344     4.37689e-09              
        7.21833     3.18319e-09              
        7.22321     5.57058e-09              
        7.22809     5.57059e-09              
        7.23297     2.38739e-09              
        7.23785     3.97899e-09              
        7.24273     2.78529e-09              
        7.24762     4.37689e-09              
        7.25251     5.96848e-09              
        7.25739     3.18319e-09              
        7.26227     5.96848e-09              
        7.26715     4.77479e-09              
        7.27203     2.78529e-09              
        7.27691     6.76429e-09              
        7.28179     6.36639e-09              
        7.28669     3.58109e-09              
        7.29157     5.96848e-09              
        7.29645     5.96849e-09              
        7.30133     3.97899e-09              
        7.30621     6.36639e-09              
        7.31109     5.17269e-09              
        7.31597     3.18319e-09              
        7.32087     2.78529e-09              
        7.32575     3.97899e-09              
        7.33063     6.76429e-09              
        7.33552     3.18319e-09              
         7.3404     4.37689e-09              
        7.34527     2.78529e-09              
        7.35015     3.58109e-09              
        7.35504     7.16219e-09              
        7.35992     2.38739e-09              
         7.3648     5.96848e-09              
        7.36969     4.37689e-09              
        7.37458     1.98949e-09              
        7.37946     3.58109e-09              
        7.38434      3.5811e-09              
        7.38922     4.37689e-09              
         7.3941     6.76429e-09              
        7.39898     3.58109e-09              
        7.40387     4.77479e-09              
        7.40876     3.97898e-09              
        7.41364     3.18319e-09              
        7.41852     3.58109e-09              
         7.4234     4.77479e-09              
        7.42828     3.18319e-09              
        7.43316     3.58109e-09              
        7.43804     6.76429e-09              
        7.44294     4.77478e-09              
        7.44782     3.18319e-09              
         7.4527     3.18319e-09              
        7.45758     2.38739e-09              
        7.46246     3.97898e-09              
        7.46734     3.97899e-09              
        7.47222     7.16218e-09              
        7.47712     3.58109e-09              
          7.482     4.37689e-09              
        7.48688     5.17269e-09              
        7.49177     6.36639e-09              
        7.49665     4.77478e-09              
        7.50152     5.17269e-09              
         7.5064      7.5601e-09              
        7.51129     5.57058e-09              
        7.51617     5.57058e-09              
        7.52105     3.58109e-09              
        7.52594     5.96848e-09              
        7.53083     3.97899e-09              
        7.53571     4.77479e-09              
        7.54059     3.58109e-09              
        7.54547     5.96849e-09              
        7.55035     5.57058e-09              
        7.55523     2.38739e-09              
        7.56012     3.18319e-09              
        7.56501     2.78529e-09              
        7.56989      1.1937e-09              
        7.57477     1.98949e-09              
        7.57965     3.18319e-09              
        7.58453     4.37689e-09              
        7.58941     5.96848e-09              
        7.59429     6.76429e-09              
        7.59919     4.77478e-09              
        7.60407     5.57058e-09              
        7.60895     2.38739e-09              
        7.61383     2.78529e-09              
        7.61871     6.36639e-09              
        7.62359     5.96848e-09              
        7.62847     4.37688e-09              
        7.63337     2.78529e-09              
        7.63825     3.18319e-09              
        7.64313     3.18319e-09              
        7.64802     3.97899e-09              
         7.6529     4.77478e-09              
        7.65777     3.58109e-09              
        7.66265     4.37689e-09              
        7.66754     5.57058e-09              
        7.67242     3.97899e-09              
         7.6773     4.77478e-09              
        7.68219     2.78529e-09              
        7.68708     5.17269e-09              
        7.69196     3.18319e-09              
        7.69684     2.38739e-09              
        7.70172     5.17269e-09              
         7.7066     5.17269e-09              
        7.71148     4.77478e-09              
        7.71637     2.78529e-09              
        7.72126     2.78529e-09              
        7.72614     5.96848e-09              
        7.73102     2.38739e-09              
         7.7359     4.77478e-09              
        7.74078     2.38739e-09              
        7.74566      1.5916e-09              
        7.75054     5.57059e-09              
        7.75544     5.17269e-09              
        7.76032     3.58109e-09              
         7.7652     3.18319e-09              
        7.77008     3.18319e-09              
        7.77496     3.97899e-09              
        7.77984     3.18319e-09              
        7.78472     4.37689e-09              
        7.78962      3.5811e-09              
         7.7945     4.77479e-09              
        7.79938     3.97899e-09              
        7.80427     4.37689e-09              
        7.80915     3.18319e-09              
        7.81402     6.76429e-09              
         7.8189     3.18319e-09              
        7.82379     5.96848e-09              
        7.82867     2.78529e-09              
        7.83355     5.57058e-09              
        7.83844     3.58109e-09              
        7.84333     4.37688e-09              
        7.84821     5.17268e-09              
        7.85309     3.97899e-09              
        7.85797     2.78529e-09              
        7.86285     4.77479e-09              
        7.86773     3.97899e-09              
        7.87262     3.97899e-09              
        7.87751     5.17269e-09              
        7.88239     4.77479e-09              
        7.88727     3.58109e-09              
        7.89215     5.57059e-09              
        7.89703     5.57058e-09              
        7.90191     2.38739e-09              
        7.90679     3.58109e-09              
        7.91169     4.37689e-09              
        7.91657     5.17268e-09              
        7.92145     4.77479e-09              
        7.92633     3.18319e-09              
        7.93121     2.78529e-09              
        7.93609     3.58109e-09              
        7.94097     3.18319e-09              
        7.94587     3.18319e-09              
        7.95075       7.958e-10              
        7.95563      1.5916e-09              
        7.96052     3.97899e-09              
