        3.99902               4              
        3.99963               1              
        4.00024               2              
        4.00085               1              
        4.00146               2              
        4.00208               3              
        4.00269               1              
         4.0033               3              
        4.00391               0              
        4.00452               0              
        4.00513               3              
        4.00574               1              
        4.00635               1              
        4.00696               2              
        4.00757               0              
        4.00818               2              
        4.00879               1              
         4.0094               1              
        4.01001               1              
        4.01062               0              
        4.01123               1              
        4.01184               2              
        4.01245               4              
        4.01306               3              
        4.01367               1              
        4.01428               2              
        4.01489               2              
         4.0155               2              
        4.01611               2              
        4.01672               2              
        4.01733               6              
        4.01794               0              
        4.01855               1              
        4.01917               2              
        4.01978               1              
        4.02039               1              
          4.021               0              
        4.02161               1              
        4.02222               1              
        4.02283               1              
        4.02344               2              
        4.02405               2              
        4.02466               1              
        4.02527               0              
        4.02588               5              
        4.02649               5              
         4.0271               2              
        4.02771               2              
        4.02832               3              
        4.02893               3              
        4.02954               3              
        4.03015               1              
        4.03076               1              
        4.03137               1              
        4.03198               6              
        4.03259               2              
         4.0332               1              
        4.03381               1              
        4.03442               2              
        4.03503               2              
        4.03564               2              
        4.03625               1              
        4.03687               1              
        4.03748               2              
        4.03809               1              
         4.0387               3              
        4.03931               2              
        4.03992               1              
        4.04053               2              
        4.04114               0              
        4.04175               1              
        4.04236               1              
        4.04297               1              
        4.04358               0              
        4.04419               1              
         4.0448               1              
        4.04541               1              
        4.04602               0              
        4.04663               1              
        4.04724               2              
        4.04785               2              
        4.04846               3              
        4.04907               2              
        4.04968               1              
        4.05029               3              
         4.0509               2              
        4.05151               4              
        4.05212               1              
        4.05273               2              
        4.05334               2              
        4.05396               2              
        4.05457               2              
        4.05518               0              
        4.05579               0              
         4.0564               3              
        4.05701               1              
        4.05762               0              
        4.05823               1              
        4.05884               1              
        4.05945               1              
        4.06006               2              
        4.06067               1              
        4.06128               0              
        4.06189               3              
         4.0625               3              
        4.06311               5              
        4.06372               2              
        4.06433               0              
        4.06494               0              
        4.06555               2              
        4.06616               2              
        4.06677               0              
        4.06738               2              
        4.06799               1              
         4.0686               1              
        4.06921               3              
        4.06982               3              
        4.07043               4              
        4.07104               2              
        4.07166               0              
        4.07227               2              
        4.07288               5              
        4.07349               2              
         4.0741               2              
        4.07471               3              
        4.07532               3              
        4.07593               1              
        4.07654               1              
        4.07715               0              
        4.07776               3              
        4.07837               0              
        4.07898               0              
        4.07959               0              
         4.0802               4              
        4.08081               1              
        4.08142               5              
        4.08203               3              
        4.08264               1              
        4.08325               2              
        4.08386               1              
        4.08447               2              
        4.08508               2              
        4.08569               3              
         4.0863               3              
        4.08691               0              
        4.08752               3              
        4.08813               0              
        4.08875               1              
        4.08936               1              
        4.08997               2              
        4.09058               2              
        4.09119               1              
         4.0918               2              
        4.09241               1              
        4.09302               0              
        4.09363               1              
        4.09424               3              
        4.09485               1              
        4.09546               3              
        4.09607               2              
        4.09668               2              
        4.09729               0              
         4.0979               0              
        4.09851               1              
        4.09912               1              
        4.09973               0              
        4.10034               2              
        4.10095               0              
        4.10156               3              
        4.10217               1              
        4.10278               0              
        4.10339               0              
          4.104               1              
        4.10461               2              
        4.10522               4              
        4.10583               0              
        4.10645               2              
        4.10706               3              
        4.10767               3              
        4.10828               1              
        4.10889               6              
         4.1095               5              
        4.11011               3              
        4.11072               1              
        4.11133               2              
        4.11194               3              
        4.11255               2              
        4.11316               0              
        4.11377               0              
        4.11438               5              
        4.11499               2              
         4.1156               2              
        4.11621               2              
        4.11682               1              
        4.11743               0              
        4.11804               1              
        4.11865               1              
        4.11926               2              
        4.11987               1              
        4.12048               1              
        4.12109               2              
         4.1217               1              
        4.12231               3              
        4.12292               1              
        4.12354               0              
        4.12415               3              
        4.12476               1              
        4.12537               2              
        4.12598               1              
        4.12659               3              
         4.1272               3              
        4.12781               1              
        4.12842               2              
        4.12903               3              
        4.12964               2              
        4.13025               3              
        4.13086               4              
        4.13147               1              
        4.13208               4              
        4.13269               2              
         4.1333               4              
        4.13391               0              
        4.13452               1              
        4.13513               2              
        4.13574               3              
        4.13635               2              
        4.13696               2              
        4.13757               2              
        4.13818               2              
        4.13879               2              
         4.1394               3              
        4.14001               1              
        4.14062               1              
        4.14124               0              
        4.14185               1              
        4.14246               2              
        4.14307               4              
        4.14368               3              
        4.14429               2              
         4.1449               3              
        4.14551               3              
        4.14612               1              
        4.14673               1              
        4.14734               0              
        4.14795               4              
        4.14856               4              
        4.14917               4              
        4.14978               3              
        4.15039               2              
          4.151               2              
        4.15161               0              
        4.15222               0              
        4.15283               1              
        4.15344               2              
        4.15405               2              
        4.15466               4              
        4.15527               2              
        4.15588               4              
        4.15649               2              
         4.1571               1              
        4.15771               1              
        4.15833               2              
        4.15894               0              
        4.15955               4              
        4.16016               3              
        4.16077               1              
        4.16138               3              
        4.16199               4              
         4.1626               1              
        4.16321               0              
        4.16382               3              
        4.16443               0              
        4.16504               2              
        4.16565               0              
        4.16626               2              
        4.16687               1              
        4.16748               2              
        4.16809               1              
         4.1687               2              
        4.16931               2              
        4.16992               1              
        4.17053               2              
        4.17114               0              
        4.17175               1              
        4.17236               1              
        4.17297               1              
        4.17358               2              
        4.17419               1              
         4.1748               1              
        4.17542               0              
        4.17603               0              
        4.17664               1              
        4.17725               1              
        4.17786               0              
        4.17847               3              
        4.17908               4              
        4.17969               1              
         4.1803               2              
        4.18091               3              
        4.18152               0              
        4.18213               1              
        4.18274               2              
        4.18335               1              
        4.18396               0              
        4.18457               0              
        4.18518               2              
        4.18579               3              
         4.1864               0              
        4.18701               1              
        4.18762               1              
        4.18823               1              
        4.18884               1              
        4.18945               1              
        4.19006               2              
        4.19067               1              
        4.19128               2              
        4.19189               2              
         4.1925               1              
        4.19312               3              
        4.19373               4              
        4.19434               4              
        4.19495               2              
        4.19556               1              
        4.19617               3              
        4.19678               1              
        4.19739               0              
          4.198               2              
        4.19861               1              
        4.19922               0              
        4.19983               2              
        4.20044               1              
        4.20105               2              
        4.20166               3              
        4.20227               2              
        4.20288               2              
        4.20349               1              
         4.2041               0              
        4.20471               0              
        4.20532               1              
        4.20593               0              
        4.20654               1              
        4.20715               1              
        4.20776               0              
        4.20837               3              
        4.20898               2              
        4.20959               0              
        4.21021               1              
        4.21082               1              
        4.21143               0              
        4.21204               2              
        4.21265               1              
        4.21326               0              
        4.21387               1              
        4.21448               2              
        4.21509               3              
         4.2157               0              
        4.21631               1              
        4.21692               1              
        4.21753               3              
        4.21814               2              
        4.21875               2              
        4.21936               1              
        4.21997               1              
        4.22058               1              
        4.22119               2              
         4.2218               0              
        4.22241               2              
        4.22302               1              
        4.22363               1              
        4.22424               2              
        4.22485               1              
        4.22546               1              
        4.22607               2              
        4.22668               1              
        4.22729               2              
        4.22791               3              
        4.22852               2              
        4.22913               1              
        4.22974               1              
        4.23035               0              
        4.23096               2              
        4.23157               4              
        4.23218               0              
        4.23279               1              
         4.2334               0              
        4.23401               3              
        4.23462               1              
        4.23523               2              
        4.23584               1              
        4.23645               1              
        4.23706               2              
        4.23767               2              
        4.23828               5              
        4.23889               1              
         4.2395               1              
        4.24011               0              
        4.24072               4              
        4.24133               1              
        4.24194               2              
        4.24255               2              
        4.24316               1              
        4.24377               3              
        4.24438               2              
          4.245               0              
        4.24561               0              
        4.24622               3              
        4.24683               0              
        4.24744               2              
        4.24805               3              
        4.24866               3              
        4.24927               1              
        4.24988               1              
        4.25049               1              
         4.2511               1              
        4.25171               0              
        4.25232               1              
        4.25293               1              
        4.25354               0              
        4.25415               1              
        4.25476               3              
        4.25537               1              
        4.25598               1              
        4.25659               1              
         4.2572               2              
        4.25781               0              
        4.25842               1              
        4.25903               1              
        4.25964               1              
        4.26025               1              
        4.26086               3              
        4.26147               1              
        4.26208               4              
         4.2627               0              
        4.26331               2              
        4.26392               2              
        4.26453               0              
        4.26514               3              
        4.26575               4              
        4.26636               0              
        4.26697               3              
        4.26758               1              
        4.26819               2              
         4.2688               1              
        4.26941               0              
        4.27002               2              
        4.27063               0              
        4.27124               2              
        4.27185               3              
        4.27246               1              
        4.27307               3              
        4.27368               1              
        4.27429               0              
         4.2749               1              
        4.27551               0              
        4.27612               1              
        4.27673               2              
        4.27734               2              
        4.27795               2              
        4.27856               1              
        4.27917               1              
        4.27979               0              
         4.2804               0              
        4.28101               0              
        4.28162               1              
        4.28223               1              
        4.28284               3              
        4.28345               2              
        4.28406               1              
        4.28467               2              
        4.28528               1              
        4.28589               1              
         4.2865               4              
        4.28711               0              
        4.28772               0              
        4.28833               2              
        4.28894               2              
        4.28955               0              
        4.29016               3              
        4.29077               0              
        4.29138               3              
        4.29199               0              
         4.2926               0              
        4.29321               2              
        4.29382               3              
        4.29443               2              
        4.29504               2              
        4.29565               1              
        4.29626               1              
        4.29688               0              
        4.29749               1              
         4.2981               3              
        4.29871               4              
        4.29932               1              
        4.29993               1              
        4.30054               0              
        4.30115               3              
        4.30176               0              
        4.30237               3              
        4.30298               1              
        4.30359               2              
         4.3042               1              
        4.30481               1              
        4.30542               3              
        4.30603               0              
        4.30664               2              
        4.30725               0              
        4.30786               1              
        4.30847               3              
        4.30908               1              
        4.30969               1              
         4.3103               2              
        4.31091               2              
        4.31152               4              
        4.31213               0              
        4.31274               1              
        4.31335               1              
        4.31396               3              
        4.31458               0              
        4.31519               3              
         4.3158               0              
        4.31641               0              
        4.31702               0              
        4.31763               1              
        4.31824               0              
        4.31885               2              
        4.31946               0              
        4.32007               0              
        4.32068               1              
        4.32129               0              
         4.3219               1              
        4.32251               1              
        4.32312               2              
        4.32373               2              
        4.32434               3              
        4.32495               3              
        4.32556               0              
        4.32617               1              
        4.32678               2              
        4.32739               2              
          4.328               0              
        4.32861               1              
        4.32922               3              
        4.32983               1              
        4.33044               0              
        4.33105               2              
        4.33167               1              
        4.33228               2              
        4.33289               2              
         4.3335               2              
        4.33411               1              
        4.33472               2              
        4.33533               2              
        4.33594               2              
        4.33655               2              
        4.33716               3              
        4.33777               3              
        4.33838               2              
        4.33899               3              
         4.3396               1              
        4.34021               0              
        4.34082               2              
        4.34143               1              
        4.34204               1              
        4.34265               4              
        4.34326               2              
        4.34387               3              
        4.34448               3              
        4.34509               1              
         4.3457               2              
        4.34631               1              
        4.34692               0              
        4.34753               0              
        4.34814               1              
        4.34875               1              
        4.34937               0              
        4.34998               3              
        4.35059               2              
         4.3512               2              
        4.35181               1              
        4.35242               1              
        4.35303               2              
        4.35364               3              
        4.35425               1              
        4.35486               2              
        4.35547               0              
        4.35608               0              
        4.35669               3              
         4.3573               3              
        4.35791               0              
        4.35852               0              
        4.35913               1              
        4.35974               2              
        4.36035               3              
        4.36096               4              
        4.36157               1              
        4.36218               0              
        4.36279               3              
         4.3634               0              
        4.36401               6              
        4.36462               1              
        4.36523               0              
        4.36584               2              
        4.36646               2              
        4.36707               1              
        4.36768               2              
        4.36829               1              
         4.3689               0              
        4.36951               1              
        4.37012               4              
        4.37073               3              
        4.37134               2              
        4.37195               1              
        4.37256               0              
        4.37317               0              
        4.37378               3              
        4.37439               0              
          4.375               2              
        4.37561               0              
        4.37622               0              
        4.37683               1              
        4.37744               3              
        4.37805               3              
        4.37866               1              
        4.37927               1              
        4.37988               1              
        4.38049               0              
         4.3811               1              
        4.38171               2              
        4.38232               1              
        4.38293               4              
        4.38354               2              
        4.38416               0              
        4.38477               3              
        4.38538               2              
        4.38599               2              
         4.3866               2              
        4.38721               1              
        4.38782               0              
        4.38843               2              
        4.38904               0              
        4.38965               1              
        4.39026               0              
        4.39087               4              
        4.39148               0              
        4.39209               2              
         4.3927               0              
        4.39331               1              
        4.39392               3              
        4.39453               0              
        4.39514               2              
        4.39575               0              
        4.39636               1              
        4.39697               2              
        4.39758               3              
        4.39819               6              
         4.3988               0              
        4.39941               2              
        4.40002               2              
        4.40063               0              
        4.40125               2              
        4.40186               1              
        4.40247               1              
        4.40308               0              
        4.40369               2              
         4.4043               1              
        4.40491               1              
        4.40552               3              
        4.40613               1              
        4.40674               2              
        4.40735               2              
        4.40796               1              
        4.40857               2              
        4.40918               1              
        4.40979               2              
         4.4104               0              
        4.41101               2              
        4.41162               1              
        4.41223               4              
        4.41284               3              
        4.41345               2              
        4.41406               2              
        4.41467               2              
        4.41528               4              
        4.41589               2              
         4.4165               1              
        4.41711               2              
        4.41772               5              
        4.41833               2              
        4.41895               2              
        4.41956               1              
        4.42017               3              
        4.42078               2              
        4.42139               2              
          4.422               1              
        4.42261               3              
        4.42322               1              
        4.42383               0              
        4.42444               2              
        4.42505               1              
        4.42566               2              
        4.42627               3              
        4.42688               1              
        4.42749               0              
         4.4281               1              
        4.42871               0              
        4.42932               2              
        4.42993               1              
        4.43054               1              
        4.43115               1              
        4.43176               3              
        4.43237               1              
        4.43298               0              
        4.43359               3              
         4.4342               0              
        4.43481               1              
        4.43542               2              
        4.43604               2              
        4.43665               0              
        4.43726               1              
        4.43787               0              
        4.43848               1              
        4.43909               0              
         4.4397               3              
        4.44031               3              
        4.44092               1              
        4.44153               3              
        4.44214               0              
        4.44275               3              
        4.44336               1              
        4.44397               3              
        4.44458               2              
        4.44519               3              
         4.4458               1              
        4.44641               0              
        4.44702               1              
        4.44763               2              
        4.44824               1              
        4.44885               1              
        4.44946               2              
        4.45007               2              
        4.45068               2              
        4.45129               2              
         4.4519               3              
        4.45251               2              
        4.45312               3              
        4.45374               2              
        4.45435               1              
        4.45496               1              
        4.45557               3              
        4.45618               3              
        4.45679               1              
         4.4574               3              
        4.45801               0              
        4.45862               0              
        4.45923               1              
        4.45984               2              
        4.46045               5              
        4.46106               2              
        4.46167               0              
        4.46228               2              
        4.46289               1              
         4.4635               1              
        4.46411               1              
        4.46472               0              
        4.46533               3              
        4.46594               3              
        4.46655               3              
        4.46716               1              
        4.46777               0              
        4.46838               0              
        4.46899               0              
         4.4696               1              
        4.47021               1              
        4.47083               1              
        4.47144               0              
        4.47205               2              
        4.47266               2              
        4.47327               1              
        4.47388               2              
        4.47449               1              
         4.4751               0              
        4.47571               2              
        4.47632               4              
        4.47693               0              
        4.47754               3              
        4.47815               2              
        4.47876               0              
        4.47937               1              
        4.47998               1              
        4.48059               4              
         4.4812               2              
        4.48181               1              
        4.48242               2              
        4.48303               1              
        4.48364               1              
        4.48425               2              
        4.48486               3              
        4.48547               2              
        4.48608               1              
        4.48669               3              
         4.4873               2              
        4.48792               0              
        4.48853               1              
        4.48914               0              
        4.48975               1              
        4.49036               0              
        4.49097               1              
        4.49158               5              
        4.49219               3              
         4.4928               2              
        4.49341               0              
        4.49402               2              
        4.49463               1              
        4.49524               1              
        4.49585               0              
        4.49646               2              
        4.49707               2              
        4.49768               1              
        4.49829               2              
         4.4989               2              
        4.49951               2              
        4.50012               1              
        4.50073               0              
        4.50134               1              
        4.50195               1              
        4.50256               3              
        4.50317               4              
        4.50378               2              
        4.50439               1              
          4.505               3              
        4.50562               3              
        4.50623               1              
        4.50684               1              
        4.50745               1              
        4.50806               3              
        4.50867               3              
        4.50928               0              
        4.50989               2              
         4.5105               0              
        4.51111               1              
        4.51172               0              
        4.51233               2              
        4.51294               0              
        4.51355               2              
        4.51416               0              
        4.51477               2              
        4.51538               0              
        4.51599               0              
         4.5166               3              
        4.51721               3              
        4.51782               1              
        4.51843               1              
        4.51904               1              
        4.51965               4              
        4.52026               0              
        4.52087               1              
        4.52148               4              
        4.52209               2              
        4.52271               2              
        4.52332               1              
        4.52393               2              
        4.52454               2              
        4.52515               2              
        4.52576               0              
        4.52637               0              
        4.52698               1              
        4.52759               4              
         4.5282               1              
        4.52881               0              
        4.52942               0              
        4.53003               3              
        4.53064               2              
        4.53125               2              
        4.53186               1              
        4.53247               0              
        4.53308               0              
        4.53369               2              
         4.5343               6              
        4.53491               1              
        4.53552               2              
        4.53613               1              
        4.53674               0              
        4.53735               2              
        4.53796               3              
        4.53857               1              
        4.53918               1              
        4.53979               1              
        4.54041               2              
        4.54102               2              
        4.54163               6              
        4.54224               0              
        4.54285               2              
        4.54346               5              
        4.54407               1              
        4.54468               2              
        4.54529               2              
         4.5459               2              
        4.54651               1              
        4.54712               4              
        4.54773               2              
        4.54834               0              
        4.54895               2              
        4.54956               4              
        4.55017               1              
        4.55078               3              
        4.55139               3              
          4.552               1              
        4.55261               4              
        4.55322               1              
        4.55383               2              
        4.55444               2              
        4.55505               1              
        4.55566               4              
        4.55627               3              
        4.55688               3              
         4.5575               5              
        4.55811               0              
        4.55872               1              
        4.55933               2              
        4.55994               4              
        4.56055               0              
        4.56116               1              
        4.56177               1              
        4.56238               2              
        4.56299               1              
         4.5636               1              
        4.56421               1              
        4.56482               0              
        4.56543               1              
        4.56604               1              
        4.56665               2              
        4.56726               2              
        4.56787               1              
        4.56848               3              
        4.56909               4              
         4.5697               1              
        4.57031               3              
        4.57092               0              
        4.57153               0              
        4.57214               0              
        4.57275               3              
        4.57336               0              
        4.57397               3              
        4.57458               1              
         4.5752               2              
        4.57581               5              
        4.57642               1              
        4.57703               3              
        4.57764               1              
        4.57825               0              
        4.57886               2              
        4.57947               0              
        4.58008               1              
        4.58069               1              
         4.5813               1              
        4.58191               2              
        4.58252               2              
        4.58313               1              
        4.58374               3              
        4.58435               0              
        4.58496               2              
        4.58557               0              
        4.58618               2              
        4.58679               0              
         4.5874               1              
        4.58801               1              
        4.58862               6              
        4.58923               0              
        4.58984               2              
        4.59045               0              
        4.59106               0              
        4.59167               2              
        4.59229               1              
         4.5929               3              
        4.59351               1              
        4.59412               0              
        4.59473               2              
        4.59534               0              
        4.59595               0              
        4.59656               2              
        4.59717               3              
        4.59778               2              
        4.59839               1              
          4.599               1              
        4.59961               2              
        4.60022               1              
        4.60083               2              
        4.60144               1              
        4.60205               2              
        4.60266               1              
        4.60327               1              
        4.60388               0              
        4.60449               1              
         4.6051               0              
        4.60571               0              
        4.60632               0              
        4.60693               0              
        4.60754               1              
        4.60815               5              
        4.60876               0              
        4.60938               2              
        4.60999               2              
         4.6106               1              
        4.61121               1              
        4.61182               3              
        4.61243               2              
        4.61304               0              
        4.61365               4              
        4.61426               1              
        4.61487               1              
        4.61548               3              
        4.61609               3              
         4.6167               1              
        4.61731               1              
        4.61792               4              
        4.61853               3              
        4.61914               2              
        4.61975               3              
        4.62036               3              
        4.62097               5              
        4.62158               4              
        4.62219               0              
         4.6228               1              
        4.62341               5              
        4.62402               1              
        4.62463               1              
        4.62524               2              
        4.62585               2              
        4.62646               1              
        4.62708               2              
        4.62769               0              
         4.6283               1              
        4.62891               0              
        4.62952               2              
        4.63013               3              
        4.63074               0              
        4.63135               3              
        4.63196               2              
        4.63257               1              
        4.63318               2              
        4.63379               1              
         4.6344               1              
        4.63501               1              
        4.63562               1              
        4.63623               0              
        4.63684               2              
        4.63745               3              
        4.63806               1              
        4.63867               2              
        4.63928               3              
        4.63989               2              
         4.6405               0              
        4.64111               3              
        4.64172               0              
        4.64233               1              
        4.64294               0              
        4.64355               0              
        4.64417               2              
        4.64478               1              
        4.64539               1              
          4.646               1              
        4.64661               1              
        4.64722               2              
        4.64783               1              
        4.64844               1              
        4.64905               5              
        4.64966               0              
        4.65027               0              
        4.65088               0              
        4.65149               0              
         4.6521               0              
        4.65271               3              
        4.65332               0              
        4.65393               0              
        4.65454               1              
        4.65515               2              
        4.65576               0              
        4.65637               2              
        4.65698               1              
        4.65759               2              
         4.6582               1              
        4.65881               0              
        4.65942               1              
        4.66003               2              
        4.66064               4              
        4.66125               2              
        4.66187               1              
        4.66248               3              
        4.66309               2              
         4.6637               3              
        4.66431               2              
        4.66492               2              
        4.66553               0              
        4.66614               1              
        4.66675               3              
        4.66736               1              
        4.66797               2              
        4.66858               0              
        4.66919               1              
         4.6698               3              
        4.67041               0              
        4.67102               2              
        4.67163               0              
        4.67224               2              
        4.67285               1              
        4.67346               1              
        4.67407               0              
        4.67468               2              
        4.67529               0              
         4.6759               2              
        4.67651               2              
        4.67712               2              
        4.67773               2              
        4.67834               3              
        4.67896               4              
        4.67957               2              
        4.68018               3              
        4.68079               1              
         4.6814               1              
        4.68201               4              
        4.68262               2              
        4.68323               0              
        4.68384               0              
        4.68445               1              
        4.68506               0              
        4.68567               2              
        4.68628               1              
        4.68689               1              
         4.6875               3              
        4.68811               1              
        4.68872               2              
        4.68933               2              
        4.68994               0              
        4.69055               0              
        4.69116               1              
        4.69177               5              
        4.69238               3              
        4.69299               0              
         4.6936               1              
        4.69421               0              
        4.69482               2              
        4.69543               1              
        4.69604               0              
        4.69666               1              
        4.69727               2              
        4.69788               4              
        4.69849               1              
         4.6991               0              
        4.69971               2              
        4.70032               1              
        4.70093               2              
        4.70154               0              
        4.70215               1              
        4.70276               2              
        4.70337               2              
        4.70398               0              
        4.70459               0              
         4.7052               1              
        4.70581               0              
        4.70642               1              
        4.70703               2              
        4.70764               2              
        4.70825               1              
        4.70886               7              
        4.70947               7              
        4.71008               1              
        4.71069               2              
         4.7113               0              
        4.71191               1              
        4.71252               2              
        4.71313               2              
        4.71375               1              
        4.71436               0              
        4.71497               1              
        4.71558               0              
        4.71619               1              
         4.7168               1              
        4.71741               0              
        4.71802               2              
        4.71863               3              
        4.71924               3              
        4.71985               1              
        4.72046               0              
        4.72107               4              
        4.72168               3              
        4.72229               2              
         4.7229               1              
        4.72351               2              
        4.72412               0              
        4.72473               2              
        4.72534               3              
        4.72595               1              
        4.72656               1              
        4.72717               2              
        4.72778               0              
        4.72839               0              
          4.729               1              
        4.72961               0              
        4.73022               0              
        4.73083               2              
        4.73145               3              
        4.73206               2              
        4.73267               1              
        4.73328               4              
        4.73389               0              
         4.7345               0              
        4.73511               1              
        4.73572               1              
        4.73633               0              
        4.73694               0              
        4.73755               3              
        4.73816               1              
        4.73877               3              
        4.73938               0              
        4.73999               2              
         4.7406               2              
        4.74121               0              
        4.74182               1              
        4.74243               2              
        4.74304               0              
        4.74365               5              
        4.74426               2              
        4.74487               2              
        4.74548               2              
        4.74609               2              
         4.7467               4              
        4.74731               4              
        4.74792               1              
        4.74854               1              
        4.74915               1              
        4.74976               0              
        4.75037               3              
        4.75098               3              
        4.75159               1              
         4.7522               2              
        4.75281               0              
        4.75342               2              
        4.75403               4              
        4.75464               4              
        4.75525               2              
        4.75586               2              
        4.75647               1              
        4.75708               1              
        4.75769               0              
         4.7583               2              
        4.75891               1              
        4.75952               1              
        4.76013               1              
        4.76074               1              
        4.76135               0              
        4.76196               2              
        4.76257               1              
        4.76318               1              
        4.76379               1              
         4.7644               2              
        4.76501               0              
        4.76562               0              
        4.76624               0              
        4.76685               0              
        4.76746               1              
        4.76807               3              
        4.76868               1              
        4.76929               1              
         4.7699               2              
        4.77051               1              
        4.77112               0              
        4.77173               3              
        4.77234               2              
        4.77295               1              
        4.77356               0              
        4.77417               1              
        4.77478               1              
        4.77539               1              
          4.776               1              
        4.77661               3              
        4.77722               2              
        4.77783               1              
        4.77844               3              
        4.77905               2              
        4.77966               1              
        4.78027               3              
        4.78088               2              
        4.78149               0              
         4.7821               1              
        4.78271               0              
        4.78333               0              
        4.78394               2              
        4.78455               1              
        4.78516               0              
        4.78577               3              
        4.78638               0              
        4.78699               1              
         4.7876               0              
        4.78821               0              
        4.78882               2              
        4.78943               1              
        4.79004               2              
        4.79065               1              
        4.79126               0              
        4.79187               0              
        4.79248               2              
        4.79309               0              
         4.7937               1              
        4.79431               1              
        4.79492               5              
        4.79553               0              
        4.79614               0              
        4.79675               1              
        4.79736               4              
        4.79797               0              
        4.79858               1              
        4.79919               1              
         4.7998               1              
        4.80042               2              
        4.80103               6              
        4.80164               4              
        4.80225               1              
        4.80286               5              
        4.80347               1              
        4.80408               3              
        4.80469               1              
         4.8053               3              
        4.80591               0              
        4.80652               0              
        4.80713               2              
        4.80774               1              
        4.80835               1              
        4.80896               3              
        4.80957               1              
        4.81018               1              
        4.81079               0              
         4.8114               3              
        4.81201               2              
        4.81262               3              
        4.81323               0              
        4.81384               1              
        4.81445               0              
        4.81506               1              
        4.81567               3              
        4.81628               1              
        4.81689               4              
         4.8175               2              
        4.81812               1              
        4.81873               5              
        4.81934               1              
        4.81995               4              
        4.82056               2              
        4.82117               4              
        4.82178               1              
        4.82239               1              
          4.823               1              
        4.82361               1              
        4.82422               2              
        4.82483               2              
        4.82544               3              
        4.82605               3              
        4.82666               1              
        4.82727               1              
        4.82788               1              
        4.82849               1              
         4.8291               3              
        4.82971               1              
        4.83032               0              
        4.83093               0              
        4.83154               0              
        4.83215               2              
        4.83276               0              
        4.83337               2              
        4.83398               2              
        4.83459               2              
        4.83521               4              
        4.83582               0              
        4.83643               0              
        4.83704               0              
        4.83765               1              
        4.83826               2              
        4.83887               0              
        4.83948               0              
        4.84009               1              
         4.8407               1              
        4.84131               0              
        4.84192               1              
        4.84253               1              
        4.84314               2              
        4.84375               1              
        4.84436               2              
        4.84497               1              
        4.84558               2              
        4.84619               0              
         4.8468               1              
        4.84741               0              
        4.84802               1              
        4.84863               2              
        4.84924               3              
        4.84985               2              
        4.85046               2              
        4.85107               1              
        4.85168               4              
        4.85229               0              
        4.85291               1              
        4.85352               1              
        4.85413               1              
        4.85474               0              
        4.85535               2              
        4.85596               3              
        4.85657               0              
        4.85718               0              
        4.85779               2              
         4.8584               1              
        4.85901               2              
        4.85962               1              
        4.86023               4              
        4.86084               1              
        4.86145               5              
        4.86206               0              
        4.86267               1              
        4.86328               2              
        4.86389               0              
         4.8645               0              
        4.86511               0              
        4.86572               4              
        4.86633               0              
        4.86694               1              
        4.86755               1              
        4.86816               1              
        4.86877               0              
        4.86938               0              
           4.87               0              
        4.87061               3              
        4.87122               1              
        4.87183               0              
        4.87244               2              
        4.87305               3              
        4.87366               1              
        4.87427               0              
        4.87488               1              
        4.87549               2              
         4.8761               0              
        4.87671               2              
        4.87732               3              
        4.87793               1              
        4.87854               2              
        4.87915               1              
        4.87976               2              
        4.88037               3              
        4.88098               1              
        4.88159               3              
         4.8822               2              
        4.88281               2              
        4.88342               2              
        4.88403               1              
        4.88464               2              
        4.88525               1              
        4.88586               3              
        4.88647               2              
        4.88708               2              
         4.8877               2              
        4.88831               2              
        4.88892               2              
        4.88953               2              
        4.89014               1              
        4.89075               1              
        4.89136               1              
        4.89197               1              
        4.89258               1              
        4.89319               1              
         4.8938               2              
        4.89441               1              
        4.89502               0              
        4.89563               1              
        4.89624               0              
        4.89685               1              
        4.89746               3              
        4.89807               0              
        4.89868               0              
        4.89929               4              
         4.8999               1              
        4.90051               2              
        4.90112               2              
        4.90173               1              
        4.90234               0              
        4.90295               0              
        4.90356               2              
        4.90417               2              
        4.90479               1              
         4.9054               2              
        4.90601               1              
        4.90662               0              
        4.90723               2              
        4.90784               2              
        4.90845               0              
        4.90906               3              
        4.90967               3              
        4.91028               2              
        4.91089               0              
         4.9115               2              
        4.91211               3              
        4.91272               1              
        4.91333               2              
        4.91394               0              
        4.91455               1              
        4.91516               1              
        4.91577               0              
        4.91638               0              
        4.91699               0              
         4.9176               3              
        4.91821               5              
        4.91882               1              
        4.91943               1              
        4.92004               5              
        4.92065               2              
        4.92126               0              
        4.92188               3              
        4.92249               2              
         4.9231               0              
        4.92371               0              
        4.92432               1              
        4.92493               2              
        4.92554               0              
        4.92615               2              
        4.92676               3              
        4.92737               2              
        4.92798               3              
        4.92859               0              
         4.9292               2              
        4.92981               2              
        4.93042               4              
        4.93103               0              
        4.93164               2              
        4.93225               2              
        4.93286               3              
        4.93347               0              
        4.93408               3              
        4.93469               1              
         4.9353               0              
        4.93591               0              
        4.93652               2              
        4.93713               1              
        4.93774               2              
        4.93835               1              
        4.93896               1              
        4.93958               2              
        4.94019               2              
         4.9408               3              
        4.94141               3              
        4.94202               0              
        4.94263               1              
        4.94324               1              
        4.94385               3              
        4.94446               1              
        4.94507               2              
        4.94568               1              
        4.94629               1              
         4.9469               1              
        4.94751               2              
        4.94812               0              
        4.94873               1              
        4.94934               6              
        4.94995               2              
        4.95056               2              
        4.95117               3              
        4.95178               1              
        4.95239               4              
          4.953               1              
        4.95361               0              
        4.95422               0              
        4.95483               3              
        4.95544               1              
        4.95605               4              
        4.95667               3              
        4.95728               3              
        4.95789               1              
         4.9585               2              
        4.95911               1              
        4.95972               1              
        4.96033               1              
        4.96094               1              
        4.96155               1              
        4.96216               1              
        4.96277               0              
        4.96338               0              
        4.96399               0              
         4.9646               1              
        4.96521               0              
        4.96582               1              
        4.96643               4              
        4.96704               1              
        4.96765               0              
        4.96826               1              
        4.96887               0              
        4.96948               1              
        4.97009               2              
         4.9707               0              
        4.97131               0              
        4.97192               0              
        4.97253               2              
        4.97314               1              
        4.97375               4              
        4.97437               2              
        4.97498               1              
        4.97559               2              
         4.9762               0              
        4.97681               2              
        4.97742               2              
        4.97803               1              
        4.97864               4              
        4.97925               1              
        4.97986               4              
        4.98047               1              
        4.98108               0              
        4.98169               0              
         4.9823               1              
        4.98291               1              
        4.98352               1              
        4.98413               3              
        4.98474               1              
        4.98535               0              
        4.98596               1              
        4.98657               2              
        4.98718               1              
        4.98779               1              
         4.9884               1              
        4.98901               2              
        4.98962               3              
        4.99023               2              
        4.99084               5              
        4.99146               2              
        4.99207               3              
        4.99268               3              
        4.99329               1              
         4.9939               2              
        4.99451               0              
        4.99512               1              
        4.99573               1              
        4.99634               2              
        4.99695               1              
        4.99756               0              
        4.99817               1              
        3.98224     7.16218e-09              
        3.98712     5.96848e-09              
          3.992     9.94749e-09              
        3.99688     2.78529e-09              
        4.00177     8.75379e-09              
        4.00666     9.54959e-09              
        4.01154     9.15169e-09              
        4.01642     5.96848e-09              
         4.0213     8.75379e-09              
        4.02618     8.35589e-09              
        4.03106     7.16219e-09              
        4.03594     1.11412e-08              
        4.04084     4.37689e-09              
        4.04572     9.54959e-09              
         4.0506     7.16219e-09              
        4.05549     8.75379e-09              
        4.06037      6.3664e-09              
        4.06524     7.95798e-09              
        4.07012     6.36638e-09              
        4.07501     1.03454e-08              
        4.07989     6.36639e-09              
        4.08477     1.03454e-08              
        4.08967     9.54959e-09              
        4.09455     8.75379e-09              
        4.09943     4.37689e-09              
        4.10431     5.96848e-09              
        4.10919     3.97899e-09              
        4.11407     5.17268e-09              
        4.11895     4.37689e-09              
        4.12384     5.17268e-09              
        4.12873     7.16219e-09              
        4.13361     5.17269e-09              
        4.13849     5.96848e-09              
        4.14337     7.56008e-09              
        4.14825      8.3559e-09              
        4.15313     5.96848e-09              
        4.15802     5.96848e-09              
        4.16291     7.95799e-09              
        4.16779     5.57059e-09              
        4.17267     4.77478e-09              
        4.17755     8.35589e-09              
        4.18243     7.16219e-09              
        4.18731     9.15169e-09              
        4.19219     9.54959e-09              
        4.19709     5.57058e-09              
        4.20197     4.77478e-09              
        4.20685     6.76429e-09              
        4.21174      5.9685e-09              
        4.21662     5.57059e-09              
        4.22149     6.76429e-09              
        4.22637     5.96849e-09              
        4.23126     1.03454e-08              
        4.23614     7.56009e-09              
        4.24102     7.95798e-09              
        4.24592     7.56009e-09              
         4.2508     5.96848e-09              
        4.25568     4.77479e-09              
        4.26056     7.95798e-09              
        4.26544     4.37689e-09              
        4.27032     5.17269e-09              
         4.2752     7.16219e-09              
        4.28009     7.95799e-09              
        4.28498     5.96848e-09              
        4.28986      8.3559e-09              
        4.29474     6.76428e-09              
        4.29962     6.36639e-09              
         4.3045     6.36639e-09              
        4.30938     7.56008e-09              
        4.31427     6.76429e-09              
        4.31916     6.36639e-09              
        4.32404     7.56009e-09              
        4.32892     3.58109e-09              
         4.3338     5.96848e-09              
        4.33868     6.36639e-09              
        4.34356     7.16218e-09              
        4.34844     9.54959e-09              
        4.35334     6.36639e-09              
        4.35822     6.76429e-09              
         4.3631     8.75379e-09              
        4.36799     5.57058e-09              
        4.37287     6.76429e-09              
        4.37774     5.17269e-09              
        4.38262     7.95798e-09              
        4.38751     6.76428e-09              
        4.39239     4.77478e-09              
        4.39727     6.76428e-09              
        4.40217     5.57058e-09              
        4.40705     6.76429e-09              
        4.41193     5.17268e-09              
        4.41681     6.76428e-09              
        4.42169     4.37689e-09              
        4.42657     5.57058e-09              
        4.43145     6.36639e-09              
        4.43634     7.95798e-09              
        4.44123      8.3559e-09              
        4.44611     9.94749e-09              
        4.45099     6.36639e-09              
        4.45587     5.96848e-09              
        4.46075     4.77479e-09              
        4.46563     7.95799e-09              
        4.47052      7.5601e-09              
        4.47541     7.16218e-09              
        4.48029     6.36639e-09              
        4.48517      7.5601e-09              
        4.49005     6.76428e-09              
        4.49493     7.56009e-09              
        4.49981     7.56008e-09              
        4.50469     5.17268e-09              
        4.50959     7.16218e-09              
        4.51447     6.36639e-09              
        4.51935     7.95799e-09              
        4.52424     5.17269e-09              
        4.52912     6.36639e-09              
        4.53399     9.15169e-09              
        4.53887     5.57059e-09              
        4.54376     5.96849e-09              
        4.54864     7.16219e-09              
        4.55352     8.35589e-09              
        4.55842     6.76429e-09              
         4.5633      8.3559e-09              
        4.56818     7.95798e-09              
        4.57306     7.56009e-09              
        4.57794     6.36639e-09              
        4.58282     4.37689e-09              
         4.5877     6.76428e-09              
        4.59259     7.16218e-09              
        4.59748     5.17269e-09              
        4.60236     1.03454e-08              
        4.60724     4.77479e-09              
        4.61212     9.15169e-09              
          4.617     6.76429e-09              
        4.62188     1.03454e-08              
        4.62677     5.57059e-09              
        4.63166     5.96848e-09              
        4.63654     9.94749e-09              
        4.64142     3.58109e-09              
         4.6463     7.95798e-09              
        4.65118     4.77478e-09              
        4.65606     5.17269e-09              
        4.66094     6.76429e-09              
        4.66584     7.16219e-09              
        4.67072     7.16218e-09              
         4.6756     5.57059e-09              
        4.68049     5.17268e-09              
        4.68537     5.57058e-09              
        4.69024     6.76429e-09              
        4.69512     6.76429e-09              
        4.70001     4.37689e-09              
        4.70489     4.37689e-09              
        4.70977      1.1539e-08              
        4.71467     6.36638e-09              
        4.71955     5.96848e-09              
        4.72443     4.77478e-09              
        4.72931     6.76429e-09              
        4.73419     4.77478e-09              
        4.73907     4.77478e-09              
        4.74395     6.76429e-09              
        4.74884      8.3559e-09              
        4.75373     7.56008e-09              
        4.75861     7.56009e-09              
        4.76349     6.36638e-09              
        4.76837     7.16218e-09              
        4.77325     5.17269e-09              
        4.77813     7.95798e-09              
        4.78302     5.17268e-09              
        4.78791     7.16219e-09              
        4.79279     3.18319e-09              
        4.79767     3.97899e-09              
        4.80255     4.77478e-09              
        4.80743     8.35589e-09              
        4.81231     5.57058e-09              
        4.81719     7.56009e-09              
        4.82209     8.75379e-09              
        4.82697     7.16219e-09              
        4.83185     6.76429e-09              
        4.83674     5.17269e-09              
        4.84162     5.57059e-09              
        4.84649     7.16218e-09              
        4.85137     1.11412e-08              
        4.85626     5.57058e-09              
        4.86114     7.16218e-09              
        4.86602     8.35589e-09              
        4.87092     5.57059e-09              
         4.8758     7.16219e-09              
        4.88068     6.76429e-09              
        4.88556     3.58109e-09              
        4.89044     7.95798e-09              
        4.89532     5.57058e-09              
         4.9002     5.96849e-09              
        4.90509     7.16218e-09              
        4.90998     5.57059e-09              
        4.91486     5.57059e-09              
        4.91974     5.17268e-09              
        4.92462     5.96848e-09              
         4.9295     5.96849e-09              
        4.93438     6.36638e-09              
        4.93927     6.76429e-09              
        4.94416     7.56008e-09              
        4.94904     5.96848e-09              
        4.95392     7.16218e-09              
         4.9588     3.97899e-09              
        4.96368     4.37689e-09              
        4.96856     6.76429e-09              
        4.97344     3.97899e-09              
