        5.99854               1              
        5.99915               2              
        5.99976               3              
        6.00037               1              
        6.00098               0              
        6.00159               3              
         6.0022               2              
        6.00281               0              
        6.00342               0              
        6.00403               0              
        6.00464               2              
        6.00525               0              
        6.00586               1              
        6.00647               1              
        6.00708               1              
        6.00769               0              
         6.0083               1              
        6.00891               3              
        6.00952               2              
        6.01013               0              
        6.01074               2              
        6.01135               0              
        6.01196               2              
        6.01257               1              
        6.01318               2              
        6.01379               3              
         6.0144               0              
        6.01501               1              
        6.01562               1              
        6.01624               4              
        6.01685               0              
        6.01746               1              
        6.01807               2              
        6.01868               1              
        6.01929               1              
         6.0199               1              
        6.02051               2              
        6.02112               3              
        6.02173               0              
        6.02234               0              
        6.02295               0              
        6.02356               1              
        6.02417               0              
        6.02478               1              
        6.02539               1              
          6.026               1              
        6.02661               1              
        6.02722               0              
        6.02783               1              
        6.02844               1              
        6.02905               2              
        6.02966               3              
        6.03027               3              
        6.03088               1              
        6.03149               1              
         6.0321               1              
        6.03271               0              
        6.03333               3              
        6.03394               1              
        6.03455               1              
        6.03516               2              
        6.03577               0              
        6.03638               2              
        6.03699               3              
         6.0376               3              
        6.03821               2              
        6.03882               3              
        6.03943               2              
        6.04004               3              
        6.04065               0              
        6.04126               2              
        6.04187               1              
        6.04248               1              
        6.04309               0              
         6.0437               1              
        6.04431               2              
        6.04492               0              
        6.04553               0              
        6.04614               0              
        6.04675               1              
        6.04736               1              
        6.04797               0              
        6.04858               1              
        6.04919               3              
         6.0498               1              
        6.05042               1              
        6.05103               0              
        6.05164               0              
        6.05225               0              
        6.05286               2              
        6.05347               0              
        6.05408               0              
        6.05469               0              
         6.0553               2              
        6.05591               1              
        6.05652               1              
        6.05713               0              
        6.05774               1              
        6.05835               0              
        6.05896               2              
        6.05957               0              
        6.06018               2              
        6.06079               2              
         6.0614               2              
        6.06201               0              
        6.06262               1              
        6.06323               3              
        6.06384               1              
        6.06445               4              
        6.06506               2              
        6.06567               2              
        6.06628               0              
        6.06689               2              
         6.0675               0              
        6.06812               1              
        6.06873               2              
        6.06934               0              
        6.06995               0              
        6.07056               1              
        6.07117               1              
        6.07178               0              
        6.07239               1              
          6.073               0              
        6.07361               0              
        6.07422               1              
        6.07483               0              
        6.07544               3              
        6.07605               3              
        6.07666               0              
        6.07727               0              
        6.07788               0              
        6.07849               1              
         6.0791               1              
        6.07971               2              
        6.08032               0              
        6.08093               0              
        6.08154               2              
        6.08215               0              
        6.08276               1              
        6.08337               0              
        6.08398               0              
        6.08459               0              
        6.08521               0              
        6.08582               2              
        6.08643               2              
        6.08704               0              
        6.08765               1              
        6.08826               0              
        6.08887               0              
        6.08948               1              
        6.09009               3              
         6.0907               1              
        6.09131               1              
        6.09192               1              
        6.09253               2              
        6.09314               1              
        6.09375               2              
        6.09436               0              
        6.09497               3              
        6.09558               1              
        6.09619               1              
         6.0968               1              
        6.09741               1              
        6.09802               1              
        6.09863               3              
        6.09924               3              
        6.09985               2              
        6.10046               1              
        6.10107               0              
        6.10168               1              
        6.10229               0              
        6.10291               1              
        6.10352               1              
        6.10413               1              
        6.10474               1              
        6.10535               0              
        6.10596               2              
        6.10657               3              
        6.10718               2              
        6.10779               0              
         6.1084               2              
        6.10901               1              
        6.10962               0              
        6.11023               1              
        6.11084               2              
        6.11145               2              
        6.11206               1              
        6.11267               2              
        6.11328               1              
        6.11389               2              
         6.1145               3              
        6.11511               2              
        6.11572               2              
        6.11633               4              
        6.11694               3              
        6.11755               2              
        6.11816               0              
        6.11877               2              
        6.11938               0              
           6.12               2              
        6.12061               2              
        6.12122               1              
        6.12183               1              
        6.12244               1              
        6.12305               1              
        6.12366               0              
        6.12427               3              
        6.12488               1              
        6.12549               0              
         6.1261               4              
        6.12671               1              
        6.12732               1              
        6.12793               1              
        6.12854               2              
        6.12915               1              
        6.12976               2              
        6.13037               0              
        6.13098               1              
        6.13159               1              
         6.1322               2              
        6.13281               3              
        6.13342               0              
        6.13403               1              
        6.13464               3              
        6.13525               0              
        6.13586               0              
        6.13647               4              
        6.13708               0              
         6.1377               1              
        6.13831               2              
        6.13892               2              
        6.13953               2              
        6.14014               0              
        6.14075               0              
        6.14136               1              
        6.14197               0              
        6.14258               4              
        6.14319               0              
         6.1438               2              
        6.14441               0              
        6.14502               1              
        6.14563               0              
        6.14624               3              
        6.14685               1              
        6.14746               2              
        6.14807               0              
        6.14868               0              
        6.14929               2              
         6.1499               3              
        6.15051               1              
        6.15112               0              
        6.15173               2              
        6.15234               1              
        6.15295               0              
        6.15356               2              
        6.15417               4              
        6.15479               4              
         6.1554               2              
        6.15601               0              
        6.15662               2              
        6.15723               0              
        6.15784               0              
        6.15845               2              
        6.15906               1              
        6.15967               0              
        6.16028               3              
        6.16089               2              
         6.1615               2              
        6.16211               3              
        6.16272               1              
        6.16333               1              
        6.16394               0              
        6.16455               0              
        6.16516               1              
        6.16577               1              
        6.16638               2              
        6.16699               2              
         6.1676               3              
        6.16821               1              
        6.16882               0              
        6.16943               3              
        6.17004               0              
        6.17065               2              
        6.17126               2              
        6.17188               2              
        6.17249               1              
         6.1731               1              
        6.17371               4              
        6.17432               0              
        6.17493               4              
        6.17554               2              
        6.17615               0              
        6.17676               1              
        6.17737               1              
        6.17798               2              
        6.17859               4              
         6.1792               0              
        6.17981               1              
        6.18042               2              
        6.18103               1              
        6.18164               1              
        6.18225               1              
        6.18286               1              
        6.18347               0              
        6.18408               0              
        6.18469               1              
         6.1853               1              
        6.18591               0              
        6.18652               1              
        6.18713               0              
        6.18774               1              
        6.18835               3              
        6.18896               1              
        6.18958               0              
        6.19019               0              
         6.1908               1              
        6.19141               0              
        6.19202               3              
        6.19263               1              
        6.19324               1              
        6.19385               0              
        6.19446               1              
        6.19507               1              
        6.19568               2              
        6.19629               0              
         6.1969               2              
        6.19751               1              
        6.19812               1              
        6.19873               2              
        6.19934               0              
        6.19995               1              
        6.20056               2              
        6.20117               0              
        6.20178               3              
        6.20239               1              
          6.203               0              
        6.20361               0              
        6.20422               0              
        6.20483               0              
        6.20544               0              
        6.20605               1              
        6.20667               2              
        6.20728               0              
        6.20789               0              
         6.2085               1              
        6.20911               0              
        6.20972               3              
        6.21033               2              
        6.21094               4              
        6.21155               1              
        6.21216               3              
        6.21277               3              
        6.21338               0              
        6.21399               1              
         6.2146               0              
        6.21521               2              
        6.21582               1              
        6.21643               1              
        6.21704               1              
        6.21765               0              
        6.21826               1              
        6.21887               3              
        6.21948               2              
        6.22009               1              
         6.2207               1              
        6.22131               0              
        6.22192               1              
        6.22253               1              
        6.22314               3              
        6.22375               1              
        6.22437               1              
        6.22498               1              
        6.22559               1              
         6.2262               0              
        6.22681               2              
        6.22742               0              
        6.22803               1              
        6.22864               0              
        6.22925               0              
        6.22986               0              
        6.23047               0              
        6.23108               2              
        6.23169               1              
         6.2323               1              
        6.23291               0              
        6.23352               2              
        6.23413               0              
        6.23474               1              
        6.23535               4              
        6.23596               1              
        6.23657               1              
        6.23718               1              
        6.23779               0              
         6.2384               0              
        6.23901               1              
        6.23962               1              
        6.24023               1              
        6.24084               1              
        6.24146               3              
        6.24207               1              
        6.24268               1              
        6.24329               0              
         6.2439               1              
        6.24451               1              
        6.24512               0              
        6.24573               1              
        6.24634               1              
        6.24695               0              
        6.24756               1              
        6.24817               0              
        6.24878               0              
        6.24939               0              
           6.25               1              
        6.25061               2              
        6.25122               2              
        6.25183               7              
        6.25244               8              
        6.25305               1              
        6.25366               1              
        6.25427               1              
        6.25488               0              
        6.25549               0              
         6.2561               2              
        6.25671               0              
        6.25732               1              
        6.25793               1              
        6.25854               2              
        6.25916               0              
        6.25977               2              
        6.26038               2              
        6.26099               2              
         6.2616               1              
        6.26221               0              
        6.26282               2              
        6.26343               1              
        6.26404               2              
        6.26465               0              
        6.26526               1              
        6.26587               0              
        6.26648               1              
        6.26709               0              
         6.2677               0              
        6.26831               1              
        6.26892               1              
        6.26953               0              
        6.27014               0              
        6.27075               1              
        6.27136               0              
        6.27197               2              
        6.27258               0              
        6.27319               0              
         6.2738               3              
        6.27441               0              
        6.27502               0              
        6.27563               1              
        6.27625               2              
        6.27686               0              
        6.27747               0              
        6.27808               1              
        6.27869               0              
         6.2793               2              
        6.27991               1              
        6.28052               1              
        6.28113               0              
        6.28174               0              
        6.28235               2              
        6.28296               2              
        6.28357               1              
        6.28418               2              
        6.28479               2              
         6.2854               0              
        6.28601               0              
        6.28662               1              
        6.28723               1              
        6.28784               3              
        6.28845               0              
        6.28906               1              
        6.28967               0              
        6.29028               1              
        6.29089               1              
         6.2915               2              
        6.29211               2              
        6.29272               1              
        6.29333               1              
        6.29395               2              
        6.29456               2              
        6.29517               0              
        6.29578               1              
        6.29639               0              
          6.297               2              
        6.29761               0              
        6.29822               1              
        6.29883               1              
        6.29944               2              
        6.30005               1              
        6.30066               3              
        6.30127               1              
        6.30188               3              
        6.30249               1              
         6.3031               1              
        6.30371               2              
        6.30432               1              
        6.30493               0              
        6.30554               1              
        6.30615               1              
        6.30676               1              
        6.30737               0              
        6.30798               3              
        6.30859               1              
         6.3092               1              
        6.30981               1              
        6.31042               0              
        6.31104               2              
        6.31165               1              
        6.31226               1              
        6.31287               1              
        6.31348               2              
        6.31409               1              
         6.3147               0              
        6.31531               1              
        6.31592               3              
        6.31653               0              
        6.31714               1              
        6.31775               0              
        6.31836               1              
        6.31897               1              
        6.31958               3              
        6.32019               1              
         6.3208               0              
        6.32141               2              
        6.32202               2              
        6.32263               2              
        6.32324               1              
        6.32385               1              
        6.32446               0              
        6.32507               1              
        6.32568               0              
        6.32629               0              
         6.3269               0              
        6.32751               1              
        6.32812               0              
        6.32874               3              
        6.32935               1              
        6.32996               0              
        6.33057               1              
        6.33118               0              
        6.33179               1              
         6.3324               1              
        6.33301               3              
        6.33362               0              
        6.33423               3              
        6.33484               0              
        6.33545               0              
        6.33606               3              
        6.33667               2              
        6.33728               1              
        6.33789               2              
         6.3385               1              
        6.33911               0              
        6.33972               1              
        6.34033               2              
        6.34094               0              
        6.34155               0              
        6.34216               0              
        6.34277               4              
        6.34338               2              
        6.34399               0              
         6.3446               1              
        6.34521               1              
        6.34583               1              
        6.34644               4              
        6.34705               1              
        6.34766               1              
        6.34827               1              
        6.34888               1              
        6.34949               1              
         6.3501               2              
        6.35071               2              
        6.35132               1              
        6.35193               1              
        6.35254               0              
        6.35315               0              
        6.35376               1              
        6.35437               1              
        6.35498               0              
        6.35559               1              
         6.3562               1              
        6.35681               1              
        6.35742               3              
        6.35803               2              
        6.35864               2              
        6.35925               2              
        6.35986               3              
        6.36047               3              
        6.36108               2              
        6.36169               1              
         6.3623               1              
        6.36292               1              
        6.36353               2              
        6.36414               0              
        6.36475               0              
        6.36536               0              
        6.36597               3              
        6.36658               1              
        6.36719               3              
         6.3678               2              
        6.36841               1              
        6.36902               2              
        6.36963               0              
        6.37024               1              
        6.37085               0              
        6.37146               1              
        6.37207               1              
        6.37268               4              
        6.37329               1              
         6.3739               3              
        6.37451               3              
        6.37512               2              
        6.37573               1              
        6.37634               2              
        6.37695               1              
        6.37756               2              
        6.37817               3              
        6.37878               1              
        6.37939               1              
           6.38               0              
        6.38062               0              
        6.38123               1              
        6.38184               1              
        6.38245               2              
        6.38306               1              
        6.38367               3              
        6.38428               1              
        6.38489               1              
         6.3855               0              
        6.38611               0              
        6.38672               1              
        6.38733               0              
        6.38794               1              
        6.38855               1              
        6.38916               1              
        6.38977               1              
        6.39038               4              
        6.39099               2              
         6.3916               2              
        6.39221               1              
        6.39282               1              
        6.39343               2              
        6.39404               0              
        6.39465               0              
        6.39526               2              
        6.39587               2              
        6.39648               2              
        6.39709               2              
        6.39771               0              
        6.39832               2              
        6.39893               1              
        6.39954               1              
        6.40015               0              
        6.40076               3              
        6.40137               5              
        6.40198               2              
        6.40259               1              
         6.4032               1              
        6.40381               0              
        6.40442               0              
        6.40503               0              
        6.40564               1              
        6.40625               1              
        6.40686               1              
        6.40747               3              
        6.40808               2              
        6.40869               4              
         6.4093               2              
        6.40991               3              
        6.41052               1              
        6.41113               1              
        6.41174               2              
        6.41235               1              
        6.41296               1              
        6.41357               4              
        6.41418               1              
        6.41479               2              
        6.41541               1              
        6.41602               1              
        6.41663               2              
        6.41724               1              
        6.41785               1              
        6.41846               2              
        6.41907               1              
        6.41968               1              
        6.42029               1              
         6.4209               2              
        6.42151               1              
        6.42212               1              
        6.42273               2              
        6.42334               1              
        6.42395               2              
        6.42456               0              
        6.42517               3              
        6.42578               1              
        6.42639               0              
          6.427               1              
        6.42761               1              
        6.42822               1              
        6.42883               1              
        6.42944               0              
        6.43005               2              
        6.43066               1              
        6.43127               1              
        6.43188               0              
         6.4325               2              
        6.43311               2              
        6.43372               1              
        6.43433               3              
        6.43494               1              
        6.43555               0              
        6.43616               2              
        6.43677               1              
        6.43738               1              
        6.43799               0              
         6.4386               1              
        6.43921               0              
        6.43982               3              
        6.44043               1              
        6.44104               1              
        6.44165               3              
        6.44226               4              
        6.44287               0              
        6.44348               1              
        6.44409               2              
         6.4447               1              
        6.44531               0              
        6.44592               1              
        6.44653               0              
        6.44714               1              
        6.44775               1              
        6.44836               0              
        6.44897               2              
        6.44958               1              
         6.4502               0              
        6.45081               1              
        6.45142               1              
        6.45203               0              
        6.45264               1              
        6.45325               1              
        6.45386               6              
        6.45447               1              
        6.45508               2              
        6.45569               0              
         6.4563               0              
        6.45691               0              
        6.45752               2              
        6.45813               0              
        6.45874               2              
        6.45935               1              
        6.45996               0              
        6.46057               0              
        6.46118               2              
        6.46179               0              
         6.4624               0              
        6.46301               2              
        6.46362               1              
        6.46423               1              
        6.46484               0              
        6.46545               2              
        6.46606               1              
        6.46667               0              
        6.46729               2              
         6.4679               0              
        6.46851               1              
        6.46912               1              
        6.46973               0              
        6.47034               1              
        6.47095               1              
        6.47156               1              
        6.47217               2              
        6.47278               1              
        6.47339               2              
          6.474               1              
        6.47461               0              
        6.47522               2              
        6.47583               2              
        6.47644               0              
        6.47705               4              
        6.47766               2              
        6.47827               0              
        6.47888               2              
        6.47949               1              
         6.4801               2              
        6.48071               1              
        6.48132               1              
        6.48193               3              
        6.48254               0              
        6.48315               2              
        6.48376               1              
        6.48438               1              
        6.48499               1              
         6.4856               3              
        6.48621               1              
        6.48682               3              
        6.48743               1              
        6.48804               0              
        6.48865               1              
        6.48926               0              
        6.48987               2              
        6.49048               0              
        6.49109               1              
         6.4917               1              
        6.49231               1              
        6.49292               1              
        6.49353               2              
        6.49414               0              
        6.49475               3              
        6.49536               1              
        6.49597               1              
        6.49658               2              
        6.49719               2              
         6.4978               0              
        6.49841               2              
        6.49902               3              
        6.49963               2              
        6.50024               0              
        6.50085               3              
        6.50146               1              
        6.50208               1              
        6.50269               1              
         6.5033               0              
        6.50391               3              
        6.50452               0              
        6.50513               3              
        6.50574               3              
        6.50635               1              
        6.50696               1              
        6.50757               1              
        6.50818               3              
        6.50879               2              
         6.5094               0              
        6.51001               2              
        6.51062               1              
        6.51123               1              
        6.51184               1              
        6.51245               2              
        6.51306               0              
        6.51367               0              
        6.51428               1              
        6.51489               2              
         6.5155               0              
        6.51611               0              
        6.51672               2              
        6.51733               1              
        6.51794               1              
        6.51855               2              
        6.51917               0              
        6.51978               1              
        6.52039               1              
          6.521               1              
        6.52161               0              
        6.52222               0              
        6.52283               2              
        6.52344               1              
        6.52405               4              
        6.52466               0              
        6.52527               1              
        6.52588               1              
        6.52649               1              
         6.5271               3              
        6.52771               0              
        6.52832               0              
        6.52893               2              
        6.52954               2              
        6.53015               2              
        6.53076               0              
        6.53137               3              
        6.53198               1              
        6.53259               0              
         6.5332               1              
        6.53381               1              
        6.53442               0              
        6.53503               1              
        6.53564               1              
        6.53625               1              
        6.53687               4              
        6.53748               1              
        6.53809               2              
         6.5387               0              
        6.53931               2              
        6.53992               0              
        6.54053               1              
        6.54114               1              
        6.54175               1              
        6.54236               2              
        6.54297               0              
        6.54358               0              
        6.54419               0              
         6.5448               1              
        6.54541               3              
        6.54602               1              
        6.54663               1              
        6.54724               0              
        6.54785               1              
        6.54846               1              
        6.54907               4              
        6.54968               1              
        6.55029               1              
         6.5509               1              
        6.55151               0              
        6.55212               0              
        6.55273               0              
        6.55334               1              
        6.55396               2              
        6.55457               1              
        6.55518               0              
        6.55579               0              
         6.5564               1              
        6.55701               0              
        6.55762               2              
        6.55823               3              
        6.55884               1              
        6.55945               2              
        6.56006               2              
        6.56067               0              
        6.56128               0              
        6.56189               0              
         6.5625               1              
        6.56311               0              
        6.56372               2              
        6.56433               2              
        6.56494               2              
        6.56555               3              
        6.56616               2              
        6.56677               0              
        6.56738               2              
        6.56799               1              
         6.5686               2              
        6.56921               1              
        6.56982               0              
        6.57043               0              
        6.57104               1              
        6.57166               0              
        6.57227               3              
        6.57288               1              
        6.57349               1              
         6.5741               2              
        6.57471               3              
        6.57532               1              
        6.57593               0              
        6.57654               0              
        6.57715               0              
        6.57776               0              
        6.57837               1              
        6.57898               1              
        6.57959               1              
         6.5802               3              
        6.58081               2              
        6.58142               3              
        6.58203               0              
        6.58264               1              
        6.58325               0              
        6.58386               2              
        6.58447               1              
        6.58508               2              
        6.58569               3              
         6.5863               3              
        6.58691               2              
        6.58752               1              
        6.58813               1              
        6.58875               1              
        6.58936               2              
        6.58997               1              
        6.59058               2              
        6.59119               1              
         6.5918               2              
        6.59241               1              
        6.59302               0              
        6.59363               1              
        6.59424               1              
        6.59485               2              
        6.59546               1              
        6.59607               1              
        6.59668               1              
        6.59729               0              
         6.5979               2              
        6.59851               0              
        6.59912               3              
        6.59973               0              
        6.60034               1              
        6.60095               1              
        6.60156               3              
        6.60217               1              
        6.60278               1              
        6.60339               1              
          6.604               1              
        6.60461               1              
        6.60522               2              
        6.60583               1              
        6.60645               1              
        6.60706               2              
        6.60767               3              
        6.60828               2              
        6.60889               2              
         6.6095               2              
        6.61011               2              
        6.61072               1              
        6.61133               1              
        6.61194               0              
        6.61255               0              
        6.61316               0              
        6.61377               1              
        6.61438               1              
        6.61499               0              
         6.6156               1              
        6.61621               2              
        6.61682               0              
        6.61743               2              
        6.61804               1              
        6.61865               2              
        6.61926               0              
        6.61987               1              
        6.62048               0              
        6.62109               1              
         6.6217               2              
        6.62231               0              
        6.62292               1              
        6.62354               2              
        6.62415               1              
        6.62476               2              
        6.62537               1              
        6.62598               3              
        6.62659               1              
         6.6272               1              
        6.62781               1              
        6.62842               1              
        6.62903               1              
        6.62964               1              
        6.63025               0              
        6.63086               2              
        6.63147               0              
        6.63208               1              
        6.63269               0              
         6.6333               0              
        6.63391               1              
        6.63452               1              
        6.63513               0              
        6.63574               0              
        6.63635               1              
        6.63696               1              
        6.63757               0              
        6.63818               1              
        6.63879               1              
         6.6394               2              
        6.64001               2              
        6.64062               1              
        6.64124               2              
        6.64185               0              
        6.64246               3              
        6.64307               2              
        6.64368               0              
        6.64429               0              
         6.6449               0              
        6.64551               0              
        6.64612               0              
        6.64673               0              
        6.64734               3              
        6.64795               3              
        6.64856               3              
        6.64917               1              
        6.64978               0              
        6.65039               0              
          6.651               1              
        6.65161               1              
        6.65222               2              
        6.65283               1              
        6.65344               3              
        6.65405               3              
        6.65466               0              
        6.65527               2              
        6.65588               1              
        6.65649               2              
         6.6571               1              
        6.65771               1              
        6.65833               3              
        6.65894               2              
        6.65955               4              
        6.66016               0              
        6.66077               0              
        6.66138               3              
        6.66199               2              
         6.6626               0              
        6.66321               0              
        6.66382               1              
        6.66443               1              
        6.66504               1              
        6.66565               2              
        6.66626               0              
        6.66687               1              
        6.66748               0              
        6.66809               2              
         6.6687               0              
        6.66931               0              
        6.66992               2              
        6.67053               2              
        6.67114               2              
        6.67175               0              
        6.67236               4              
        6.67297               0              
        6.67358               1              
        6.67419               1              
         6.6748               3              
        6.67542               1              
        6.67603               0              
        6.67664               0              
        6.67725               2              
        6.67786               0              
        6.67847               2              
        6.67908               3              
        6.67969               2              
         6.6803               1              
        6.68091               1              
        6.68152               0              
        6.68213               1              
        6.68274               1              
        6.68335               3              
        6.68396               0              
        6.68457               1              
        6.68518               1              
        6.68579               0              
         6.6864               1              
        6.68701               2              
        6.68762               2              
        6.68823               2              
        6.68884               0              
        6.68945               1              
        6.69006               0              
        6.69067               0              
        6.69128               0              
        6.69189               0              
         6.6925               0              
        6.69312               0              
        6.69373               0              
        6.69434               1              
        6.69495               1              
        6.69556               1              
        6.69617               1              
        6.69678               0              
        6.69739               1              
          6.698               1              
        6.69861               1              
        6.69922               2              
        6.69983               1              
        6.70044               3              
        6.70105               1              
        6.70166               1              
        6.70227               3              
        6.70288               0              
        6.70349               2              
         6.7041               0              
        6.70471               4              
        6.70532               4              
        6.70593               3              
        6.70654               0              
        6.70715               4              
        6.70776               3              
        6.70837               2              
        6.70898               0              
        6.70959               0              
        6.71021               4              
        6.71082               0              
        6.71143               1              
        6.71204               3              
        6.71265               1              
        6.71326               1              
        6.71387               0              
        6.71448               1              
        6.71509               0              
         6.7157               0              
        6.71631               1              
        6.71692               3              
        6.71753               1              
        6.71814               1              
        6.71875               0              
        6.71936               0              
        6.71997               1              
        6.72058               1              
        6.72119               3              
         6.7218               1              
        6.72241               0              
        6.72302               1              
        6.72363               1              
        6.72424               3              
        6.72485               2              
        6.72546               5              
        6.72607               0              
        6.72668               1              
        6.72729               0              
        6.72791               1              
        6.72852               2              
        6.72913               0              
        6.72974               1              
        6.73035               0              
        6.73096               0              
        6.73157               2              
        6.73218               2              
        6.73279               3              
         6.7334               3              
        6.73401               1              
        6.73462               1              
        6.73523               1              
        6.73584               0              
        6.73645               2              
        6.73706               1              
        6.73767               0              
        6.73828               1              
        6.73889               0              
         6.7395               2              
        6.74011               3              
        6.74072               3              
        6.74133               3              
        6.74194               2              
        6.74255               1              
        6.74316               2              
        6.74377               1              
        6.74438               0              
          6.745               1              
        6.74561               1              
        6.74622               1              
        6.74683               1              
        6.74744               2              
        6.74805               1              
        6.74866               0              
        6.74927               0              
        6.74988               0              
        6.75049               1              
         6.7511               3              
        6.75171               0              
        6.75232               1              
        6.75293               0              
        6.75354               0              
        6.75415               1              
        6.75476               0              
        6.75537               3              
        6.75598               3              
        6.75659               0              
         6.7572               0              
        6.75781               0              
        6.75842               0              
        6.75903               3              
        6.75964               0              
        6.76025               1              
        6.76086               0              
        6.76147               2              
        6.76208               0              
         6.7627               1              
        6.76331               1              
        6.76392               3              
        6.76453               2              
        6.76514               1              
        6.76575               1              
        6.76636               0              
        6.76697               4              
        6.76758               0              
        6.76819               0              
         6.7688               0              
        6.76941               2              
        6.77002               0              
        6.77063               2              
        6.77124               0              
        6.77185               0              
        6.77246               1              
        6.77307               0              
        6.77368               1              
        6.77429               1              
         6.7749               1              
        6.77551               4              
        6.77612               2              
        6.77673               0              
        6.77734               1              
        6.77795               1              
        6.77856               2              
        6.77917               2              
        6.77979               1              
         6.7804               0              
        6.78101               1              
        6.78162               0              
        6.78223               0              
        6.78284               3              
        6.78345               1              
        6.78406               2              
        6.78467               2              
        6.78528               1              
        6.78589               0              
         6.7865               5              
        6.78711               1              
        6.78772               2              
        6.78833               1              
        6.78894               1              
        6.78955               0              
        6.79016               0              
        6.79077               0              
        6.79138               2              
        6.79199               0              
         6.7926               2              
        6.79321               1              
        6.79382               3              
        6.79443               1              
        6.79504               0              
        6.79565               0              
        6.79626               1              
        6.79688               1              
        6.79749               2              
         6.7981               2              
        6.79871               3              
        6.79932               1              
        6.79993               3              
        6.80054               0              
        6.80115               2              
        6.80176               2              
        6.80237               0              
        6.80298               2              
        6.80359               0              
         6.8042               1              
        6.80481               1              
        6.80542               0              
        6.80603               2              
        6.80664               0              
        6.80725               1              
        6.80786               0              
        6.80847               2              
        6.80908               4              
        6.80969               0              
         6.8103               3              
        6.81091               0              
        6.81152               1              
        6.81213               1              
        6.81274               3              
        6.81335               2              
        6.81396               1              
        6.81458               1              
        6.81519               1              
         6.8158               3              
        6.81641               1              
        6.81702               1              
        6.81763               0              
        6.81824               1              
        6.81885               2              
        6.81946               1              
        6.82007               0              
        6.82068               0              
        6.82129               2              
         6.8219               0              
        6.82251               0              
        6.82312               1              
        6.82373               2              
        6.82434               3              
        6.82495               1              
        6.82556               2              
        6.82617               1              
        6.82678               1              
        6.82739               0              
          6.828               2              
        6.82861               1              
        6.82922               0              
        6.82983               3              
        6.83044               1              
        6.83105               2              
        6.83167               2              
        6.83228               0              
        6.83289               1              
         6.8335               0              
        6.83411               2              
        6.83472               2              
        6.83533               1              
        6.83594               0              
        6.83655               1              
        6.83716               1              
        6.83777               0              
        6.83838               2              
        6.83899               1              
         6.8396               0              
        6.84021               1              
        6.84082               1              
        6.84143               0              
        6.84204               2              
        6.84265               0              
        6.84326               0              
        6.84387               0              
        6.84448               1              
        6.84509               1              
         6.8457               2              
        6.84631               1              
        6.84692               1              
        6.84753               0              
        6.84814               1              
        6.84875               1              
        6.84937               0              
        6.84998               1              
        6.85059               0              
         6.8512               0              
        6.85181               5              
        6.85242               1              
        6.85303               1              
        6.85364               1              
        6.85425               1              
        6.85486               2              
        6.85547               1              
        6.85608               1              
        6.85669               0              
         6.8573               1              
        6.85791               0              
        6.85852               1              
        6.85913               0              
        6.85974               2              
        6.86035               1              
        6.86096               2              
        6.86157               1              
        6.86218               0              
        6.86279               1              
         6.8634               0              
        6.86401               3              
        6.86462               2              
        6.86523               0              
        6.86584               0              
        6.86646               0              
        6.86707               3              
        6.86768               0              
        6.86829               1              
         6.8689               3              
        6.86951               2              
        6.87012               2              
        6.87073               2              
        6.87134               0              
        6.87195               0              
        6.87256               2              
        6.87317               1              
        6.87378               0              
        6.87439               1              
          6.875               2              
        6.87561               0              
        6.87622               0              
        6.87683               2              
        6.87744               5              
        6.87805               0              
        6.87866               0              
        6.87927               1              
        6.87988               1              
        6.88049               0              
         6.8811               0              
        6.88171               0              
        6.88232               3              
        6.88293               1              
        6.88354               2              
        6.88416               2              
        6.88477               0              
        6.88538               2              
        6.88599               2              
         6.8866               2              
        6.88721               1              
        6.88782               3              
        6.88843               1              
        6.88904               2              
        6.88965               0              
        6.89026               2              
        6.89087               1              
        6.89148               1              
        6.89209               1              
         6.8927               2              
        6.89331               1              
        6.89392               0              
        6.89453               3              
        6.89514               1              
        6.89575               1              
        6.89636               0              
        6.89697               3              
        6.89758               0              
        6.89819               0              
         6.8988               1              
        6.89941               0              
        6.90002               0              
        6.90063               0              
        6.90125               0              
        6.90186               1              
        6.90247               3              
        6.90308               2              
        6.90369               2              
         6.9043               1              
        6.90491               1              
        6.90552               1              
        6.90613               1              
        6.90674               1              
        6.90735               2              
        6.90796               2              
        6.90857               1              
        6.90918               0              
        6.90979               2              
         6.9104               1              
        6.91101               0              
        6.91162               1              
        6.91223               1              
        6.91284               2              
        6.91345               1              
        6.91406               0              
        6.91467               2              
        6.91528               5              
        6.91589               3              
         6.9165               0              
        6.91711               1              
        6.91772               0              
        6.91833               1              
        6.91895               3              
        6.91956               0              
        6.92017               0              
        6.92078               1              
        6.92139               3              
          6.922               0              
        6.92261               0              
        6.92322               1              
        6.92383               0              
        6.92444               0              
        6.92505               2              
        6.92566               0              
        6.92627               1              
        6.92688               2              
        6.92749               1              
         6.9281               0              
        6.92871               1              
        6.92932               0              
        6.92993               3              
        6.93054               0              
        6.93115               0              
        6.93176               0              
        6.93237               1              
        6.93298               1              
        6.93359               0              
         6.9342               2              
        6.93481               3              
        6.93542               1              
        6.93604               2              
        6.93665               0              
        6.93726               3              
        6.93787               0              
        6.93848               0              
        6.93909               2              
         6.9397               1              
        6.94031               0              
        6.94092               2              
        6.94153               2              
        6.94214               3              
        6.94275               0              
        6.94336               0              
        6.94397               1              
        6.94458               1              
        6.94519               2              
         6.9458               1              
        6.94641               0              
        6.94702               1              
        6.94763               1              
        6.94824               2              
        6.94885               1              
        6.94946               3              
        6.95007               1              
        6.95068               2              
        6.95129               2              
         6.9519               2              
        6.95251               0              
        6.95312               1              
        6.95374               2              
        6.95435               3              
        6.95496               1              
        6.95557               3              
        6.95618               1              
        6.95679               1              
         6.9574               3              
        6.95801               2              
        6.95862               2              
        6.95923               2              
        6.95984               0              
        6.96045               0              
        6.96106               1              
        6.96167               3              
        6.96228               1              
        6.96289               0              
         6.9635               0              
        6.96411               0              
        6.96472               5              
        6.96533               0              
        6.96594               0              
        6.96655               1              
        6.96716               0              
        6.96777               1              
        6.96838               2              
        6.96899               1              
         6.9696               2              
        6.97021               0              
        6.97083               1              
        6.97144               1              
        6.97205               1              
        6.97266               2              
        6.97327               2              
        6.97388               0              
        6.97449               2              
         6.9751               1              
        6.97571               1              
        6.97632               1              
        6.97693               3              
        6.97754               1              
        6.97815               0              
        6.97876               0              
        6.97937               0              
        6.97998               3              
        6.98059               1              
         6.9812               1              
        6.98181               0              
        6.98242               2              
        6.98303               1              
        6.98364               1              
        6.98425               0              
        6.98486               1              
        6.98547               1              
        6.98608               2              
        6.98669               3              
         6.9873               0              
        6.98792               0              
        6.98853               0              
        6.98914               0              
        6.98975               0              
        6.99036               0              
        6.99097               1              
        6.99158               1              
        6.99219               0              
         6.9928               1              
        6.99341               1              
        6.99402               2              
        6.99463               0              
        6.99524               0              
        6.99585               0              
        6.99646               1              
        6.99707               0              
        6.99768               2              
        5.97443     3.58109e-09              
        5.97931     4.77478e-09              
        5.98419     4.37688e-09              
        5.98907     7.16219e-09              
        5.99395     4.37689e-09              
        5.99884     5.17268e-09              
        6.00373     3.97899e-09              
        6.00861     5.96849e-09              
        6.01349     6.36639e-09              
        6.01837     4.77479e-09              
        6.02325     7.16218e-09              
        6.02813     5.17268e-09              
        6.03302     5.96848e-09              
        6.03791     9.94749e-09              
        6.04279     3.18319e-09              
        6.04767     5.17269e-09              
        6.05255     2.78529e-09              
        6.05743     6.76428e-09              
        6.06231     8.75379e-09              
        6.06719     3.97899e-09              
        6.07209     4.37689e-09              
        6.07697     6.36638e-09              
        6.08185     4.37689e-09              
        6.08674     5.96848e-09              
        6.09162     4.37689e-09              
        6.09649     3.97899e-09              
        6.10137     4.77479e-09              
        6.10626     7.95798e-09              
        6.11114     4.37689e-09              
        6.11602     5.96848e-09              
        6.12092     5.96848e-09              
         6.1258     6.36638e-09              
        6.13068     5.96848e-09              
        6.13556     5.57059e-09              
        6.14044     5.57059e-09              
        6.14532     7.16218e-09              
         6.1502     4.77479e-09              
        6.15509     4.77478e-09              
        6.15998     7.16218e-09              
        6.16486     4.37689e-09              
        6.16974     7.56009e-09              
        6.17462     5.57059e-09              
         6.1795     4.37689e-09              
        6.18438     1.07433e-08              
        6.18927     4.77479e-09              
        6.19416     4.37689e-09              
        6.19904     3.18319e-09              
        6.20392     3.58109e-09              
         6.2088     6.76429e-09              
        6.21368     4.37689e-09              
        6.21856     5.57058e-09              
        6.22344     5.96849e-09              
        6.22834     8.75379e-09              
        6.23322     8.35589e-09              
         6.2381     5.17268e-09              
        6.24299     5.96848e-09              
        6.24787     6.76429e-09              
        6.25274     9.54955e-09              
        6.25762     5.17269e-09              
        6.26251     3.97899e-09              
        6.26739     3.97898e-09              
        6.27227     4.77478e-09              
        6.27717      7.5601e-09              
        6.28205     4.37689e-09              
        6.28693     4.77479e-09              
        6.29181      5.5706e-09              
        6.29669     4.37689e-09              
        6.30157     3.97899e-09              
        6.30645     3.18319e-09              
        6.31134     4.77479e-09              
        6.31623     1.98949e-09              
        6.32111     3.58109e-09              
        6.32599     2.38739e-09              
        6.33087     5.57059e-09              
        6.33575     7.95799e-09              
        6.34063     7.16219e-09              
        6.34552     4.37689e-09              
        6.35041     4.37689e-09              
        6.35529     3.58109e-09              
        6.36017     4.37689e-09              
        6.36505     3.18319e-09              
        6.36993     5.57058e-09              
        6.37481     6.36638e-09              
        6.37969     7.16219e-09              
        6.38459     4.37689e-09              
        6.38947     3.97899e-09              
        6.39435     6.76429e-09              
        6.39924     5.96848e-09              
        6.40412     4.37689e-09              
        6.40899      3.5811e-09              
        6.41387     3.58109e-09              
        6.41876     7.56009e-09              
        6.42364     5.57058e-09              
        6.42852     6.36639e-09              
        6.43342     5.96848e-09              
         6.4383     6.36639e-09              
        6.44318     5.57058e-09              
        6.44806     5.96849e-09              
        6.45294     7.16219e-09              
        6.45782     5.57058e-09              
         6.4627     5.17268e-09              
        6.46759     4.37688e-09              
        6.47248     3.97898e-09              
        6.47736     5.96848e-09              
        6.48224     5.96849e-09              
        6.48712     3.58109e-09              
          6.492     5.57058e-09              
        6.49688     5.57059e-09              
        6.50177     4.37689e-09              
        6.50666     5.57059e-09              
        6.51154     5.96849e-09              
        6.51642     5.96848e-09              
         6.5213     2.78529e-09              
        6.52618     5.57058e-09              
        6.53106     7.16218e-09              
        6.53594     5.57059e-09              
        6.54084     3.18319e-09              
        6.54572     4.77479e-09              
         6.5506     3.18319e-09              
        6.55549     5.57058e-09              
        6.56037     3.18319e-09              
        6.56524     3.97899e-09              
        6.57012     4.37689e-09              
        6.57501     4.77478e-09              
        6.57989     5.57058e-09              
        6.58477     5.96848e-09              
        6.58967     7.95799e-09              
        6.59455     5.17268e-09              
        6.59943     3.18319e-09              
        6.60431     5.57059e-09              
        6.60919     4.77478e-09              
        6.61407     3.58109e-09              
        6.61895     4.37689e-09              
        6.62384     4.37688e-09              
        6.62873     3.18319e-09              
        6.63361     5.96848e-09              
        6.63849     6.36638e-09              
        6.64337     5.57058e-09              
        6.64825     5.57058e-09              
        6.65313     6.36638e-09              
        6.65802     6.36638e-09              
        6.66291     6.76428e-09              
        6.66695     5.57059e-09              
        6.67145     3.97899e-09              
        6.67633     3.58109e-09              
        6.68121     5.96849e-09              
        6.68609     5.57059e-09              
        6.69097     5.57058e-09              
        6.69587     4.77479e-09              
        6.70075     5.96849e-09              
        6.70563     6.36639e-09              
        6.71052     4.77478e-09              
         6.7154     3.97899e-09              
        6.72027     4.37689e-09              
        6.72515      1.1937e-09              
        6.73004     4.77479e-09              
        6.73492     4.37689e-09              
         6.7398     5.57059e-09              
        6.74469     5.96849e-09              
        6.74958     5.57058e-09              
        6.75446     5.57059e-09              
        6.75934     3.18319e-09              
        6.76422     4.77478e-09              
         6.7691     4.37689e-09              
        6.77398     4.37688e-09              
        6.77887     5.96848e-09              
        6.78376     5.57058e-09              
        6.78864     4.77478e-09              
        6.79352     5.57058e-09              
         6.7984     5.96848e-09              
        6.80328     4.77478e-09              
        6.80816     3.58109e-09              
        6.81304     5.96848e-09              
        6.81794     5.96848e-09              
        6.82282     3.97899e-09              
         6.8277     4.77479e-09              
        6.83258     3.58109e-09              
        6.83746     4.37689e-09              
        6.84234     3.58109e-09              
        6.84722     3.97899e-09              
        6.85212     7.16219e-09              
          6.857     3.18319e-09              
        6.86188     5.96848e-09              
        6.86677     3.18319e-09              
        6.87165     3.18319e-09              
        6.87652     3.97899e-09              
         6.8814     3.58109e-09              
        6.88629     6.76429e-09              
        6.89117     7.56009e-09              
        6.89605     3.97899e-09              
        6.90094     4.37689e-09              
        6.90583     6.36639e-09              
        6.91071     3.97899e-09              
        6.91559     7.16219e-09              
        6.92047     5.57058e-09              
        6.92535     3.97898e-09              
        6.93023     3.18319e-09              
        6.93512     4.77479e-09              
        6.94001     5.57058e-09              
        6.94489     3.58109e-09              
        6.94977     5.57059e-09              
        6.95465     5.57058e-09              
        6.95953     6.36639e-09              
        6.96441     6.76429e-09              
