        9.99756               1              
        9.99817               0              
        9.99878               0              
        9.99939               0              
        9.95758       7.958e-10              
        9.96246       7.958e-10              
        9.96734     1.98949e-09              
        9.97222     1.98949e-09              
        9.97711      1.5916e-09              
        9.98199       3.979e-10              
        9.98687      1.5916e-09              
        9.99175     1.98949e-09              
        9.99664     2.38739e-09              
