         8.9978               2              
        8.99841               1              
        8.99902               0              
        8.99963               0              
        9.00024               0              
        9.00085               2              
        9.00146               2              
        9.00208               0              
        9.00269               0              
         9.0033               0              
        9.00391               0              
        9.00452               0              
        9.00513               1              
        9.00574               0              
        9.00635               0              
        9.00696               1              
        9.00757               0              
        9.00818               3              
        9.00879               0              
         9.0094               1              
        9.01001               1              
        9.01062               1              
        9.01123               0              
        9.01184               0              
        9.01245               0              
        9.01306               1              
        9.01367               0              
        9.01428               1              
        9.01489               1              
         9.0155               1              
        9.01611               0              
        9.01672               0              
        9.01733               0              
        9.01794               2              
        9.01855               1              
        9.01917               2              
        9.01978               0              
        9.02039               1              
          9.021               1              
        9.02161               0              
        9.02222               0              
        9.02283               0              
        9.02344               0              
        9.02405               0              
        9.02466               2              
        9.02527               1              
        9.02588               2              
        9.02649               0              
         9.0271               0              
        9.02771               1              
        9.02832               0              
        9.02893               0              
        9.02954               1              
        9.03015               1              
        9.03076               1              
        9.03137               0              
        9.03198               0              
        9.03259               0              
         9.0332               1              
        9.03381               0              
        9.03442               0              
        9.03503               1              
        9.03564               0              
        9.03625               0              
        9.03687               0              
        9.03748               1              
        9.03809               0              
         9.0387               1              
        9.03931               2              
        9.03992               0              
        9.04053               2              
        9.04114               1              
        9.04175               0              
        9.04236               1              
        9.04297               1              
        9.04358               2              
        9.04419               0              
         9.0448               0              
        9.04541               0              
        9.04602               1              
        9.04663               2              
        9.04724               2              
        9.04785               0              
        9.04846               1              
        9.04907               1              
        9.04968               0              
        9.05029               0              
         9.0509               2              
        9.05151               3              
        9.05212               0              
        9.05273               2              
        9.05334               1              
        9.05396               0              
        9.05457               0              
        9.05518               0              
        9.05579               1              
         9.0564               0              
        9.05701               1              
        9.05762               2              
        9.05823               1              
        9.05884               2              
        9.05945               2              
        9.06006               0              
        9.06067               1              
        9.06128               1              
        9.06189               1              
         9.0625               0              
        9.06311               0              
        9.06372               1              
        9.06433               0              
        9.06494               0              
        9.06555               0              
        9.06616               0              
        9.06677               0              
        9.06738               1              
        9.06799               1              
         9.0686               0              
        9.06921               2              
        9.06982               1              
        9.07043               2              
        9.07104               0              
        9.07166               0              
        9.07227               0              
        9.07288               0              
        9.07349               1              
         9.0741               0              
        9.07471               0              
        9.07532               0              
        9.07593               1              
        9.07654               1              
        9.07715               0              
        9.07776               0              
        9.07837               1              
        9.07898               1              
        9.07959               1              
         9.0802               1              
        9.08081               0              
        9.08142               1              
        9.08203               1              
        9.08264               0              
        9.08325               1              
        9.08386               0              
        9.08447               0              
        9.08508               0              
        9.08569               0              
         9.0863               0              
        9.08691               0              
        9.08752               0              
        9.08813               1              
        9.08875               2              
        9.08936               1              
        9.08997               0              
        9.09058               0              
        9.09119               3              
         9.0918               1              
        9.09241               0              
        9.09302               2              
        9.09363               0              
        9.09424               0              
        9.09485               3              
        9.09546               0              
        9.09607               1              
        9.09668               0              
        9.09729               0              
         9.0979               0              
        9.09851               1              
        9.09912               0              
        9.09973               2              
        9.10034               1              
        9.10095               1              
        9.10156               1              
        9.10217               1              
        9.10278               0              
        9.10339               0              
          9.104               1              
        9.10461               1              
        9.10522               0              
        9.10583               0              
        9.10645               0              
        9.10706               0              
        9.10767               1              
        9.10828               1              
        9.10889               1              
         9.1095               1              
        9.11011               0              
        9.11072               0              
        9.11133               1              
        9.11194               0              
        9.11255               2              
        9.11316               0              
        9.11377               0              
        9.11438               0              
        9.11499               1              
         9.1156               1              
        9.11621               1              
        9.11682               0              
        9.11743               0              
        9.11804               0              
        9.11865               2              
        9.11926               2              
        9.11987               0              
        9.12048               0              
        9.12109               0              
         9.1217               0              
        9.12231               0              
        9.12292               0              
        9.12354               1              
        9.12415               1              
        9.12476               0              
        9.12537               0              
        9.12598               0              
        9.12659               1              
         9.1272               2              
        9.12781               0              
        9.12842               0              
        9.12903               0              
        9.12964               1              
        9.13025               1              
        9.13086               2              
        9.13147               0              
        9.13208               1              
        9.13269               1              
         9.1333               0              
        9.13391               0              
        9.13452               0              
        9.13513               1              
        9.13574               0              
        9.13635               2              
        9.13696               1              
        9.13757               0              
        9.13818               0              
        9.13879               0              
         9.1394               0              
        9.14001               0              
        9.14062               1              
        9.14124               1              
        9.14185               0              
        9.14246               0              
        9.14307               0              
        9.14368               0              
        9.14429               1              
         9.1449               1              
        9.14551               1              
        9.14612               0              
        9.14673               0              
        9.14734               0              
        9.14795               0              
        9.14856               1              
        9.14917               0              
        9.14978               0              
        9.15039               0              
          9.151               2              
        9.15161               3              
        9.15222               0              
        9.15283               0              
        9.15344               1              
        9.15405               0              
        9.15466               1              
        9.15527               0              
        9.15588               0              
        9.15649               0              
         9.1571               0              
        9.15771               2              
        9.15833               1              
        9.15894               0              
        9.15955               2              
        9.16016               0              
        9.16077               0              
        9.16138               2              
        9.16199               0              
         9.1626               0              
        9.16321               1              
        9.16382               0              
        9.16443               2              
        9.16504               0              
        9.16565               1              
        9.16626               2              
        9.16687               1              
        9.16748               0              
        9.16809               0              
         9.1687               0              
        9.16931               0              
        9.16992               0              
        9.17053               2              
        9.17114               1              
        9.17175               1              
        9.17236               0              
        9.17297               3              
        9.17358               1              
        9.17419               0              
         9.1748               0              
        9.17542               2              
        9.17603               0              
        9.17664               2              
        9.17725               0              
        9.17786               0              
        9.17847               2              
        9.17908               1              
        9.17969               1              
         9.1803               0              
        9.18091               2              
        9.18152               3              
        9.18213               4              
        9.18274               1              
        9.18335               1              
        9.18396               1              
        9.18457               1              
        9.18518               1              
        9.18579               2              
         9.1864               0              
        9.18701               0              
        9.18762               2              
        9.18823               2              
        9.18884               1              
        9.18945               1              
        9.19006               1              
        9.19067               1              
        9.19128               0              
        9.19189               0              
         9.1925               0              
        9.19312               1              
        9.19373               0              
        9.19434               0              
        9.19495               2              
        9.19556               2              
        9.19617               1              
        9.19678               1              
        9.19739               1              
          9.198               1              
        9.19861               0              
        9.19922               0              
        9.19983               0              
        9.20044               0              
        9.20105               2              
        9.20166               2              
        9.20227               0              
        9.20288               1              
        9.20349               1              
         9.2041               0              
        9.20471               0              
        9.20532               1              
        9.20593               0              
        9.20654               2              
        9.20715               0              
        9.20776               1              
        9.20837               0              
        9.20898               0              
        9.20959               0              
        9.21021               2              
        9.21082               2              
        9.21143               2              
        9.21204               1              
        9.21265               0              
        9.21326               0              
        9.21387               0              
        9.21448               0              
        9.21509               0              
         9.2157               0              
        9.21631               1              
        9.21692               1              
        9.21753               0              
        9.21814               0              
        9.21875               0              
        9.21936               3              
        9.21997               1              
        9.22058               0              
        9.22119               1              
         9.2218               1              
        9.22241               1              
        9.22302               0              
        9.22363               0              
        9.22424               0              
        9.22485               1              
        9.22546               0              
        9.22607               1              
        9.22668               2              
        9.22729               2              
        9.22791               0              
        9.22852               0              
        9.22913               0              
        9.22974               0              
        9.23035               1              
        9.23096               1              
        9.23157               0              
        9.23218               2              
        9.23279               1              
         9.2334               0              
        9.23401               0              
        9.23462               0              
        9.23523               0              
        9.23584               1              
        9.23645               1              
        9.23706               1              
        9.23767               2              
        9.23828               0              
        9.23889               1              
         9.2395               0              
        9.24011               0              
        9.24072               0              
        9.24133               0              
        9.24194               1              
        9.24255               0              
        9.24316               0              
        9.24377               0              
        9.24438               2              
          9.245               2              
        9.24561               0              
        9.24622               1              
        9.24683               0              
        9.24744               0              
        9.24805               0              
        9.24866               0              
        9.24927               0              
        9.24988               1              
        9.25049               0              
         9.2511               0              
        9.25171               1              
        9.25232               1              
        9.25293               1              
        9.25354               2              
        9.25415               1              
        9.25476               3              
        9.25537               0              
        9.25598               1              
        9.25659               0              
         9.2572               0              
        9.25781               0              
        9.25842               1              
        9.25903               0              
        9.25964               1              
        9.26025               0              
        9.26086               0              
        9.26147               1              
        9.26208               1              
         9.2627               0              
        9.26331               0              
        9.26392               0              
        9.26453               1              
        9.26514               0              
        9.26575               0              
        9.26636               1              
        9.26697               0              
        9.26758               0              
        9.26819               1              
         9.2688               1              
        9.26941               0              
        9.27002               0              
        9.27063               2              
        9.27124               1              
        9.27185               0              
        9.27246               0              
        9.27307               1              
        9.27368               1              
        9.27429               1              
         9.2749               1              
        9.27551               2              
        9.27612               1              
        9.27673               1              
        9.27734               2              
        9.27795               1              
        9.27856               0              
        9.27917               1              
        9.27979               0              
         9.2804               0              
        9.28101               2              
        9.28162               0              
        9.28223               0              
        9.28284               1              
        9.28345               1              
        9.28406               1              
        9.28467               0              
        9.28528               0              
        9.28589               2              
         9.2865               0              
        9.28711               1              
        9.28772               0              
        9.28833               1              
        9.28894               0              
        9.28955               1              
        9.29016               0              
        9.29077               2              
        9.29138               1              
        9.29199               0              
         9.2926               1              
        9.29321               1              
        9.29382               0              
        9.29443               2              
        9.29504               1              
        9.29565               0              
        9.29626               0              
        9.29688               0              
        9.29749               0              
         9.2981               1              
        9.29871               0              
        9.29932               0              
        9.29993               0              
        9.30054               0              
        9.30115               0              
        9.30176               0              
        9.30237               0              
        9.30298               0              
        9.30359               0              
         9.3042               1              
        9.30481               0              
        9.30542               1              
        9.30603               3              
        9.30664               0              
        9.30725               0              
        9.30786               1              
        9.30847               0              
        9.30908               1              
        9.30969               1              
         9.3103               1              
        9.31091               1              
        9.31152               1              
        9.31213               0              
        9.31274               1              
        9.31335               0              
        9.31396               1              
        9.31458               0              
        9.31519               2              
         9.3158               0              
        9.31641               0              
        9.31702               0              
        9.31763               0              
        9.31824               0              
        9.31885               0              
        9.31946               0              
        9.32007               0              
        9.32068               0              
        9.32129               1              
         9.3219               0              
        9.32251               0              
        9.32312               0              
        9.32373               0              
        9.32434               0              
        9.32495               1              
        9.32556               2              
        9.32617               0              
        9.32678               0              
        9.32739               0              
          9.328               1              
        9.32861               1              
        9.32922               0              
        9.32983               0              
        9.33044               1              
        9.33105               0              
        9.33167               1              
        9.33228               0              
        9.33289               0              
         9.3335               1              
        9.33411               0              
        9.33472               1              
        9.33533               1              
        9.33594               0              
        9.33655               1              
        9.33716               0              
        9.33777               0              
        9.33838               2              
        9.33899               0              
         9.3396               1              
        9.34021               1              
        9.34082               4              
        9.34143               0              
        9.34204               0              
        9.34265               1              
        9.34326               1              
        9.34387               0              
        9.34448               0              
        9.34509               0              
         9.3457               1              
        9.34631               0              
        9.34692               1              
        9.34753               1              
        9.34814               0              
        9.34875               1              
        9.34937               1              
        9.34998               1              
        9.35059               0              
         9.3512               0              
        9.35181               0              
        9.35242               0              
        9.35303               0              
        9.35364               1              
        9.35425               1              
        9.35486               0              
        9.35547               0              
        9.35608               1              
        9.35669               0              
         9.3573               1              
        9.35791               1              
        9.35852               2              
        9.35913               0              
        9.35974               0              
        9.36035               2              
        9.36096               0              
        9.36157               0              
        9.36218               2              
        9.36279               2              
         9.3634               0              
        9.36401               1              
        9.36462               0              
        9.36523               0              
        9.36584               0              
        9.36646               1              
        9.36707               0              
        9.36768               1              
        9.36829               0              
         9.3689               1              
        9.36951               0              
        9.37012               0              
        9.37073               0              
        9.37134               0              
        9.37195               1              
        9.37256               1              
        9.37317               1              
        9.37378               0              
        9.37439               1              
          9.375               2              
        9.37561               1              
        9.37622               0              
        9.37683               0              
        9.37744               1              
        9.37805               0              
        9.37866               3              
        9.37927               0              
        9.37988               1              
        9.38049               0              
         9.3811               0              
        9.38171               0              
        9.38232               1              
        9.38293               0              
        9.38354               0              
        9.38416               1              
        9.38477               0              
        9.38538               2              
        9.38599               1              
         9.3866               1              
        9.38721               0              
        9.38782               2              
        9.38843               1              
        9.38904               0              
        9.38965               1              
        9.39026               1              
        9.39087               0              
        9.39148               0              
        9.39209               0              
         9.3927               1              
        9.39331               0              
        9.39392               2              
        9.39453               1              
        9.39514               2              
        9.39575               1              
        9.39636               0              
        9.39697               0              
        9.39758               0              
        9.39819               1              
         9.3988               0              
        9.39941               0              
        9.40002               0              
        9.40063               0              
        9.40125               0              
        9.40186               2              
        9.40247               0              
        9.40308               1              
        9.40369               1              
         9.4043               0              
        9.40491               0              
        9.40552               0              
        9.40613               0              
        9.40674               1              
        9.40735               0              
        9.40796               1              
        9.40857               1              
        9.40918               0              
        9.40979               1              
         9.4104               0              
        9.41101               0              
        9.41162               1              
        9.41223               0              
        9.41284               1              
        9.41345               0              
        9.41406               0              
        9.41467               1              
        9.41528               0              
        9.41589               0              
         9.4165               0              
        9.41711               1              
        9.41772               1              
        9.41833               3              
        9.41895               1              
        9.41956               0              
        9.42017               1              
        9.42078               0              
        9.42139               1              
          9.422               1              
        9.42261               0              
        9.42322               1              
        9.42383               0              
        9.42444               0              
        9.42505               1              
        9.42566               1              
        9.42627               0              
        9.42688               2              
        9.42749               1              
         9.4281               2              
        9.42871               1              
        9.42932               1              
        9.42993               0              
        9.43054               0              
        9.43115               0              
        9.43176               1              
        9.43237               0              
        9.43298               0              
        9.43359               0              
         9.4342               2              
        9.43481               2              
        9.43542               0              
        9.43604               3              
        9.43665               0              
        9.43726               0              
        9.43787               0              
        9.43848               0              
        9.43909               0              
         9.4397               0              
        9.44031               1              
        9.44092               0              
        9.44153               0              
        9.44214               1              
        9.44275               3              
        9.44336               0              
        9.44397               2              
        9.44458               1              
        9.44519               0              
         9.4458               0              
        9.44641               0              
        9.44702               1              
        9.44763               1              
        9.44824               0              
        9.44885               1              
        9.44946               1              
        9.45007               2              
        9.45068               0              
        9.45129               0              
         9.4519               0              
        9.45251               1              
        9.45312               0              
        9.45374               0              
        9.45435               0              
        9.45496               2              
        9.45557               0              
        9.45618               1              
        9.45679               0              
         9.4574               0              
        9.45801               0              
        9.45862               1              
        9.45923               0              
        9.45984               2              
        9.46045               1              
        9.46106               0              
        9.46167               0              
        9.46228               0              
        9.46289               0              
         9.4635               0              
        9.46411               1              
        9.46472               0              
        9.46533               0              
        9.46594               0              
        9.46655               0              
        9.46716               0              
        9.46777               0              
        9.46838               0              
        9.46899               0              
         9.4696               0              
        9.47021               0              
        9.47083               0              
        9.47144               0              
        9.47205               0              
        9.47266               1              
        9.47327               0              
        9.47388               1              
        9.47449               0              
         9.4751               0              
        9.47571               1              
        9.47632               0              
        9.47693               0              
        9.47754               0              
        9.47815               2              
        9.47876               1              
        9.47937               0              
        9.47998               0              
        9.48059               0              
         9.4812               0              
        9.48181               1              
        9.48242               1              
        9.48303               1              
        9.48364               1              
        9.48425               0              
        9.48486               0              
        9.48547               0              
        9.48608               0              
        9.48669               0              
         9.4873               1              
        9.48792               0              
        9.48853               1              
        9.48914               0              
        9.48975               2              
        9.49036               1              
        9.49097               0              
        9.49158               0              
        9.49219               0              
         9.4928               3              
        9.49341               0              
        9.49402               1              
        9.49463               0              
        9.49524               1              
        9.49585               0              
        9.49646               0              
        9.49707               1              
        9.49768               1              
        9.49829               0              
         9.4989               0              
        9.49951               1              
        9.50012               0              
        9.50073               1              
        9.50134               0              
        9.50195               0              
        9.50256               1              
        9.50317               0              
        9.50378               0              
        9.50439               0              
          9.505               0              
        9.50562               0              
        9.50623               1              
        9.50684               1              
        9.50745               1              
        9.50806               0              
        9.50867               0              
        9.50928               2              
        9.50989               0              
         9.5105               1              
        9.51111               0              
        9.51172               1              
        9.51233               0              
        9.51294               3              
        9.51355               0              
        9.51416               1              
        9.51477               0              
        9.51538               2              
        9.51599               1              
         9.5166               0              
        9.51721               1              
        9.51782               0              
        9.51843               0              
        9.51904               0              
        9.51965               1              
        9.52026               3              
        9.52087               0              
        9.52148               0              
        9.52209               0              
        9.52271               0              
        9.52332               0              
        9.52393               1              
        9.52454               0              
        9.52515               0              
        9.52576               1              
        9.52637               0              
        9.52698               0              
        9.52759               0              
         9.5282               0              
        9.52881               1              
        9.52942               2              
        9.53003               0              
        9.53064               1              
        9.53125               0              
        9.53186               0              
        9.53247               1              
        9.53308               0              
        9.53369               1              
         9.5343               0              
        9.53491               0              
        9.53552               0              
        9.53613               0              
        9.53674               0              
        9.53735               1              
        9.53796               1              
        9.53857               0              
        9.53918               0              
        9.53979               0              
        9.54041               1              
        9.54102               1              
        9.54163               0              
        9.54224               1              
        9.54285               1              
        9.54346               1              
        9.54407               0              
        9.54468               0              
        9.54529               2              
         9.5459               0              
        9.54651               0              
        9.54712               0              
        9.54773               2              
        9.54834               0              
        9.54895               0              
        9.54956               0              
        9.55017               0              
        9.55078               1              
        9.55139               0              
          9.552               0              
        9.55261               1              
        9.55322               0              
        9.55383               0              
        9.55444               0              
        9.55505               0              
        9.55566               0              
        9.55627               0              
        9.55688               0              
         9.5575               2              
        9.55811               3              
        9.55872               0              
        9.55933               0              
        9.55994               0              
        9.56055               1              
        9.56116               1              
        9.56177               0              
        9.56238               0              
        9.56299               1              
         9.5636               0              
        9.56421               1              
        9.56482               0              
        9.56543               0              
        9.56604               0              
        9.56665               1              
        9.56726               0              
        9.56787               0              
        9.56848               0              
        9.56909               0              
         9.5697               0              
        9.57031               0              
        9.57092               0              
        9.57153               0              
        9.57214               0              
        9.57275               3              
        9.57336               0              
        9.57397               0              
        9.57458               0              
         9.5752               3              
        9.57581               0              
        9.57642               0              
        9.57703               1              
        9.57764               0              
        9.57825               0              
        9.57886               2              
        9.57947               1              
        9.58008               2              
        9.58069               0              
         9.5813               0              
        9.58191               0              
        9.58252               0              
        9.58313               0              
        9.58374               1              
        9.58435               1              
        9.58496               0              
        9.58557               0              
        9.58618               0              
        9.58679               0              
         9.5874               1              
        9.58801               0              
        9.58862               0              
        9.58923               0              
        9.58984               3              
        9.59045               0              
        9.59106               0              
        9.59167               0              
        9.59229               0              
         9.5929               0              
        9.59351               0              
        9.59412               0              
        9.59473               0              
        9.59534               0              
        9.59595               0              
        9.59656               1              
        9.59717               0              
        9.59778               0              
        9.59839               0              
          9.599               0              
        9.59961               0              
        9.60022               2              
        9.60083               0              
        9.60144               0              
        9.60205               0              
        9.60266               3              
        9.60327               1              
        9.60388               0              
        9.60449               1              
         9.6051               1              
        9.60571               0              
        9.60632               0              
        9.60693               2              
        9.60754               0              
        9.60815               1              
        9.60876               1              
        9.60938               0              
        9.60999               0              
         9.6106               1              
        9.61121               0              
        9.61182               0              
        9.61243               0              
        9.61304               0              
        9.61365               0              
        9.61426               0              
        9.61487               0              
        9.61548               1              
        9.61609               0              
         9.6167               1              
        9.61731               0              
        9.61792               0              
        9.61853               0              
        9.61914               0              
        9.61975               0              
        9.62036               2              
        9.62097               0              
        9.62158               0              
        9.62219               0              
         9.6228               0              
        9.62341               1              
        9.62402               0              
        9.62463               0              
        9.62524               0              
        9.62585               1              
        9.62646               0              
        9.62708               0              
        9.62769               0              
         9.6283               0              
        9.62891               1              
        9.62952               0              
        9.63013               0              
        9.63074               0              
        9.63135               0              
        9.63196               1              
        9.63257               2              
        9.63318               3              
        9.63379               0              
         9.6344               0              
        9.63501               0              
        9.63562               0              
        9.63623               0              
        9.63684               0              
        9.63745               1              
        9.63806               0              
        9.63867               0              
        9.63928               0              
        9.63989               0              
         9.6405               0              
        9.64111               1              
        9.64172               0              
        9.64233               0              
        9.64294               0              
        9.64355               0              
        9.64417               0              
        9.64478               1              
        9.64539               1              
          9.646               0              
        9.64661               2              
        9.64722               0              
        9.64783               0              
        9.64844               1              
        9.64905               0              
        9.64966               1              
        9.65027               0              
        9.65088               0              
        9.65149               0              
         9.6521               1              
        9.65271               1              
        9.65332               1              
        9.65393               1              
        9.65454               0              
        9.65515               0              
        9.65576               1              
        9.65637               0              
        9.65698               1              
        9.65759               1              
         9.6582               1              
        9.65881               0              
        9.65942               0              
        9.66003               0              
        9.66064               0              
        9.66125               0              
        9.66187               0              
        9.66248               0              
        9.66309               0              
         9.6637               1              
        9.66431               0              
        9.66492               1              
        9.66553               0              
        9.66614               1              
        9.66675               3              
        9.66736               1              
        9.66797               0              
        9.66858               0              
        9.66919               0              
         9.6698               0              
        9.67041               2              
        9.67102               1              
        9.67163               1              
        9.67224               0              
        9.67285               1              
        9.67346               0              
        9.67407               2              
        9.67468               0              
        9.67529               0              
         9.6759               0              
        9.67651               2              
        9.67712               0              
        9.67773               1              
        9.67834               0              
        9.67896               0              
        9.67957               0              
        9.68018               0              
        9.68079               0              
         9.6814               0              
        9.68201               0              
        9.68262               0              
        9.68323               1              
        9.68384               0              
        9.68445               0              
        9.68506               0              
        9.68567               1              
        9.68628               0              
        9.68689               0              
         9.6875               0              
        9.68811               1              
        9.68872               0              
        9.68933               0              
        9.68994               0              
        9.69055               0              
        9.69116               1              
        9.69177               1              
        9.69238               0              
        9.69299               0              
         9.6936               1              
        9.69421               2              
        9.69482               0              
        9.69543               0              
        9.69604               1              
        9.69666               1              
        9.69727               1              
        9.69788               0              
        9.69849               0              
         9.6991               0              
        9.69971               1              
        9.70032               2              
        9.70093               0              
        9.70154               0              
        9.70215               1              
        9.70276               1              
        9.70337               1              
        9.70398               0              
        9.70459               0              
         9.7052               0              
        9.70581               0              
        9.70642               0              
        9.70703               1              
        9.70764               1              
        9.70825               1              
        9.70886               0              
        9.70947               1              
        9.71008               0              
        9.71069               0              
         9.7113               1              
        9.71191               0              
        9.71252               0              
        9.71313               0              
        9.71375               0              
        9.71436               0              
        9.71497               1              
        9.71558               0              
        9.71619               0              
         9.7168               0              
        9.71741               1              
        9.71802               1              
        9.71863               0              
        9.71924               0              
        9.71985               0              
        9.72046               0              
        9.72107               1              
        9.72168               1              
        9.72229               0              
         9.7229               0              
        9.72351               0              
        9.72412               0              
        9.72473               0              
        9.72534               0              
        9.72595               1              
        9.72656               0              
        9.72717               0              
        9.72778               0              
        9.72839               0              
          9.729               0              
        9.72961               0              
        9.73022               0              
        9.73083               3              
        9.73145               1              
        9.73206               0              
        9.73267               2              
        9.73328               0              
        9.73389               1              
         9.7345               0              
        9.73511               0              
        9.73572               3              
        9.73633               0              
        9.73694               0              
        9.73755               1              
        9.73816               1              
        9.73877               0              
        9.73938               0              
        9.73999               0              
         9.7406               0              
        9.74121               0              
        9.74182               1              
        9.74243               0              
        9.74304               0              
        9.74365               0              
        9.74426               0              
        9.74487               1              
        9.74548               0              
        9.74609               1              
         9.7467               1              
        9.74731               1              
        9.74792               0              
        9.74854               0              
        9.74915               1              
        9.74976               1              
        9.75037               0              
        9.75098               0              
        9.75159               0              
         9.7522               1              
        9.75281               0              
        9.75342               0              
        9.75403               1              
        9.75464               0              
        9.75525               1              
        9.75586               0              
        9.75647               0              
        9.75708               1              
        9.75769               0              
         9.7583               0              
        9.75891               0              
        9.75952               0              
        9.76013               0              
        9.76074               0              
        9.76135               1              
        9.76196               1              
        9.76257               2              
        9.76318               0              
        9.76379               0              
         9.7644               0              
        9.76501               0              
        9.76562               1              
        9.76624               0              
        9.76685               0              
        9.76746               0              
        9.76807               1              
        9.76868               0              
        9.76929               0              
         9.7699               0              
        9.77051               0              
        9.77112               0              
        9.77173               1              
        9.77234               0              
        9.77295               0              
        9.77356               0              
        9.77417               0              
        9.77478               0              
        9.77539               1              
          9.776               0              
        9.77661               0              
        9.77722               0              
        9.77783               0              
        9.77844               0              
        9.77905               1              
        9.77966               1              
        9.78027               0              
        9.78088               0              
        9.78149               1              
         9.7821               0              
        9.78271               0              
        9.78333               0              
        9.78394               0              
        9.78455               1              
        9.78516               0              
        9.78577               0              
        9.78638               0              
        9.78699               0              
         9.7876               1              
        9.78821               0              
        9.78882               1              
        9.78943               0              
        9.79004               0              
        9.79065               2              
        9.79126               0              
        9.79187               1              
        9.79248               1              
        9.79309               2              
         9.7937               1              
        9.79431               1              
        9.79492               1              
        9.79553               1              
        9.79614               1              
        9.79675               0              
        9.79736               0              
        9.79797               0              
        9.79858               0              
        9.79919               0              
         9.7998               0              
        9.80042               1              
        9.80103               0              
        9.80164               0              
        9.80225               0              
        9.80286               1              
        9.80347               0              
        9.80408               1              
        9.80469               0              
         9.8053               0              
        9.80591               0              
        9.80652               1              
        9.80713               0              
        9.80774               1              
        9.80835               0              
        9.80896               0              
        9.80957               0              
        9.81018               0              
        9.81079               0              
         9.8114               0              
        9.81201               0              
        9.81262               0              
        9.81323               0              
        9.81384               0              
        9.81445               0              
        9.81506               0              
        9.81567               0              
        9.81628               0              
        9.81689               0              
         9.8175               0              
        9.81812               0              
        9.81873               0              
        9.81934               2              
        9.81995               1              
        9.82056               1              
        9.82117               0              
        9.82178               0              
        9.82239               0              
          9.823               2              
        9.82361               1              
        9.82422               2              
        9.82483               1              
        9.82544               0              
        9.82605               0              
        9.82666               0              
        9.82727               0              
        9.82788               0              
        9.82849               0              
         9.8291               0              
        9.82971               0              
        9.83032               0              
        9.83093               1              
        9.83154               0              
        9.83215               0              
        9.83276               1              
        9.83337               1              
        9.83398               0              
        9.83459               1              
        9.83521               2              
        9.83582               1              
        9.83643               0              
        9.83704               1              
        9.83765               0              
        9.83826               0              
        9.83887               2              
        9.83948               0              
        9.84009               0              
         9.8407               1              
        9.84131               0              
        9.84192               1              
        9.84253               0              
        9.84314               1              
        9.84375               0              
        9.84436               0              
        9.84497               0              
        9.84558               1              
        9.84619               0              
         9.8468               1              
        9.84741               0              
        9.84802               1              
        9.84863               0              
        9.84924               2              
        9.84985               0              
        9.85046               0              
        9.85107               1              
        9.85168               1              
        9.85229               0              
        9.85291               0              
        9.85352               0              
        9.85413               1              
        9.85474               0              
        9.85535               3              
        9.85596               0              
        9.85657               0              
        9.85718               0              
        9.85779               0              
         9.8584               0              
        9.85901               1              
        9.85962               1              
        9.86023               0              
        9.86084               1              
        9.86145               0              
        9.86206               1              
        9.86267               0              
        9.86328               1              
        9.86389               0              
         9.8645               1              
        9.86511               2              
        9.86572               0              
        9.86633               0              
        9.86694               0              
        9.86755               2              
        9.86816               0              
        9.86877               0              
        9.86938               0              
           9.87               0              
        9.87061               1              
        9.87122               0              
        9.87183               0              
        9.87244               1              
        9.87305               0              
        9.87366               1              
        9.87427               0              
        9.87488               0              
        9.87549               1              
         9.8761               0              
        9.87671               1              
        9.87732               0              
        9.87793               1              
        9.87854               0              
        9.87915               0              
        9.87976               0              
        9.88037               0              
        9.88098               0              
        9.88159               0              
         9.8822               0              
        9.88281               1              
        9.88342               2              
        9.88403               0              
        9.88464               0              
        9.88525               0              
        9.88586               0              
        9.88647               1              
        9.88708               0              
         9.8877               0              
        9.88831               0              
        9.88892               0              
        9.88953               1              
        9.89014               1              
        9.89075               1              
        9.89136               0              
        9.89197               1              
        9.89258               0              
        9.89319               0              
         9.8938               0              
        9.89441               0              
        9.89502               1              
        9.89563               1              
        9.89624               0              
        9.89685               0              
        9.89746               0              
        9.89807               1              
        9.89868               0              
        9.89929               1              
         9.8999               1              
        9.90051               0              
        9.90112               0              
        9.90173               1              
        9.90234               0              
        9.90295               0              
        9.90356               0              
        9.90417               0              
        9.90479               0              
         9.9054               1              
        9.90601               0              
        9.90662               0              
        9.90723               0              
        9.90784               0              
        9.90845               1              
        9.90906               0              
        9.90967               1              
        9.91028               1              
        9.91089               0              
         9.9115               0              
        9.91211               0              
        9.91272               2              
        9.91333               0              
        9.91394               1              
        9.91455               1              
        9.91516               0              
        9.91577               0              
        9.91638               0              
        9.91699               1              
         9.9176               0              
        9.91821               1              
        9.91882               0              
        9.91943               1              
        9.92004               0              
        9.92065               0              
        9.92126               0              
        9.92188               0              
        9.92249               0              
         9.9231               0              
        9.92371               0              
        9.92432               0              
        9.92493               1              
        9.92554               1              
        9.92615               1              
        9.92676               0              
        9.92737               0              
        9.92798               0              
        9.92859               0              
         9.9292               0              
        9.92981               1              
        9.93042               0              
        9.93103               0              
        9.93164               0              
        9.93225               0              
        9.93286               0              
        9.93347               0              
        9.93408               0              
        9.93469               0              
         9.9353               0              
        9.93591               0              
        9.93652               0              
        9.93713               1              
        9.93774               2              
        9.93835               1              
        9.93896               0              
        9.93958               0              
        9.94019               0              
         9.9408               0              
        9.94141               0              
        9.94202               1              
        9.94263               0              
        9.94324               0              
        9.94385               2              
        9.94446               0              
        9.94507               2              
        9.94568               0              
        9.94629               1              
         9.9469               0              
        9.94751               0              
        9.94812               1              
        9.94873               0              
        9.94934               0              
        9.94995               0              
        9.95056               0              
        9.95117               0              
        9.95178               1              
        9.95239               0              
          9.953               0              
        9.95361               0              
        9.95422               0              
        9.95483               0              
        9.95544               0              
        9.95605               0              
        9.95667               2              
        9.95728               0              
        9.95789               0              
         9.9585               0              
        9.95911               1              
        9.95972               1              
        9.96033               0              
        9.96094               1              
        9.96155               1              
        9.96216               1              
        9.96277               0              
        9.96338               0              
        9.96399               0              
         9.9646               1              
        9.96521               0              
        9.96582               1              
        9.96643               2              
        9.96704               1              
        9.96765               0              
        9.96826               0              
        9.96887               1              
        9.96948               0              
        9.97009               0              
         9.9707               0              
        9.97131               0              
        9.97192               0              
        9.97253               0              
        9.97314               0              
        9.97375               0              
        9.97437               0              
        9.97498               0              
        9.97559               1              
         9.9762               2              
        9.97681               0              
        9.97742               1              
        9.97803               1              
        9.97864               0              
        9.97925               0              
        9.97986               0              
        9.98047               0              
        9.98108               1              
        9.98169               1              
         9.9823               0              
        9.98291               2              
        9.98352               0              
        9.98413               0              
        9.98474               1              
        9.98535               0              
        9.98596               1              
        9.98657               0              
        9.98718               1              
        9.98779               0              
         9.9884               0              
        9.98901               0              
        9.98962               2              
        9.99023               0              
        9.99084               2              
        9.99146               0              
        9.99207               1              
        9.99268               0              
        9.99329               0              
         9.9939               0              
        9.99451               0              
        9.99512               0              
        9.99573               1              
        9.99634               0              
        9.99695               1              
        8.96149     1.98949e-09              
        8.96637     3.58109e-09              
        8.97126      1.5916e-09              
        8.97614     3.58109e-09              
        8.98102     2.78529e-09              
        8.98591     2.78529e-09              
        8.99079     5.96848e-09              
        8.99567      3.5811e-09              
        9.00056     3.18319e-09              
        9.00544     2.78529e-09              
        9.01032     2.38739e-09              
         9.0152     3.97898e-09              
        9.02008     1.98949e-09              
        9.02496     4.37689e-09              
        9.02984     2.38739e-09              
        9.03472      1.5916e-09              
        9.03961     2.78529e-09              
        9.04449     3.18319e-09              
        9.04937     5.17269e-09              
        9.05425     2.38739e-09              
        9.05914     4.37689e-09              
        9.06402     3.58109e-09              
         9.0689     3.18319e-09              
        9.07379     3.18319e-09              
        9.07867     2.78529e-09              
        9.08355     3.18319e-09              
        9.08844     2.78529e-09              
        9.09332     5.17269e-09              
         9.0982     2.38739e-09              
        9.10308      1.1937e-09              
        9.10797     2.38739e-09              
        9.11286     2.78529e-09              
        9.11774     3.18319e-09              
        9.12262       3.979e-10              
        9.12751     4.77478e-09              
        9.13239     2.78529e-09              
        9.13727      1.1937e-09              
        9.14216      1.1937e-09              
        9.14704     2.78529e-09              
        9.15192     1.19369e-09              
        9.15681      1.5916e-09              
        9.16169     1.98949e-09              
        9.16657     1.98949e-09              
        9.17145     3.97899e-09              
        9.17633     2.78529e-09              
        9.18121     1.98949e-09              
        9.18609      1.5916e-09              
        9.19097      3.5811e-09              
        9.19586       3.979e-10              
        9.20074     3.18319e-09              
        9.20562     3.58109e-09              
         9.2105     3.58109e-09              
        9.21539     3.58109e-09              
        9.22027     2.78529e-09              
        9.22515     3.18319e-09              
        9.23004     2.38739e-09              
        9.23492     3.18319e-09              
         9.2398     3.97899e-09              
        9.24469     2.78529e-09              
        9.24957     3.18319e-09              
        9.25445     2.38739e-09              
        9.25933     1.98949e-09              
        9.26422      1.1937e-09              
        9.26911     3.97899e-09              
        9.27399       7.958e-10              
        9.27887     3.58109e-09              
        9.28376      1.5916e-09              
        9.28864     1.98949e-09              
        9.29352     3.18319e-09              
        9.29841     3.18319e-09              
        9.30329     4.77478e-09              
        9.30817     2.38739e-09              
        9.31306     1.19369e-09              
        9.31794     4.37689e-09              
        9.32282      1.5916e-09              
         9.3277       7.958e-10              
        9.33258      1.5916e-09              
        9.33746     2.38739e-09              
        9.34234      1.1937e-09              
        9.34722     3.58109e-09              
        9.35211     3.18319e-09              
        9.35699      1.5916e-09              
        9.36187     2.78529e-09              
        9.36675     2.38739e-09              
        9.37164     1.98949e-09              
        9.37652      1.5916e-09              
         9.3814     2.78529e-09              
        9.38629     1.98949e-09              
        9.39117     3.58109e-09              
        9.39605     3.18319e-09              
        9.40094     2.38739e-09              
        9.40582      1.5916e-09              
         9.4107     4.37689e-09              
        9.41558     1.98949e-09              
        9.42047     2.38739e-09              
        9.42536     3.97899e-09              
        9.43024     3.18319e-09              
        9.43512     1.98949e-09              
        9.44001     1.98949e-09              
        9.44489       7.958e-10              
        9.44977     3.58109e-09              
        9.45466      1.1937e-09              
        9.45954     2.78529e-09              
        9.46442     3.18319e-09              
        9.46931      1.5916e-09              
        9.47419     2.78529e-09              
        9.47907      1.5916e-09              
        9.48395     2.78529e-09              
        9.48883      1.5916e-09              
        9.49371     3.18319e-09              
        9.49859     2.38739e-09              
        9.50347     2.38739e-09              
        9.50836     3.58109e-09              
        9.51324     1.98949e-09              
        9.51812     3.18319e-09              
          9.523     2.38739e-09              
        9.52789     2.38739e-09              
        9.53277      1.5916e-09              
        9.53765     1.98949e-09              
        9.54254      1.5916e-09              
        9.54742     1.98949e-09              
         9.5523       7.958e-10              
        9.55719     3.18319e-09              
        9.56207      1.5916e-09              
        9.56695     3.58109e-09              
        9.57183     1.19369e-09              
        9.57672     3.18319e-09              
        9.58161     1.98949e-09              
        9.58649      1.5916e-09              
        9.59137      1.1937e-09              
        9.59626     2.78529e-09              
        9.60114      1.5916e-09              
        9.60602     2.38739e-09              
        9.61091      1.5916e-09              
        9.61579       7.958e-10              
        9.62067     2.38739e-09              
        9.62556     3.97899e-09              
        9.63044       7.958e-10              
        9.63532     1.98949e-09              
         9.6402     3.18319e-09              
        9.64508      1.5916e-09              
        9.64996     1.98949e-09              
        9.65484      1.5916e-09              
        9.65972      1.5916e-09              
        9.66461     1.19369e-09              
        9.66949     4.77479e-09              
        9.67437     2.78529e-09              
        9.67925      1.1937e-09              
        9.68414       7.958e-10              
        9.68902      1.5916e-09              
         9.6939     2.78529e-09              
        9.69879     2.38739e-09              
        9.70367      1.5916e-09              
        9.70855     2.38739e-09              
        9.71344       7.958e-10              
        9.71832      1.5916e-09              
         9.7232     1.19369e-09              
        9.72808       7.958e-10              
        9.73297     2.78529e-09              
        9.73786      1.5916e-09              
        9.74274     3.58109e-09              
        9.74762     1.98949e-09              
        9.75251      1.5916e-09              
        9.75739      1.5916e-09              
        9.76227     1.98949e-09              
        9.76716       7.958e-10              
        9.77204      1.1937e-09              
        9.77692     2.38739e-09              
        9.78181     3.18319e-09              
        9.78669     2.38739e-09              
        9.79157     2.38739e-09              
        9.79645       7.958e-10              
        9.80133     2.38739e-09              
        9.80621      1.1937e-09              
        9.81109      1.5916e-09              
        9.81597      1.1937e-09              
        9.82086      1.5916e-09              
        9.82574     3.18319e-09              
        9.83062     1.98949e-09              
         9.8355     2.38739e-09              
        9.84039      1.1937e-09              
        9.84527               0              
        9.85015     1.98949e-09              
        9.85504      1.5916e-09              
        9.85992      1.5916e-09              
         9.8648      1.5916e-09              
        9.86969       7.958e-10              
        9.87457     2.38739e-09              
        9.87945     1.98949e-09              
        9.88433     1.98949e-09              
        9.88922     1.98949e-09              
        9.89411     2.78529e-09              
        9.89899     1.98949e-09              
        9.90387     1.98949e-09              
        9.90876     1.98949e-09              
        9.91364     3.18319e-09              
        9.91852     2.38739e-09              
        9.92341     1.98949e-09              
        9.92829     2.38739e-09              
        9.93317      1.1937e-09              
        9.93806     2.78529e-09              
        9.94294      1.1937e-09              
        9.94782     1.19369e-09              
         9.9527     2.38739e-09              
