        1.99951               3              
        2.00012               6              
        2.00073               2              
        2.00134               4              
        2.00195               1              
        2.00256               9              
        2.00317               9              
        2.00378               8              
        2.00439               5              
          2.005               3              
        2.00562               3              
        2.00623               5              
        2.00684               5              
        2.00745               4              
        2.00806               3              
        2.00867               6              
        2.00928               3              
        2.00989               8              
         2.0105               4              
        2.01111               6              
        2.01172               6              
        2.01233               3              
        2.01294               3              
        2.01355               4              
        2.01416               4              
        2.01477               1              
        2.01538               5              
        2.01599               5              
         2.0166               5              
        2.01721               5              
        2.01782               3              
        2.01843              12              
        2.01904               4              
        2.01965               5              
        2.02026               4              
        2.02087               5              
        2.02148               6              
        2.02209               6              
        2.02271               2              
        2.02332               4              
        2.02393               5              
        2.02454               4              
        2.02515               2              
        2.02576               6              
        2.02637               3              
        2.02698               1              
        2.02759               3              
         2.0282               5              
        2.02881               7              
        2.02942               1              
        2.03003               3              
        2.03064               2              
        2.03125               3              
        2.03186               2              
        2.03247               4              
        2.03308               2              
        2.03369               6              
         2.0343               3              
        2.03491               3              
        2.03552               8              
        2.03613               2              
        2.03674               4              
        2.03735               3              
        2.03796               3              
        2.03857               6              
        2.03918               2              
        2.03979               3              
        2.04041               7              
        2.04102               1              
        2.04163               6              
        2.04224               3              
        2.04285               6              
        2.04346               3              
        2.04407               0              
        2.04468               4              
        2.04529               6              
         2.0459               3              
        2.04651               3              
        2.04712               5              
        2.04773               3              
        2.04834               3              
        2.04895               6              
        2.04956               2              
        2.05017               5              
        2.05078               5              
        2.05139               3              
          2.052               5              
        2.05261               6              
        2.05322               7              
        2.05383               2              
        2.05444               5              
        2.05505               2              
        2.05566               5              
        2.05627               7              
        2.05688               3              
         2.0575               3              
        2.05811               9              
        2.05872               5              
        2.05933               6              
        2.05994               2              
        2.06055               6              
        2.06116               2              
        2.06177               5              
        2.06238               6              
        2.06299               4              
         2.0636               1              
        2.06421               4              
        2.06482               4              
        2.06543               2              
        2.06604               4              
        2.06665               7              
        2.06726               3              
        2.06787               2              
        2.06848               4              
        2.06909               6              
         2.0697               3              
        2.07031               3              
        2.07092               2              
        2.07153               5              
        2.07214               5              
        2.07275               1              
        2.07336               6              
        2.07397               5              
        2.07458               3              
         2.0752               6              
        2.07581               3              
        2.07642               4              
        2.07703               3              
        2.07764               4              
        2.07825               7              
        2.07886               2              
        2.07947               3              
        2.08008               3              
        2.08069               4              
         2.0813               5              
        2.08191               7              
        2.08252               5              
        2.08313               1              
        2.08374               6              
        2.08435               2              
        2.08496               6              
        2.08557               0              
        2.08618               5              
        2.08679               2              
         2.0874               6              
        2.08801               3              
        2.08862               5              
        2.08923               3              
        2.08984               4              
        2.09045               5              
        2.09106               3              
        2.09167               1              
        2.09229               1              
         2.0929               2              
        2.09351               0              
        2.09412               1              
        2.09473               1              
        2.09534               2              
        2.09595               4              
        2.09656               2              
        2.09717               5              
        2.09778               3              
        2.09839               5              
          2.099               1              
        2.09961               3              
        2.10022               3              
        2.10083               4              
        2.10144               6              
        2.10205               7              
        2.10266               9              
        2.10327               2              
        2.10388               2              
        2.10449               3              
         2.1051               1              
        2.10571               5              
        2.10632               3              
        2.10693               5              
        2.10754               3              
        2.10815               4              
        2.10876               3              
        2.10938               6              
        2.10999               3              
         2.1106               2              
        2.11121               1              
        2.11182               3              
        2.11243               4              
        2.11304               4              
        2.11365               2              
        2.11426               6              
        2.11487               8              
        2.11548               4              
        2.11609               9              
         2.1167               2              
        2.11731               5              
        2.11792               5              
        2.11853               5              
        2.11914               6              
        2.11975               4              
        2.12036               5              
        2.12097               7              
        2.12158               5              
        2.12219               2              
         2.1228               3              
        2.12341               3              
        2.12402               2              
        2.12463               4              
        2.12524               5              
        2.12585               5              
        2.12646               2              
        2.12708               4              
        2.12769               4              
         2.1283               1              
        2.12891               5              
        2.12952              10              
        2.13013               6              
        2.13074               6              
        2.13135               5              
        2.13196               2              
        2.13257               4              
        2.13318               1              
        2.13379               3              
         2.1344               2              
        2.13501               2              
        2.13562               4              
        2.13623               2              
        2.13684               5              
        2.13745               6              
        2.13806               5              
        2.13867               3              
        2.13928               3              
        2.13989               3              
         2.1405               0              
        2.14111               5              
        2.14172               3              
        2.14233               6              
        2.14294               4              
        2.14355               5              
        2.14417               3              
        2.14478               6              
        2.14539               5              
          2.146               3              
        2.14661               1              
        2.14722               4              
        2.14783               1              
        2.14844               2              
        2.14905               5              
        2.14966              11              
        2.15027               3              
        2.15088               0              
        2.15149               2              
         2.1521               2              
        2.15271               3              
        2.15332               4              
        2.15393               2              
        2.15454               7              
        2.15515               3              
        2.15576               8              
        2.15637               7              
        2.15698               5              
        2.15759               3              
         2.1582               8              
        2.15881               4              
        2.15942               0              
        2.16003               2              
        2.16064               3              
        2.16125               6              
        2.16187               2              
        2.16248               6              
        2.16309               5              
         2.1637               3              
        2.16431               3              
        2.16492               1              
        2.16553               4              
        2.16614               3              
        2.16675               5              
        2.16736               4              
        2.16797               4              
        2.16858               3              
        2.16919               1              
         2.1698               4              
        2.17041               5              
        2.17102               4              
        2.17163               2              
        2.17224               3              
        2.17285               4              
        2.17346               4              
        2.17407               4              
        2.17468               4              
        2.17529               7              
         2.1759               2              
        2.17651               4              
        2.17712               1              
        2.17773               5              
        2.17834               3              
        2.17896               6              
        2.17957               6              
        2.18018               6              
        2.18079               3              
         2.1814               4              
        2.18201               4              
        2.18262               1              
        2.18323               5              
        2.18384               2              
        2.18445               4              
        2.18506               6              
        2.18567               3              
        2.18628               2              
        2.18689               6              
         2.1875               3              
        2.18811               7              
        2.18872               6              
        2.18933               5              
        2.18994               3              
        2.19055               3              
        2.19116               4              
        2.19177               3              
        2.19238               5              
        2.19299               1              
         2.1936               2              
        2.19421               3              
        2.19482               2              
        2.19543               5              
        2.19604               2              
        2.19666               2              
        2.19727               6              
        2.19788               1              
        2.19849               1              
         2.1991               2              
        2.19971               3              
        2.20032               4              
        2.20093               4              
        2.20154               5              
        2.20215               3              
        2.20276               6              
        2.20337               4              
        2.20398               2              
        2.20459               3              
         2.2052               3              
        2.20581               2              
        2.20642               3              
        2.20703               4              
        2.20764               5              
        2.20825               3              
        2.20886               4              
        2.20947               4              
        2.21008               3              
        2.21069               9              
         2.2113               6              
        2.21191               5              
        2.21252               1              
        2.21313               2              
        2.21375               4              
        2.21436               7              
        2.21497               5              
        2.21558               2              
        2.21619               3              
         2.2168               3              
        2.21741               4              
        2.21802               3              
        2.21863               4              
        2.21924               3              
        2.21985               1              
        2.22046              11              
        2.22107               3              
        2.22168               4              
        2.22229              10              
         2.2229            2150              
        2.22351              10              
        2.22412               4              
        2.22473               4              
        2.22534               4              
        2.22595               3              
        2.22656               3              
        2.22717               3              
        2.22778               3              
        2.22839               5              
          2.229               6              
        2.22961               0              
        2.23022               3              
        2.23083               2              
        2.23145               2              
        2.23206               3              
        2.23267               2              
        2.23328               4              
        2.23389               1              
         2.2345               4              
        2.23511               2              
        2.23572               2              
        2.23633               0              
        2.23694               5              
        2.23755               5              
        2.23816               5              
        2.23877               2              
        2.23938               3              
        2.23999               4              
         2.2406               4              
        2.24121               2              
        2.24182               5              
        2.24243               1              
        2.24304               2              
        2.24365               4              
        2.24426               2              
        2.24487               5              
        2.24548               1              
        2.24609               3              
         2.2467               4              
        2.24731               2              
        2.24792               3              
        2.24854               2              
        2.24915               4              
        2.24976               1              
        2.25037               7              
        2.25098               5              
        2.25159               7              
         2.2522               4              
        2.25281               4              
        2.25342               4              
        2.25403               1              
        2.25464               3              
        2.25525               3              
        2.25586               1              
        2.25647               4              
        2.25708               5              
        2.25769               2              
         2.2583               1              
        2.25891               4              
        2.25952               0              
        2.26013               2              
        2.26074               6              
        2.26135               5              
        2.26196               2              
        2.26257               3              
        2.26318               1              
        2.26379               2              
         2.2644               2              
        2.26501               3              
        2.26562               2              
        2.26624               3              
        2.26685               4              
        2.26746               3              
        2.26807               3              
        2.26868               2              
        2.26929               4              
         2.2699               4              
        2.27051               1              
        2.27112               2              
        2.27173               1              
        2.27234               4              
        2.27295               5              
        2.27356               3              
        2.27417               4              
        2.27478               5              
        2.27539               1              
          2.276               2              
        2.27661               4              
        2.27722               1              
        2.27783               1              
        2.27844               4              
        2.27905               1              
        2.27966               2              
        2.28027               3              
        2.28088               3              
        2.28149               0              
         2.2821               3              
        2.28271               3              
        2.28333               4              
        2.28394               4              
        2.28455               2              
        2.28516               0              
        2.28577               1              
        2.28638               4              
        2.28699               3              
         2.2876               3              
        2.28821               3              
        2.28882               2              
        2.28943               3              
        2.29004               4              
        2.29065               6              
        2.29126               5              
        2.29187               4              
        2.29248               1              
        2.29309               3              
         2.2937               4              
        2.29431               3              
        2.29492               2              
        2.29553               5              
        2.29614               3              
        2.29675               2              
        2.29736               4              
        2.29797               0              
        2.29858               3              
        2.29919               7              
         2.2998               3              
        2.30042               1              
        2.30103               3              
        2.30164               2              
        2.30225               4              
        2.30286               1              
        2.30347               5              
        2.30408               3              
        2.30469               3              
         2.3053               5              
        2.30591               2              
        2.30652               1              
        2.30713               4              
        2.30774               0              
        2.30835               3              
        2.30896               5              
        2.30957               1              
        2.31018               2              
        2.31079               5              
         2.3114               0              
        2.31201               2              
        2.31262               2              
        2.31323               1              
        2.31384               4              
        2.31445               2              
        2.31506               3              
        2.31567               2              
        2.31628               2              
        2.31689               3              
         2.3175               2              
        2.31812               1              
        2.31873               3              
        2.31934               5              
        2.31995               1              
        2.32056               1              
        2.32117               1              
        2.32178               1              
        2.32239               1              
          2.323               2              
        2.32361               3              
        2.32422               4              
        2.32483               2              
        2.32544               5              
        2.32605               1              
        2.32666               5              
        2.32727               4              
        2.32788               5              
        2.32849               1              
         2.3291               4              
        2.32971               4              
        2.33032               7              
        2.33093               5              
        2.33154               2              
        2.33215               4              
        2.33276               2              
        2.33337               1              
        2.33398               3              
        2.33459               0              
        2.33521               2              
        2.33582               0              
        2.33643               6              
        2.33704               3              
        2.33765               3              
        2.33826               0              
        2.33887               1              
        2.33948               1              
        2.34009               2              
         2.3407               2              
        2.34131               2              
        2.34192               1              
        2.34253               7              
        2.34314               2              
        2.34375               4              
        2.34436               3              
        2.34497               3              
        2.34558               1              
        2.34619               2              
         2.3468               4              
        2.34741               1              
        2.34802               2              
        2.34863               6              
        2.34924               3              
        2.34985               1              
        2.35046               1              
        2.35107               3              
        2.35168               0              
        2.35229               1              
        2.35291               2              
        2.35352               3              
        2.35413               1              
        2.35474               3              
        2.35535               3              
        2.35596               1              
        2.35657               4              
        2.35718               4              
        2.35779               4              
         2.3584               2              
        2.35901               4              
        2.35962               4              
        2.36023               4              
        2.36084               3              
        2.36145               5              
        2.36206               4              
        2.36267               1              
        2.36328               3              
        2.36389               5              
         2.3645               1              
        2.36511               0              
        2.36572               5              
        2.36633               2              
        2.36694               4              
        2.36755               3              
        2.36816               2              
        2.36877               5              
        2.36938               4              
           2.37               5              
        2.37061               2              
        2.37122               3              
        2.37183               4              
        2.37244               2              
        2.37305               3              
        2.37366               4              
        2.37427               2              
        2.37488               1              
        2.37549               8              
         2.3761               4              
        2.37671               5              
        2.37732               7              
        2.37793               1              
        2.37854               3              
        2.37915               4              
        2.37976               2              
        2.38037               4              
        2.38098               3              
        2.38159               4              
         2.3822               3              
        2.38281               2              
        2.38342               3              
        2.38403               1              
        2.38464               5              
        2.38525               6              
        2.38586               3              
        2.38647               3              
        2.38708               2              
         2.3877               4              
        2.38831               3              
        2.38892               2              
        2.38953               3              
        2.39014               6              
        2.39075               2              
        2.39136               3              
        2.39197               6              
        2.39258               2              
        2.39319               2              
         2.3938               2              
        2.39441               0              
        2.39502               4              
        2.39563               2              
        2.39624               6              
        2.39685               4              
        2.39746               0              
        2.39807               1              
        2.39868               1              
        2.39929               5              
         2.3999               3              
        2.40051               1              
        2.40112               7              
        2.40173               2              
        2.40234               1              
        2.40295               5              
        2.40356               4              
        2.40417               2              
        2.40479               2              
         2.4054               0              
        2.40601               1              
        2.40662               0              
        2.40723               3              
        2.40784               3              
        2.40845               1              
        2.40906               4              
        2.40967               2              
        2.41028               1              
        2.41089               4              
         2.4115               1              
        2.41211               2              
        2.41272               6              
        2.41333               2              
        2.41394               4              
        2.41455               2              
        2.41516               2              
        2.41577               3              
        2.41638               2              
        2.41699               0              
         2.4176               4              
        2.41821               3              
        2.41882               4              
        2.41943               4              
        2.42004               5              
        2.42065               7              
        2.42126               1              
        2.42188               2              
        2.42249               5              
         2.4231               1              
        2.42371               0              
        2.42432               0              
        2.42493               4              
        2.42554               0              
        2.42615               5              
        2.42676               2              
        2.42737               4              
        2.42798               3              
        2.42859               4              
         2.4292               3              
        2.42981               3              
        2.43042               3              
        2.43103               3              
        2.43164               2              
        2.43225               3              
        2.43286               0              
        2.43347               1              
        2.43408               4              
        2.43469               2              
         2.4353               8              
        2.43591               0              
        2.43652               3              
        2.43713               4              
        2.43774               5              
        2.43835               3              
        2.43896               3              
        2.43958               2              
        2.44019               2              
         2.4408               3              
        2.44141               2              
        2.44202               2              
        2.44263               3              
        2.44324               2              
        2.44385               5              
        2.44446               3              
        2.44507               3              
        2.44568               0              
        2.44629               1              
         2.4469               3              
        2.44751               3              
        2.44812               0              
        2.44873               4              
        2.44934               5              
        2.44995               4              
        2.45056               2              
        2.45117               2              
        2.45178               1              
        2.45239               1              
          2.453               5              
        2.45361               1              
        2.45422               3              
        2.45483               4              
        2.45544               3              
        2.45605               2              
        2.45667               0              
        2.45728               1              
        2.45789               3              
         2.4585               3              
        2.45911               1              
        2.45972               2              
        2.46033               4              
        2.46094               3              
        2.46155               2              
        2.46216               4              
        2.46277               5              
        2.46338               4              
        2.46399               4              
         2.4646               3              
        2.46521               1              
        2.46582               1              
        2.46643               2              
        2.46704               3              
        2.46765               1              
        2.46826               3              
        2.46887               4              
        2.46948               1              
        2.47009               2              
         2.4707               0              
        2.47131               2              
        2.47192               4              
        2.47253               2              
        2.47314               8              
        2.47375               7              
        2.47437               3              
        2.47498               1              
        2.47559               2              
         2.4762               2              
        2.47681               2              
        2.47742               1              
        2.47803               2              
        2.47864               3              
        2.47925               3              
        2.47986               3              
        2.48047               3              
        2.48108               3              
        2.48169               6              
         2.4823               3              
        2.48291               2              
        2.48352               5              
        2.48413               3              
        2.48474               2              
        2.48535               0              
        2.48596               1              
        2.48657               2              
        2.48718               3              
        2.48779               3              
         2.4884               3              
        2.48901               1              
        2.48962               1              
        2.49023               1              
        2.49084               5              
        2.49146               3              
        2.49207               2              
        2.49268               1              
        2.49329               2              
         2.4939               4              
        2.49451               3              
        2.49512               6              
        2.49573               1              
        2.49634               0              
        2.49695               4              
        2.49756               3              
        2.49817               3              
        2.49878               3              
        2.49939               2              
            2.5               2              
        2.50061               2              
        2.50122               4              
        2.50183               1              
        2.50244               3              
        2.50305               1              
        2.50366               3              
        2.50427               2              
        2.50488               4              
        2.50549               3              
         2.5061               3              
        2.50671               4              
        2.50732               2              
        2.50793               1              
        2.50854               1              
        2.50916               5              
        2.50977               1              
        2.51038               3              
        2.51099               2              
         2.5116               3              
        2.51221               0              
        2.51282               2              
        2.51343               5              
        2.51404               2              
        2.51465               4              
        2.51526               3              
        2.51587               3              
        2.51648               4              
        2.51709               1              
         2.5177               2              
        2.51831               5              
        2.51892               3              
        2.51953               3              
        2.52014               4              
        2.52075               4              
        2.52136               0              
        2.52197               4              
        2.52258               6              
        2.52319               3              
         2.5238               3              
        2.52441               3              
        2.52502               2              
        2.52563               1              
        2.52625               4              
        2.52686               3              
        2.52747               0              
        2.52808               3              
        2.52869               0              
         2.5293               2              
        2.52991               1              
        2.53052               6              
        2.53113               1              
        2.53174               4              
        2.53235               2              
        2.53296               4              
        2.53357               2              
        2.53418               3              
        2.53479               3              
         2.5354               5              
        2.53601               4              
        2.53662               4              
        2.53723               3              
        2.53784               3              
        2.53845               1              
        2.53906               1              
        2.53967               2              
        2.54028               0              
        2.54089               4              
         2.5415               2              
        2.54211               0              
        2.54272               2              
        2.54333               3              
        2.54395               2              
        2.54456               2              
        2.54517               2              
        2.54578               2              
        2.54639               2              
          2.547               3              
        2.54761               2              
        2.54822               2              
        2.54883               3              
        2.54944               3              
        2.55005               4              
        2.55066               3              
        2.55127               3              
        2.55188               5              
        2.55249               5              
         2.5531               2              
        2.55371               2              
        2.55432               4              
        2.55493               1              
        2.55554               5              
        2.55615               1              
        2.55676               5              
        2.55737               2              
        2.55798               2              
        2.55859               5              
         2.5592               2              
        2.55981               2              
        2.56042               3              
        2.56104               4              
        2.56165               2              
        2.56226               2              
        2.56287               3              
        2.56348               1              
        2.56409               1              
         2.5647               1              
        2.56531               5              
        2.56592               2              
        2.56653               4              
        2.56714               4              
        2.56775               3              
        2.56836               0              
        2.56897               3              
        2.56958               5              
        2.57019               2              
         2.5708               2              
        2.57141               4              
        2.57202               2              
        2.57263               3              
        2.57324              10              
        2.57385               1              
        2.57446               2              
        2.57507               3              
        2.57568               0              
        2.57629               5              
         2.5769               0              
        2.57751               3              
        2.57812               1              
        2.57874               5              
        2.57935               3              
        2.57996               2              
        2.58057               4              
        2.58118               2              
        2.58179               5              
         2.5824               4              
        2.58301               1              
        2.58362               2              
        2.58423               5              
        2.58484               1              
        2.58545               6              
        2.58606               0              
        2.58667               2              
        2.58728               6              
        2.58789               0              
         2.5885               1              
        2.58911               0              
        2.58972               4              
        2.59033               3              
        2.59094               3              
        2.59155               2              
        2.59216               2              
        2.59277               1              
        2.59338               2              
        2.59399               0              
         2.5946               3              
        2.59521               2              
        2.59583               2              
        2.59644               1              
        2.59705               1              
        2.59766               1              
        2.59827               2              
        2.59888               3              
        2.59949               2              
         2.6001               3              
        2.60071               1              
        2.60132               1              
        2.60193               2              
        2.60254               4              
        2.60315               3              
        2.60376               4              
        2.60437               2              
        2.60498               3              
        2.60559               5              
         2.6062               4              
        2.60681               3              
        2.60742               3              
        2.60803               4              
        2.60864               1              
        2.60925               5              
        2.60986               5              
        2.61047               3              
        2.61108               3              
        2.61169               2              
         2.6123               3              
        2.61292               1              
        2.61353               3              
        2.61414               3              
        2.61475               4              
        2.61536               5              
        2.61597               6              
        2.61658               3              
        2.61719               4              
         2.6178               5              
        2.61841               7              
        2.61902               2              
        2.61963               3              
        2.62024               1              
        2.62085               3              
        2.62146               4              
        2.62207               3              
        2.62268               3              
        2.62329               1              
         2.6239               2              
        2.62451               4              
        2.62512               3              
        2.62573               1              
        2.62634               2              
        2.62695               1              
        2.62756               3              
        2.62817               1              
        2.62878               3              
        2.62939               2              
           2.63               3              
        2.63062               2              
        2.63123               4              
        2.63184               2              
        2.63245               4              
        2.63306               0              
        2.63367               3              
        2.63428               2              
        2.63489               1              
         2.6355               3              
        2.63611               2              
        2.63672               4              
        2.63733               1              
        2.63794               4              
        2.63855               1              
        2.63916               1              
        2.63977               5              
        2.64038               5              
        2.64099               1              
         2.6416               5              
        2.64221               0              
        2.64282               2              
        2.64343               1              
        2.64404               2              
        2.64465               4              
        2.64526               3              
        2.64587               3              
        2.64648               1              
        2.64709               4              
        2.64771               0              
        2.64832               7              
        2.64893               1              
        2.64954               5              
        2.65015               5              
        2.65076               2              
        2.65137               1              
        2.65198               5              
        2.65259               3              
         2.6532               1              
        2.65381               5              
        2.65442               2              
        2.65503               8              
        2.65564               3              
        2.65625               1              
        2.65686               2              
        2.65747               0              
        2.65808               5              
        2.65869               2              
         2.6593               4              
        2.65991               0              
        2.66052               2              
        2.66113               4              
        2.66174               1              
        2.66235               4              
        2.66296               1              
        2.66357               2              
        2.66418               6              
        2.66479               2              
        2.66541               1              
        2.66602               1              
        2.66663               0              
        2.66724               2              
        2.66785               6              
        2.66846               2              
        2.66907               4              
        2.66968               2              
        2.67029               3              
         2.6709               3              
        2.67151               0              
        2.67212               4              
        2.67273               1              
        2.67334               2              
        2.67395               1              
        2.67456               1              
        2.67517               3              
        2.67578               3              
        2.67639               2              
          2.677               0              
        2.67761               3              
        2.67822               0              
        2.67883               4              
        2.67944               1              
        2.68005               3              
        2.68066               3              
        2.68127               1              
        2.68188               3              
         2.6825               3              
        2.68311               2              
        2.68372               3              
        2.68433               3              
        2.68494               4              
        2.68555               4              
        2.68616               2              
        2.68677               2              
        2.68738               0              
        2.68799               3              
         2.6886               1              
        2.68921               2              
        2.68982               4              
        2.69043               5              
        2.69104               4              
        2.69165               3              
        2.69226               2              
        2.69287               2              
        2.69348               3              
        2.69409               3              
         2.6947               2              
        2.69531               4              
        2.69592               3              
        2.69653               1              
        2.69714               1              
        2.69775               2              
        2.69836               1              
        2.69897               6              
        2.69958               2              
         2.7002               0              
        2.70081               3              
        2.70142               3              
        2.70203               1              
        2.70264               6              
        2.70325               3              
        2.70386               2              
        2.70447               4              
        2.70508               2              
        2.70569               0              
         2.7063               1              
        2.70691               4              
        2.70752               3              
        2.70813               4              
        2.70874               5              
        2.70935               2              
        2.70996               2              
        2.71057               1              
        2.71118               2              
        2.71179               2              
         2.7124               1              
        2.71301               1              
        2.71362               6              
        2.71423               2              
        2.71484               4              
        2.71545               4              
        2.71606               1              
        2.71667               5              
        2.71729               1              
         2.7179               4              
        2.71851               3              
        2.71912               1              
        2.71973               2              
        2.72034               3              
        2.72095               1              
        2.72156               2              
        2.72217               2              
        2.72278               3              
        2.72339               5              
          2.724               4              
        2.72461               5              
        2.72522               6              
        2.72583               5              
        2.72644               3              
        2.72705               3              
        2.72766               5              
        2.72827               0              
        2.72888               1              
        2.72949               0              
         2.7301               1              
        2.73071               5              
        2.73132               3              
        2.73193               2              
        2.73254               3              
        2.73315               1              
        2.73376               1              
        2.73438               1              
        2.73499               0              
         2.7356               3              
        2.73621               2              
        2.73682               6              
        2.73743               1              
        2.73804               5              
        2.73865               1              
        2.73926               3              
        2.73987               1              
        2.74048               2              
        2.74109               5              
         2.7417               1              
        2.74231               3              
        2.74292               2              
        2.74353               4              
        2.74414               3              
        2.74475               5              
        2.74536               2              
        2.74597               3              
        2.74658               4              
        2.74719               2              
         2.7478               2              
        2.74841               1              
        2.74902               5              
        2.74963               2              
        2.75024               3              
        2.75085               4              
        2.75146               1              
        2.75208               1              
        2.75269               2              
         2.7533               2              
        2.75391               4              
        2.75452               4              
        2.75513               3              
        2.75574               7              
        2.75635               3              
        2.75696               3              
        2.75757               2              
        2.75818               4              
        2.75879               2              
         2.7594               4              
        2.76001               1              
        2.76062               2              
        2.76123               3              
        2.76184               1              
        2.76245               4              
        2.76306               3              
        2.76367               3              
        2.76428               2              
        2.76489               3              
         2.7655               1              
        2.76611               3              
        2.76672               2              
        2.76733               1              
        2.76794               1              
        2.76855               2              
        2.76917               3              
        2.76978               0              
        2.77039               3              
          2.771               3              
        2.77161               1              
        2.77222               0              
        2.77283               3              
        2.77344               0              
        2.77405               3              
        2.77466               1              
        2.77527               2              
        2.77588               3              
        2.77649               2              
         2.7771               2              
        2.77771               3              
        2.77832               2              
        2.77893               2              
        2.77954               3              
        2.78015               3              
        2.78076               1              
        2.78137               2              
        2.78198               3              
        2.78259               4              
         2.7832               0              
        2.78381               6              
        2.78442               1              
        2.78503               3              
        2.78564               2              
        2.78625               4              
        2.78687               0              
        2.78748               3              
        2.78809               1              
         2.7887               1              
        2.78931               0              
        2.78992               3              
        2.79053               0              
        2.79114               2              
        2.79175               3              
        2.79236               3              
        2.79297               2              
        2.79358               0              
        2.79419               4              
         2.7948               2              
        2.79541               1              
        2.79602               5              
        2.79663               1              
        2.79724               1              
        2.79785               2              
        2.79846               1              
        2.79907               1              
        2.79968               2              
        2.80029               5              
         2.8009               2              
        2.80151               2              
        2.80212               1              
        2.80273               5              
        2.80334               1              
        2.80396               1              
        2.80457               3              
        2.80518               1              
        2.80579               2              
         2.8064               2              
        2.80701               2              
        2.80762               0              
        2.80823               5              
        2.80884               2              
        2.80945               2              
        2.81006               2              
        2.81067               1              
        2.81128               2              
        2.81189               4              
         2.8125               1              
        2.81311               4              
        2.81372               4              
        2.81433               2              
        2.81494               2              
        2.81555               1              
        2.81616               2              
        2.81677               1              
        2.81738               1              
        2.81799               6              
         2.8186               2              
        2.81921               1              
        2.81982               2              
        2.82043               1              
        2.82104               1              
        2.82166               2              
        2.82227               3              
        2.82288               3              
        2.82349               4              
         2.8241               5              
        2.82471               2              
        2.82532               3              
        2.82593               0              
        2.82654               5              
        2.82715               3              
        2.82776               1              
        2.82837               0              
        2.82898               2              
        2.82959               6              
         2.8302               4              
        2.83081               2              
        2.83142               2              
        2.83203               3              
        2.83264               6              
        2.83325               3              
        2.83386               5              
        2.83447               4              
        2.83508               1              
        2.83569               3              
         2.8363               3              
        2.83691               1              
        2.83752               3              
        2.83813               2              
        2.83875               2              
        2.83936               1              
        2.83997               0              
        2.84058               4              
        2.84119               1              
         2.8418               2              
        2.84241               3              
        2.84302               4              
        2.84363               5              
        2.84424               3              
        2.84485               1              
        2.84546               1              
        2.84607               3              
        2.84668               3              
        2.84729               2              
         2.8479               2              
        2.84851               1              
        2.84912               1              
        2.84973               4              
        2.85034               2              
        2.85095               2              
        2.85156               0              
        2.85217               3              
        2.85278               3              
        2.85339               2              
          2.854               4              
        2.85461               1              
        2.85522               5              
        2.85583               1              
        2.85645               0              
        2.85706               1              
        2.85767               3              
        2.85828               1              
        2.85889               0              
         2.8595               3              
        2.86011               2              
        2.86072               2              
        2.86133               0              
        2.86194               2              
        2.86255               1              
        2.86316               4              
        2.86377               2              
        2.86438               3              
        2.86499               2              
         2.8656               5              
        2.86621               0              
        2.86682               1              
        2.86743               4              
        2.86804               3              
        2.86865               3              
        2.86926               3              
        2.86987               3              
        2.87048               1              
        2.87109               1              
         2.8717               4              
        2.87231               3              
        2.87292               3              
        2.87354               3              
        2.87415               2              
        2.87476               1              
        2.87537               5              
        2.87598               3              
        2.87659               2              
         2.8772               3              
        2.87781               1              
        2.87842               0              
        2.87903               1              
        2.87964               3              
        2.88025               2              
        2.88086               1              
        2.88147               5              
        2.88208               3              
        2.88269               0              
         2.8833               2              
        2.88391               6              
        2.88452               2              
        2.88513               4              
        2.88574               3              
        2.88635               2              
        2.88696               1              
        2.88757               5              
        2.88818               2              
        2.88879               2              
         2.8894               1              
        2.89001               1              
        2.89062               0              
        2.89124               4              
        2.89185               2              
        2.89246               0              
        2.89307               1              
        2.89368               3              
        2.89429               2              
         2.8949               1              
        2.89551               0              
        2.89612               1              
        2.89673               3              
        2.89734               0              
        2.89795               2              
        2.89856               1              
        2.89917               1              
        2.89978               1              
        2.90039               0              
          2.901               4              
        2.90161               1              
        2.90222               1              
        2.90283               1              
        2.90344               3              
        2.90405               1              
        2.90466               1              
        2.90527               0              
        2.90588               1              
        2.90649               4              
         2.9071               1              
        2.90771               0              
        2.90833               1              
        2.90894               1              
        2.90955               3              
        2.91016               5              
        2.91077               3              
        2.91138               0              
        2.91199               2              
         2.9126               0              
        2.91321               3              
        2.91382               1              
        2.91443               2              
        2.91504               2              
        2.91565               3              
        2.91626               7              
        2.91687               3              
        2.91748               2              
        2.91809               3              
         2.9187               2              
        2.91931               5              
        2.91992               3              
        2.92053               3              
        2.92114               1              
        2.92175               0              
        2.92236               2              
        2.92297               2              
        2.92358               3              
        2.92419               2              
         2.9248               1              
        2.92542               4              
        2.92603               4              
        2.92664               4              
        2.92725               2              
        2.92786               1              
        2.92847               1              
        2.92908               2              
        2.92969               2              
         2.9303               1              
        2.93091               2              
        2.93152               0              
        2.93213               3              
        2.93274               3              
        2.93335               2              
        2.93396               1              
        2.93457               3              
        2.93518               1              
        2.93579               4              
         2.9364               3              
        2.93701               3              
        2.93762               0              
        2.93823               5              
        2.93884               4              
        2.93945               3              
        2.94006               2              
        2.94067               2              
        2.94128               3              
        2.94189               4              
         2.9425               2              
        2.94312               3              
        2.94373               1              
        2.94434               4              
        2.94495               2              
        2.94556               2              
        2.94617               2              
        2.94678               2              
        2.94739               2              
          2.948               0              
        2.94861               0              
        2.94922               0              
        2.94983               1              
        2.95044               4              
        2.95105               4              
        2.95166               2              
        2.95227               2              
        2.95288               2              
        2.95349               3              
         2.9541               2              
        2.95471               1              
        2.95532               2              
        2.95593               1              
        2.95654               1              
        2.95715               2              
        2.95776               4              
        2.95837               1              
        2.95898               1              
        2.95959               2              
        2.96021               2              
        2.96082               0              
        2.96143               3              
        2.96204               0              
        2.96265               2              
        2.96326               3              
        2.96387               0              
        2.96448               1              
        2.96509               2              
         2.9657               1              
        2.96631               0              
        2.96692               1              
        2.96753               1              
        2.96814               3              
        2.96875               3              
        2.96936               2              
        2.96997               3              
        2.97058               3              
        2.97119               2              
         2.9718               1              
        2.97241               2              
        2.97302               1              
        2.97363               3              
        2.97424               1              
        2.97485               1              
        2.97546               1              
        2.97607               7              
        2.97668               4              
        2.97729               0              
        2.97791               2              
        2.97852               2              
        2.97913               2              
        2.97974               6              
        2.98035               0              
        2.98096               5              
        2.98157               6              
        2.98218               1              
        2.98279               2              
         2.9834               2              
        2.98401               1              
        2.98462               3              
        2.98523               4              
        2.98584               4              
        2.98645               1              
        2.98706               2              
        2.98767               3              
        2.98828               3              
        2.98889               1              
         2.9895               4              
        2.99011               2              
        2.99072               4              
        2.99133               0              
        2.99194               1              
        2.99255               2              
        2.99316               1              
        2.99377               0              
        2.99438               3              
          2.995               3              
        2.99561               4              
        2.99622               4              
        2.99683               2              
        2.99744               3              
        2.99805               4              
        2.99866               3              
        1.99005     1.63139e-08              
        1.99493     1.55181e-08              
        1.99981     1.43244e-08              
        2.00469      1.5916e-08              
        2.00958     2.26802e-08              
        2.01446     9.94749e-09              
        2.01934     1.75076e-08              
        2.02424     1.71096e-08              
        2.02912     1.51202e-08              
        2.03399     1.83034e-08              
        2.03887     1.27327e-08              
        2.04377     1.35286e-08              
        2.04865     1.75076e-08              
        2.05353     1.59159e-08              
        2.05842     1.31307e-08              
         2.0633     1.87013e-08              
        2.06818     1.87013e-08              
        2.07306      1.9497e-08              
        2.07795      1.5916e-08              
        2.08283     1.55181e-08              
        2.08771     1.27328e-08              
         2.0926     1.27328e-08              
        2.09748     1.35286e-08              
        2.10236     1.75076e-08              
        2.10724     1.98949e-08              
        2.11212     1.67118e-08              
          2.117     1.43244e-08              
        2.12188     1.43244e-08              
        2.12676     1.39265e-08              
        2.13165     1.11412e-08              
        2.13653     1.31307e-08              
        2.14141     1.35286e-08              
         2.1463     1.15391e-08              
        2.15118     1.75075e-08              
        2.15606     1.27328e-08              
        2.16094     1.07433e-08              
        2.16583     9.54959e-09              
        2.17071     1.23349e-08              
        2.17559      1.1937e-08              
        2.18049     1.39265e-08              
        2.18537     1.75076e-08              
        2.19024     1.87013e-08              
        2.19512     1.51202e-08              
        2.20002     9.94749e-09              
         2.2049      1.1937e-08              
        2.20978     1.47223e-08              
        2.21467     1.51202e-08              
        2.21955     1.47222e-08              
        2.22443     1.16943e-06              
        2.22931     1.15391e-08              
         2.2342     1.55181e-08              
        2.23908     1.23349e-08              
        2.24396     1.35286e-08              
        2.24885     1.51202e-08              
        2.25373      1.1937e-08              
        2.25861     1.07433e-08              
        2.26349     1.31307e-08              
        2.26837     1.03454e-08              
        2.27325      7.5601e-09              
        2.27813     1.35286e-08              
        2.28301      8.3559e-09              
         2.2879     1.11412e-08              
        2.29278      8.7538e-09              
        2.29766     7.56009e-09              
        2.30255     1.35286e-08              
        2.30743     1.63139e-08              
        2.31231     9.94749e-09              
        2.31719     9.54959e-09              
        2.32208     1.03454e-08              
        2.32696     1.15391e-08              
        2.33184     9.54959e-09              
        2.33674     9.15169e-09              
        2.34162     1.23349e-08              
        2.34649     1.11412e-08              
        2.35137     1.15391e-08              
        2.35627      9.1517e-09              
        2.36115     1.55181e-08              
        2.36603     1.07433e-08              
        2.37092     1.23349e-08              
         2.3758      9.9475e-09              
        2.38068      9.9475e-09              
        2.38556     1.07433e-08              
        2.39045     8.75378e-09              
        2.39533      1.1937e-08              
        2.40021     1.31307e-08              
         2.4051     7.16219e-09              
        2.40998      8.3559e-09              
        2.41486     1.23349e-08              
        2.41974     1.15391e-08              
        2.42462     7.16218e-09              
         2.4295     9.54959e-09              
        2.43438     1.27328e-08              
        2.43926     9.94749e-09              
        2.44415     1.23349e-08              
        2.44903     9.94749e-09              
        2.45391     1.23349e-08              
         2.4588     1.11412e-08              
        2.46368     1.07433e-08              
        2.46856     1.11412e-08              
        2.47344     7.95799e-09              
        2.47833     9.94749e-09              
        2.48321     6.76429e-09              
        2.48809     1.23349e-08              
        2.49299     1.23349e-08              
        2.49787     7.95799e-09              
        2.50274     7.95799e-09              
        2.50762     1.07433e-08              
        2.51252     1.23348e-08              
         2.5174     1.43244e-08              
        2.52228     9.54959e-09              
        2.52717     8.75379e-09              
        2.53205      1.1937e-08              
        2.53693      9.1517e-09              
        2.54181     7.56009e-09              
         2.5467     1.11412e-08              
        2.55158     7.95799e-09              
        2.55646     9.54959e-09              
        2.56135     1.39265e-08              
        2.56623     9.15169e-09              
        2.57111     8.35588e-09              
        2.57599     7.56009e-09              
        2.58087     1.11412e-08              
        2.58575      8.3559e-09              
        2.59063     9.94749e-09              
        2.59551     1.03454e-08              
         2.6004     1.07433e-08              
        2.60528     1.07433e-08              
        2.61016     1.07433e-08              
        2.61505     1.07433e-08              
        2.61993     6.76429e-09              
        2.62481     1.35286e-08              
        2.62969      1.1937e-08              
        2.63458     1.23349e-08              
        2.63946     1.15391e-08              
        2.64434     9.94749e-09              
        2.64924     7.95798e-09              
        2.65412      1.1937e-08              
        2.65899     5.57059e-09              
        2.66387     1.15391e-08              
        2.66877     9.94744e-09              
        2.67365     9.54959e-09              
        2.67853     1.67118e-08              
        2.68342     7.16218e-09              
         2.6883     7.95799e-09              
        2.69318     1.07433e-08              
        2.69806     8.75378e-09              
        2.70295     9.94749e-09              
        2.70783     9.94749e-09              
        2.71271     7.16219e-09              
         2.7176     1.03454e-08              
        2.72248     9.15169e-09              
        2.72736     1.23349e-08              
        2.73224     1.39265e-08              
        2.73712     1.11412e-08              
          2.742     9.94749e-09              
        2.74688     8.75379e-09              
        2.75176     1.15391e-08              
        2.75665     1.03454e-08              
        2.76153     9.94749e-09              
        2.76641     9.54959e-09              
         2.7713     7.95799e-09              
        2.77618     9.94749e-09              
        2.78106     8.35589e-09              
        2.78594     7.95799e-09              
        2.79083     1.15391e-08              
        2.79571     9.15169e-09              
        2.80059     6.36639e-09              
        2.80549     9.15169e-09              
        2.81037     9.54959e-09              
        2.81524     1.07433e-08              
        2.82012     1.03454e-08              
        2.82502     7.95798e-09              
         2.8299      9.9475e-09              
        2.83478      9.1517e-09              
        2.83967     7.95798e-09              
        2.84455     9.94749e-09              
        2.84943     9.94749e-09              
        2.85431     9.94749e-09              
         2.8592     7.56009e-09              
        2.86408      8.3559e-09              
        2.86896     8.75379e-09              
        2.87385      1.1937e-08              
        2.87873     1.27328e-08              
        2.88361     8.75379e-09              
        2.88849     9.15169e-09              
        2.89337     7.56008e-09              
        2.89825      9.9475e-09              
        2.90313     9.15169e-09              
        2.90801     9.15169e-09              
         2.9129     6.76429e-09              
        2.91778     7.56009e-09              
        2.92266     6.76428e-09              
        2.92755     1.03454e-08              
        2.93243      9.1517e-09              
        2.93731     8.75378e-09              
        2.94219     9.94749e-09              
        2.94708     8.75379e-09              
        2.95196      7.5601e-09              
        2.95684     7.95798e-09              
        2.96174     9.54959e-09              
        2.96662     7.16219e-09              
        2.97149     8.35589e-09              
        2.97637     5.17269e-09              
        2.98127      1.1937e-08              
