              0               3              
    0.000610352               0              
      0.0012207               5              
     0.00183105               2              
     0.00244141               2              
     0.00305176               1              
     0.00366211               1              
     0.00427246               0              
     0.00488281               1              
     0.00549316               0              
     0.00610352               0              
     0.00671387               0              
     0.00732422               0              
     0.00793457               0              
     0.00854492               0              
     0.00915527               2              
     0.00976562               0              
       0.010376               1              
      0.0109863               0              
      0.0115967               0              
       0.012207               1              
      0.0128174               2              
      0.0134277               3              
      0.0140381               3              
      0.0146484               4              
      0.0152588               1              
      0.0158691               1              
      0.0164795               7              
      0.0170898              74              
      0.0177002              87              
      0.0183105              87              
      0.0189209              58              
      0.0195312              58              
      0.0201416              72              
       0.020752              69              
      0.0213623              63              
      0.0219727              62              
       0.022583              66              
      0.0231934              66              
      0.0238037              66              
      0.0244141              68              
      0.0250244              79              
      0.0256348              89              
      0.0262451              77              
      0.0268555             104              
      0.0274658              99              
      0.0280762             115              
      0.0286865             151              
      0.0292969             154              
      0.0299072             185              
      0.0305176             173              
      0.0311279             236              
      0.0317383             240              
      0.0323486             313              
       0.032959             298              
      0.0335693             316              
      0.0341797             371              
        0.03479             372              
      0.0354004             407              
      0.0360107             451              
      0.0366211             441              
      0.0372314             508              
      0.0378418             546              
      0.0384521             532              
      0.0390625             573              
      0.0396729             603              
      0.0402832             561              
      0.0408936             617              
      0.0415039             673              
      0.0421143             693              
      0.0427246             693              
       0.043335             676              
      0.0439453             660              
      0.0445557             703              
       0.045166             701              
      0.0457764             711              
      0.0463867             709              
      0.0469971             706              
      0.0476074             674              
      0.0482178             704              
      0.0488281             726              
      0.0494385             734              
      0.0500488             732              
      0.0506592             700              
      0.0512695             751              
      0.0518799             774              
      0.0524902             711              
      0.0531006             720              
      0.0537109             766              
      0.0543213             656              
      0.0549316             716              
       0.055542             727              
      0.0561523             792              
      0.0567627             750              
       0.057373             706              
      0.0579834             686              
      0.0585938             738              
      0.0592041             734              
      0.0598145             761              
      0.0604248             763              
      0.0610352             728              
      0.0616455             691              
      0.0622559             729              
      0.0628662             727              
      0.0634766             677              
      0.0640869             667              
      0.0646973             716              
      0.0653076             653              
       0.065918             645              
      0.0665283             690              
      0.0671387             657              
       0.067749             652              
      0.0683594             678              
      0.0689697             663              
      0.0695801             656              
      0.0701904             631              
      0.0708008             666              
      0.0714111             664              
      0.0720215             708              
      0.0726318             656              
      0.0732422             668              
      0.0738525             646              
      0.0744629             668              
      0.0750732             687              
      0.0756836             624              
      0.0762939             658              
      0.0769043             655              
      0.0775146             639              
       0.078125             614              
      0.0787354             621              
      0.0793457             588              
      0.0799561             581              
      0.0805664             608              
      0.0811768             598              
      0.0817871             562              
      0.0823975             608              
      0.0830078             546              
      0.0836182             584              
      0.0842285             591              
      0.0848389             582              
      0.0854492             576              
      0.0860596             574              
      0.0866699             572              
      0.0872803             605              
      0.0878906             569              
       0.088501             490              
      0.0891113             576              
      0.0897217             540              
       0.090332             550              
      0.0909424             509              
      0.0915527             545              
      0.0921631             522              
      0.0927734             535              
      0.0933838             546              
      0.0939941             579              
      0.0946045             507              
      0.0952148             518              
      0.0958252             538              
      0.0964355             527              
      0.0970459             498              
      0.0976562             521              
      0.0982666             521              
       0.098877             510              
      0.0994873             445              
       0.100098             505              
       0.100708             485              
       0.101318             495              
       0.101929             531              
       0.102539             515              
       0.103149             436              
        0.10376             487              
        0.10437             559              
        0.10498             494              
       0.105591             509              
       0.106201             462              
       0.106812             483              
       0.107422             472              
       0.108032             455              
       0.108643             476              
       0.109253             456              
       0.109863             451              
       0.110474             420              
       0.111084             494              
       0.111694             395              
       0.112305             446              
       0.112915             463              
       0.113525             461              
       0.114136             416              
       0.114746             454              
       0.115356             428              
       0.115967             459              
       0.116577             427              
       0.117188             451              
       0.117798             453              
       0.118408             441              
       0.119019             454              
       0.119629             402              
       0.120239             416              
        0.12085             427              
        0.12146             444              
        0.12207             410              
       0.122681             442              
       0.123291             427              
       0.123901             419              
       0.124512             398              
       0.125122             438              
       0.125732             411              
       0.126343             385              
       0.126953             380              
       0.127563             383              
       0.128174             411              
       0.128784             440              
       0.129395             365              
       0.130005             410              
       0.130615             431              
       0.131226             417              
       0.131836             359              
       0.132446             414              
       0.133057             362              
       0.133667             381              
       0.134277             352              
       0.134888             354              
       0.135498             348              
       0.136108             348              
       0.136719             330              
       0.137329             348              
       0.137939             347              
        0.13855             345              
        0.13916             386              
       0.139771             364              
       0.140381             324              
       0.140991             354              
       0.141602             330              
       0.142212             321              
       0.142822             355              
       0.143433             348              
       0.144043             379              
       0.144653             327              
       0.145264             311              
       0.145874             335              
       0.146484             337              
       0.147095             352              
       0.147705             294              
       0.148315             328              
       0.148926             299              
       0.149536             326              
       0.150146             306              
       0.150757             300              
       0.151367             307              
       0.151978             332              
       0.152588             295              
       0.153198             305              
       0.153809             293              
       0.154419             288              
       0.155029             268              
        0.15564             320              
        0.15625             298              
        0.15686             291              
       0.157471             295              
       0.158081             313              
       0.158691             271              
       0.159302             321              
       0.159912             281              
       0.160522             254              
       0.161133             301              
       0.161743             263              
       0.162354             271              
       0.162964             283              
       0.163574             285              
       0.164185             277              
       0.164795             267              
       0.165405             257              
       0.166016             253              
       0.166626             229              
       0.167236             235              
       0.167847             289              
       0.168457             275              
       0.169067             248              
       0.169678             257              
       0.170288             285              
       0.170898             249              
       0.171509             279              
       0.172119             262              
       0.172729             259              
        0.17334             278              
        0.17395             236              
       0.174561             247              
       0.175171             239              
       0.175781             272              
       0.176392             237              
       0.177002             267              
       0.177612             252              
       0.178223             259              
       0.178833             234              
       0.179443             251              
       0.180054             255              
       0.180664             229              
       0.181274             240              
       0.181885             260              
       0.182495             260              
       0.183105             238              
       0.183716             236              
       0.184326             241              
       0.184937             222              
       0.185547             243              
       0.186157             241              
       0.186768             217              
       0.187378             244              
       0.187988             186              
       0.188599             253              
       0.189209             202              
       0.189819             226              
        0.19043             186              
        0.19104             189              
        0.19165             216              
       0.192261             194              
       0.192871             211              
       0.193481             234              
       0.194092             208              
       0.194702             196              
       0.195312             222              
       0.195923             208              
       0.196533             183              
       0.197144             175              
       0.197754             207              
       0.198364             197              
       0.198975             212              
       0.199585             183              
       0.200195             183              
       0.200806             195              
       0.201416             193              
       0.202026             193              
       0.202637             156              
       0.203247             174              
       0.203857             183              
       0.204468             163              
       0.205078             205              
       0.205688             198              
       0.206299             185              
       0.206909             169              
        0.20752             190              
        0.20813             191              
        0.20874             166              
       0.209351             166              
       0.209961             193              
       0.210571             176              
       0.211182             188              
       0.211792             184              
       0.212402             177              
       0.213013             176              
       0.213623             153              
       0.214233             173              
       0.214844             165              
       0.215454             167              
       0.216064             187              
       0.216675             182              
       0.217285             168              
       0.217896             146              
       0.218506             163              
       0.219116             163              
       0.219727             169              
       0.220337             157              
       0.220947             189              
       0.221558             176              
       0.222168             172              
       0.222778             145              
       0.223389             158              
       0.223999             163              
       0.224609             152              
        0.22522             166              
        0.22583             149              
        0.22644             146              
       0.227051             157              
       0.227661             151              
       0.228271             150              
       0.228882             146              
       0.229492             170              
       0.230103             141              
       0.230713             150              
       0.231323             161              
       0.231934             129              
       0.232544             160              
       0.233154             156              
       0.233765             151              
       0.234375             163              
       0.234985             171              
       0.235596             171              
       0.236206             136              
       0.236816             162              
       0.237427             158              
       0.238037             132              
       0.238647             148              
       0.239258             136              
       0.239868             160              
       0.240479             114              
       0.241089             142              
       0.241699             154              
        0.24231             136              
        0.24292             123              
        0.24353             162              
       0.244141             143              
       0.244751             132              
       0.245361             129              
       0.245972             153              
       0.246582             120              
       0.247192             129              
       0.247803             123              
       0.248413             141              
       0.249023             125              
       0.249634             121              
       0.250244             129              
       0.250854             119              
       0.251465             119              
       0.252075             139              
       0.252686             155              
       0.253296             114              
       0.253906             148              
       0.254517             145              
       0.255127             141              
       0.255737             114              
       0.256348             119              
       0.256958             122              
       0.257568             136              
       0.258179             121              
       0.258789             117              
       0.259399             109              
        0.26001             141              
        0.26062             111              
        0.26123             131              
       0.261841             121              
       0.262451             109              
       0.263062             111              
       0.263672              98              
       0.264282             136              
       0.264893             125              
       0.265503             106              
       0.266113             109              
       0.266724             114              
       0.267334             101              
       0.267944             116              
       0.268555             122              
       0.269165             106              
       0.269775             103              
       0.270386             105              
       0.270996             107              
       0.271606             137              
       0.272217             114              
       0.272827             110              
       0.273438             116              
       0.274048             119              
       0.274658             111              
       0.275269             118              
       0.275879              99              
       0.276489             107              
         0.2771              92              
        0.27771             103              
        0.27832              97              
       0.278931             104              
       0.279541              96              
       0.280151             123              
       0.280762             102              
       0.281372             120              
       0.281982             115              
       0.282593             103              
       0.283203              91              
       0.283813              80              
       0.284424             129              
       0.285034             116              
       0.285645             115              
       0.286255             124              
       0.286865              89              
       0.287476              99              
       0.288086             114              
       0.288696              75              
       0.289307              99              
       0.289917              87              
       0.290527             105              
       0.291138              85              
       0.291748              87              
       0.292358              89              
       0.292969              90              
       0.293579              83              
       0.294189              84              
         0.2948              87              
        0.29541             110              
       0.296021              82              
       0.296631              96              
       0.297241              85              
       0.297852             102              
       0.298462              99              
       0.299072              95              
       0.299683             102              
       0.300293              78              
       0.300903              72              
       0.301514              91              
       0.302124              67              
       0.302734              84              
       0.303345              78              
       0.303955              88              
       0.304565             111              
       0.305176              93              
       0.305786              74              
       0.306396              89              
       0.307007             110              
       0.307617              89              
       0.308228              89              
       0.308838              94              
       0.309448              81              
       0.310059              82              
       0.310669              92              
       0.311279              87              
        0.31189             100              
         0.3125              90              
        0.31311              77              
       0.313721              77              
       0.314331              80              
       0.314941              74              
       0.315552             108              
       0.316162             102              
       0.316772              96              
       0.317383              79              
       0.317993              82              
       0.318604              67              
       0.319214              67              
       0.319824              93              
       0.320435              88              
       0.321045              63              
       0.321655              74              
       0.322266              80              
       0.322876              88              
       0.323486              79              
       0.324097              83              
       0.324707              70              
       0.325317              84              
       0.325928              71              
       0.326538              80              
       0.327148              95              
       0.327759              79              
       0.328369              71              
       0.328979              87              
        0.32959              72              
         0.3302              73              
       0.330811              75              
       0.331421              75              
       0.332031              78              
       0.332642              69              
       0.333252              74              
       0.333862              73              
       0.334473              73              
       0.335083              74              
       0.335693              64              
       0.336304              77              
       0.336914              80              
       0.337524              79              
       0.338135              94              
       0.338745              66              
       0.339355              82              
       0.339966              82              
       0.340576              69              
       0.341187              83              
       0.341797              57              
       0.342407              67              
       0.343018              72              
       0.343628              66              
       0.344238              79              
       0.344849              68              
       0.345459              69              
       0.346069              71              
        0.34668              58              
        0.34729              64              
         0.3479              56              
       0.348511              68              
       0.349121              72              
       0.349731              83              
       0.350342              66              
       0.350952              60              
       0.351562              71              
       0.352173              64              
       0.352783              88              
       0.353394              70              
       0.354004              68              
       0.354614              71              
       0.355225              64              
       0.355835              64              
       0.356445              66              
       0.357056              68              
       0.357666              55              
       0.358276              55              
       0.358887              73              
       0.359497              57              
       0.360107              68              
       0.360718              62              
       0.361328              50              
       0.361938              64              
       0.362549              73              
       0.363159              69              
        0.36377              67              
        0.36438              53              
        0.36499              55              
       0.365601              67              
       0.366211              51              
       0.366821              62              
       0.367432              56              
       0.368042              51              
       0.368652              53              
       0.369263              50              
       0.369873              72              
       0.370483              68              
       0.371094              58              
       0.371704              61              
       0.372314              56              
       0.372925              49              
       0.373535              63              
       0.374146              57              
       0.374756              67              
       0.375366              82              
       0.375977              64              
       0.376587              46              
       0.377197              50              
       0.377808              54              
       0.378418              53              
       0.379028              72              
       0.379639              49              
       0.380249              60              
       0.380859              36              
        0.38147              44              
        0.38208              62              
        0.38269              54              
       0.383301              60              
       0.383911              50              
       0.384521              62              
       0.385132              50              
       0.385742              50              
       0.386353              63              
       0.386963              60              
       0.387573              56              
       0.388184              42              
       0.388794              51              
       0.389404              57              
       0.390015              49              
       0.390625              48              
       0.391235              46              
       0.391846              69              
       0.392456              58              
       0.393066              57              
       0.393677              46              
       0.394287              54              
       0.394897              52              
       0.395508              52              
       0.396118              54              
       0.396729              44              
       0.397339              42              
       0.397949              46              
        0.39856              47              
        0.39917              60              
        0.39978              65              
       0.400391              50              
       0.401001              58              
       0.401611              66              
       0.402222              39              
       0.402832              45              
       0.403442              42              
       0.404053              52              
       0.404663              38              
       0.405273              50              
       0.405884              50              
       0.406494              48              
       0.407104              51              
       0.407715              51              
       0.408325              49              
       0.408936              38              
       0.409546              52              
       0.410156              49              
       0.410767              60              
       0.411377              65              
       0.411987              50              
       0.412598              49              
       0.413208              51              
       0.413818              38              
       0.414429              38              
       0.415039              52              
       0.415649              59              
        0.41626              49              
        0.41687              38              
        0.41748              66              
       0.418091              52              
       0.418701              45              
       0.419312              39              
       0.419922              58              
       0.420532              52              
       0.421143              57              
       0.421753              61              
       0.422363              50              
       0.422974              44              
       0.423584              41              
       0.424194              46              
       0.424805              41              
       0.425415              31              
       0.426025              38              
       0.426636              53              
       0.427246              50              
       0.427856              46              
       0.428467              48              
       0.429077              46              
       0.429688              45              
       0.430298              46              
       0.430908              48              
       0.431519              40              
       0.432129              46              
       0.432739              43              
        0.43335              49              
        0.43396              50              
        0.43457              45              
       0.435181              51              
       0.435791              51              
       0.436401              31              
       0.437012              39              
       0.437622              38              
       0.438232              43              
       0.438843              37              
       0.439453              40              
       0.440063              43              
       0.440674              45              
       0.441284              53              
       0.441895              37              
       0.442505              41              
       0.443115              46              
       0.443726              44              
       0.444336              50              
       0.444946              43              
       0.445557              51              
       0.446167              44              
       0.446777              42              
       0.447388              41              
       0.447998              28              
       0.448608              27              
       0.449219              47              
       0.449829              32              
       0.450439              39              
        0.45105              57              
        0.45166              46              
       0.452271              46              
       0.452881              39              
       0.453491              35              
       0.454102              44              
       0.454712              34              
       0.455322              21              
       0.455933              44              
       0.456543              40              
       0.457153              40              
       0.457764              41              
       0.458374              43              
       0.458984              41              
       0.459595              47              
       0.460205              42              
       0.460815              42              
       0.461426              37              
       0.462036              45              
       0.462646              27              
       0.463257              33              
       0.463867              28              
       0.464478              49              
       0.465088              30              
       0.465698              47              
       0.466309              35              
       0.466919              55              
       0.467529              45              
        0.46814              37              
        0.46875              31              
        0.46936              45              
       0.469971              38              
       0.470581              43              
       0.471191              50              
       0.471802              49              
       0.472412              36              
       0.473022              50              
       0.473633              32              
       0.474243              40              
       0.474854              38              
       0.475464              32              
       0.476074              39              
       0.476685              33              
       0.477295              30              
       0.477905              52              
       0.478516              38              
       0.479126              28              
       0.479736              31              
       0.480347              46              
       0.480957              41              
       0.481567              44              
       0.482178              33              
       0.482788              33              
       0.483398              33              
       0.484009              33              
       0.484619              35              
       0.485229              42              
        0.48584              38              
        0.48645              30              
       0.487061              34              
       0.487671              26              
       0.488281              26              
       0.488892              38              
       0.489502              34              
       0.490112              33              
       0.490723              32              
       0.491333              34              
       0.491943              27              
       0.492554              47              
       0.493164              42              
       0.493774              39              
       0.494385              27              
       0.494995              39              
       0.495605              41              
       0.496216              36              
       0.496826              34              
       0.497437              22              
       0.498047              49              
       0.498657              30              
       0.499268              35              
       0.499878              48              
       0.500488              29              
       0.501099              28              
       0.501709              36              
       0.502319              29              
        0.50293              37              
        0.50354              27              
        0.50415              44              
       0.504761              28              
       0.505371              42              
       0.505981              42              
       0.506592              37              
       0.507202              29              
       0.507812              44              
       0.508423              38              
       0.509033              32              
       0.509644              42              
       0.510254              30              
       0.510864            3513              
       0.511475              33              
       0.512085              27              
       0.512695              26              
       0.513306              35              
       0.513916              33              
       0.514526              19              
       0.515137              36              
       0.515747              21              
       0.516357              18              
       0.516968              34              
       0.517578              30              
       0.518188              25              
       0.518799              24              
       0.519409              27              
        0.52002              45              
        0.52063              28              
        0.52124              21              
       0.521851              30              
       0.522461              28              
       0.523071              31              
       0.523682              30              
       0.524292              31              
       0.524902              30              
       0.525513              26              
       0.526123              33              
       0.526733              27              
       0.527344              24              
       0.527954              29              
       0.528564              23              
       0.529175              25              
       0.529785              28              
       0.530396              24              
       0.531006              30              
       0.531616              33              
       0.532227              37              
       0.532837              29              
       0.533447              25              
       0.534058              44              
       0.534668              27              
       0.535278              22              
       0.535889              36              
       0.536499              26              
       0.537109              30              
        0.53772              25              
        0.53833              36              
        0.53894              18              
       0.539551              29              
       0.540161              32              
       0.540771              27              
       0.541382              27              
       0.541992              32              
       0.542603              28              
       0.543213              35              
       0.543823              30              
       0.544434              25              
       0.545044              25              
       0.545654              19              
       0.546265              21              
       0.546875              26              
       0.547485              25              
       0.548096              26              
       0.548706              39              
       0.549316              28              
       0.549927              27              
       0.550537              31              
       0.551147              21              
       0.551758              26              
       0.552368              22              
       0.552979              30              
       0.553589              24              
       0.554199              22              
        0.55481              22              
        0.55542              22              
        0.55603              23              
       0.556641              22              
       0.557251              24              
       0.557861              30              
       0.558472              26              
       0.559082              20              
       0.559692              18              
       0.560303              20              
       0.560913              26              
       0.561523              37              
       0.562134              49              
       0.562744              33              
       0.563354              20              
       0.563965              21              
       0.564575              29              
       0.565186              34              
       0.565796              21              
       0.566406              24              
       0.567017              26              
       0.567627              24              
       0.568237              29              
       0.568848              26              
       0.569458              29              
       0.570068              28              
       0.570679              29              
       0.571289              26              
       0.571899              34              
        0.57251              18              
        0.57312              18              
        0.57373              27              
       0.574341              36              
       0.574951              19              
       0.575562              21              
       0.576172              23              
       0.576782              27              
       0.577393              20              
       0.578003              13              
       0.578613              19              
       0.579224              18              
       0.579834              13              
       0.580444              14              
       0.581055              18              
       0.581665              30              
       0.582275              27              
       0.582886              17              
       0.583496              26              
       0.584106              28              
       0.584717              19              
       0.585327              26              
       0.585938              19              
       0.586548              23              
       0.587158              21              
       0.587769              18              
       0.588379              30              
       0.588989              21              
         0.5896              19              
        0.59021              27              
        0.59082              30              
       0.591431              18              
       0.592041              25              
       0.592651              23              
       0.593262              30              
       0.593872              16              
       0.594482              19              
       0.595093              19              
       0.595703              33              
       0.596313              24              
       0.596924              18              
       0.597534              18              
       0.598145              29              
       0.598755              25              
       0.599365               9              
       0.599976              29              
       0.600586              23              
       0.601196              21              
       0.601807              20              
       0.602417              19              
       0.603027              18              
       0.603638              26              
       0.604248              26              
       0.604858              27              
       0.605469              18              
       0.606079              19              
       0.606689              24              
         0.6073              17              
        0.60791              26              
       0.608521              17              
       0.609131              25              
       0.609741              20              
       0.610352              22              
       0.610962              23              
       0.611572              28              
       0.612183              34              
       0.612793              23              
       0.613403              20              
       0.614014              16              
       0.614624              21              
       0.615234              17              
       0.615845              11              
       0.616455              35              
       0.617065              25              
       0.617676              10              
       0.618286              23              
       0.618896              15              
       0.619507              30              
       0.620117              27              
       0.620728              23              
       0.621338              14              
       0.621948              19              
       0.622559              17              
       0.623169              19              
       0.623779              25              
        0.62439              15              
          0.625              18              
        0.62561              23              
       0.626221              18              
       0.626831              17              
       0.627441              16              
       0.628052              20              
       0.628662              16              
       0.629272              13              
       0.629883              16              
       0.630493              16              
       0.631104              25              
       0.631714              19              
       0.632324              19              
       0.632935              18              
       0.633545              16              
       0.634155              24              
       0.634766              19              
       0.635376              20              
       0.635986              24              
       0.636597              14              
       0.637207              24              
       0.637817              15              
       0.638428              20              
       0.639038              25              
       0.639648              18              
       0.640259              22              
       0.640869              28              
       0.641479              19              
        0.64209              21              
         0.6427              17              
       0.643311               9              
       0.643921              20              
       0.644531              13              
       0.645142              22              
       0.645752              17              
       0.646362              19              
       0.646973              13              
       0.647583              16              
       0.648193              19              
       0.648804              23              
       0.649414              17              
       0.650024              24              
       0.650635              21              
       0.651245              19              
       0.651855              21              
       0.652466              21              
       0.653076              15              
       0.653687              19              
       0.654297              20              
       0.654907              17              
       0.655518              18              
       0.656128              15              
       0.656738              24              
       0.657349              23              
       0.657959              23              
       0.658569              18              
        0.65918              16              
        0.65979              26              
         0.6604              16              
       0.661011              30              
       0.661621              29              
       0.662231              22              
       0.662842              18              
       0.663452              25              
       0.664062              13              
       0.664673              17              
       0.665283              14              
       0.665894              18              
       0.666504              17              
       0.667114              24              
       0.667725              29              
       0.668335              17              
       0.668945              16              
       0.669556              12              
       0.670166              26              
       0.670776              19              
       0.671387              12              
       0.671997              20              
       0.672607              18              
       0.673218              24              
       0.673828              21              
       0.674438              15              
       0.675049              15              
       0.675659              18              
        0.67627              19              
        0.67688              22              
        0.67749              18              
       0.678101              20              
       0.678711              17              
       0.679321               8              
       0.679932              19              
       0.680542              20              
       0.681152              14              
       0.681763              14              
       0.682373              17              
       0.682983              15              
       0.683594              12              
       0.684204              16              
       0.684814              18              
       0.685425              17              
       0.686035              25              
       0.686646              17              
       0.687256              28              
       0.687866              19              
       0.688477              16              
       0.689087              13              
       0.689697               8              
       0.690308              27              
       0.690918              20              
       0.691528              17              
       0.692139              15              
       0.692749              20              
       0.693359              17              
        0.69397              19              
        0.69458              19              
        0.69519              17              
       0.695801              18              
       0.696411              28              
       0.697021              16              
       0.697632              14              
       0.698242              10              
       0.698853              13              
       0.699463              17              
       0.700073              15              
       0.700684              18              
       0.701294              22              
       0.701904              21              
       0.702515              18              
       0.703125              14              
       0.703735              22              
       0.704346              14              
       0.704956              17              
       0.705566              18              
       0.706177              18              
       0.706787              17              
       0.707397              13              
       0.708008              19              
       0.708618              17              
       0.709229              20              
       0.709839              11              
       0.710449              19              
        0.71106              14              
        0.71167              16              
        0.71228              18              
       0.712891              21              
       0.713501              11              
       0.714111              19              
       0.714722              14              
       0.715332              26              
       0.715942              19              
       0.716553              13              
       0.717163              14              
       0.717773              23              
       0.718384              20              
       0.718994              11              
       0.719604              11              
       0.720215              14              
       0.720825               9              
       0.721436              10              
       0.722046              11              
       0.722656              20              
       0.723267              16              
       0.723877              18              
       0.724487              14              
       0.725098              24              
       0.725708              14              
       0.726318              10              
       0.726929              15              
       0.727539              24              
       0.728149              13              
        0.72876              19              
        0.72937              15              
        0.72998               7              
       0.730591              15              
       0.731201              17              
       0.731812              18              
       0.732422              17              
       0.733032              19              
       0.733643              11              
       0.734253              16              
       0.734863              15              
       0.735474              11              
       0.736084              18              
       0.736694              13              
       0.737305              13              
       0.737915              19              
       0.738525              18              
       0.739136              12              
       0.739746               9              
       0.740356              17              
       0.740967              15              
       0.741577              11              
       0.742188               9              
       0.742798              18              
       0.743408              17              
       0.744019              10              
       0.744629               9              
       0.745239              18              
        0.74585              19              
        0.74646              19              
        0.74707              18              
       0.747681              14              
       0.748291              15              
       0.748901              18              
       0.749512              20              
       0.750122              11              
       0.750732              11              
       0.751343              13              
       0.751953              18              
       0.752563              21              
       0.753174              16              
       0.753784              10              
       0.754395              19              
       0.755005              19              
       0.755615              12              
       0.756226              15              
       0.756836              12              
       0.757446              15              
       0.758057              20              
       0.758667              14              
       0.759277              10              
       0.759888              13              
       0.760498              12              
       0.761108              10              
       0.761719              24              
       0.762329              17              
       0.762939              10              
        0.76355              10              
        0.76416              10              
       0.764771              22              
       0.765381              19              
       0.765991               7              
       0.766602              25              
       0.767212              10              
       0.767822              11              
       0.768433              13              
       0.769043              16              
       0.769653              18              
       0.770264              20              
       0.770874              17              
       0.771484              21              
       0.772095              16              
       0.772705              11              
       0.773315              16              
       0.773926              19              
       0.774536              15              
       0.775146              17              
       0.775757              10              
       0.776367              13              
       0.776978              14              
       0.777588              11              
       0.778198              17              
       0.778809              19              
       0.779419              20              
       0.780029              12              
        0.78064              13              
        0.78125              22              
        0.78186              12              
       0.782471              13              
       0.783081              13              
       0.783691              23              
       0.784302              16              
       0.784912              15              
       0.785522              23              
       0.786133               9              
       0.786743              10              
       0.787354              14              
       0.787964              23              
       0.788574               9              
       0.789185               6              
       0.789795               4              
       0.790405              13              
       0.791016              14              
       0.791626              14              
       0.792236              24              
       0.792847              12              
       0.793457              16              
       0.794067               8              
       0.794678              17              
       0.795288              21              
       0.795898              22              
       0.796509              15              
       0.797119               9              
       0.797729              11              
        0.79834              12              
        0.79895              11              
       0.799561              17              
       0.800171              11              
       0.800781              16              
       0.801392              11              
       0.802002              22              
       0.802612              17              
       0.803223              17              
       0.803833              17              
       0.804443              15              
       0.805054              21              
       0.805664              10              
       0.806274              20              
       0.806885              10              
       0.807495              18              
       0.808105              11              
       0.808716              21              
       0.809326               7              
       0.809937              14              
       0.810547              13              
       0.811157              18              
       0.811768              16              
       0.812378              12              
       0.812988              18              
       0.813599              16              
       0.814209              13              
       0.814819               6              
        0.81543              14              
        0.81604               9              
        0.81665              15              
       0.817261              17              
       0.817871               8              
       0.818481              11              
       0.819092               9              
       0.819702              16              
       0.820312              17              
       0.820923              14              
       0.821533              11              
       0.822144              15              
       0.822754              13              
       0.823364              22              
       0.823975              13              
       0.824585               8              
       0.825195               9              
       0.825806              10              
       0.826416              14              
       0.827026              12              
       0.827637              14              
       0.828247              13              
       0.828857              18              
       0.829468              13              
       0.830078              15              
       0.830688              17              
       0.831299               6              
       0.831909              14              
        0.83252              12              
        0.83313              12              
        0.83374               8              
       0.834351              16              
       0.834961              17              
       0.835571               9              
       0.836182              10              
       0.836792              15              
       0.837402              11              
       0.838013              14              
       0.838623              18              
       0.839233              16              
       0.839844              10              
       0.840454              11              
       0.841064              25              
       0.841675              17              
       0.842285              11              
       0.842896              19              
       0.843506               6              
       0.844116              17              
       0.844727               5              
       0.845337              19              
       0.845947              16              
       0.846558               8              
       0.847168              12              
       0.847778              11              
       0.848389              13              
       0.848999              10              
       0.849609              11              
        0.85022              20              
        0.85083              16              
        0.85144              11              
       0.852051              18              
       0.852661               8              
       0.853271              12              
       0.853882              12              
       0.854492              14              
       0.855103              10              
       0.855713              10              
       0.856323               8              
       0.856934              14              
       0.857544              11              
       0.858154               6              
       0.858765              15              
       0.859375              13              
       0.859985              10              
       0.860596               9              
       0.861206              11              
       0.861816              18              
       0.862427              19              
       0.863037              13              
       0.863647              11              
       0.864258              14              
       0.864868               9              
       0.865479              11              
       0.866089              14              
       0.866699              11              
        0.86731              12              
        0.86792               9              
        0.86853              13              
       0.869141              18              
       0.869751              10              
       0.870361               9              
       0.870972              11              
       0.871582              10              
       0.872192              12              
       0.872803              13              
       0.873413               9              
       0.874023              11              
       0.874634              14              
       0.875244              10              
       0.875854               5              
       0.876465               9              
       0.877075               6              
       0.877686              17              
       0.878296              23              
       0.878906               8              
       0.879517              16              
       0.880127              10              
       0.880737              16              
       0.881348              12              
       0.881958               9              
       0.882568              12              
       0.883179              11              
       0.883789              13              
       0.884399              18              
        0.88501              10              
        0.88562              16              
        0.88623               7              
       0.886841               9              
       0.887451              12              
       0.888062              12              
       0.888672              17              
       0.889282               6              
       0.889893              12              
       0.890503              11              
       0.891113              18              
       0.891724              14              
       0.892334              10              
       0.892944               8              
       0.893555              14              
       0.894165              11              
       0.894775               9              
       0.895386               4              
       0.895996              14              
       0.896606              11              
       0.897217               9              
       0.897827              15              
       0.898438              10              
       0.899048              10              
       0.899658              17              
       0.900269              10              
       0.900879              13              
       0.901489               7              
         0.9021              17              
        0.90271              15              
        0.90332              10              
       0.903931              14              
       0.904541              10              
       0.905151               9              
       0.905762               4              
       0.906372               9              
       0.906982              18              
       0.907593              10              
       0.908203              14              
       0.908813              19              
       0.909424              10              
       0.910034               9              
       0.910645              11              
       0.911255               7              
       0.911865              11              
       0.912476               7              
       0.913086               6              
       0.913696              16              
       0.914307              19              
       0.914917              15              
       0.915527              17              
       0.916138              14              
       0.916748              11              
       0.917358              14              
       0.917969              13              
       0.918579               8              
       0.919189              12              
         0.9198              17              
        0.92041               9              
       0.921021               8              
       0.921631              13              
       0.922241              11              
       0.922852              10              
       0.923462              14              
       0.924072              11              
       0.924683               5              
       0.925293               5              
       0.925903               3              
       0.926514               9              
       0.927124              14              
       0.927734              10              
       0.928345               7              
       0.928955              11              
       0.929565               8              
       0.930176              15              
       0.930786              10              
       0.931396              10              
       0.932007              10              
       0.932617               9              
       0.933228               7              
       0.933838               7              
       0.934448              13              
       0.935059              14              
       0.935669               7              
       0.936279               4              
        0.93689              12              
         0.9375               6              
        0.93811              16              
       0.938721              11              
       0.939331              13              
       0.939941               9              
       0.940552              12              
       0.941162              17              
       0.941772               9              
       0.942383              16              
       0.942993              19              
       0.943604              13              
       0.944214              12              
       0.944824              15              
       0.945435              12              
       0.946045               8              
       0.946655              10              
       0.947266              13              
       0.947876              11              
       0.948486               9              
       0.949097              10              
       0.949707              14              
       0.950317              13              
       0.950928              13              
       0.951538              14              
       0.952148              11              
       0.952759               4              
       0.953369              10              
       0.953979               6              
        0.95459              13              
         0.9552               9              
       0.955811              14              
       0.956421              13              
       0.957031              10              
       0.957642              13              
       0.958252              12              
       0.958862              11              
       0.959473               9              
       0.960083               8              
       0.960693               8              
       0.961304               8              
       0.961914              10              
       0.962524              12              
       0.963135              17              
       0.963745              11              
       0.964355              13              
       0.964966              10              
       0.965576              10              
       0.966187              18              
       0.966797               7              
       0.967407              10              
       0.968018               8              
       0.968628               6              
       0.969238              13              
       0.969849               7              
       0.970459              11              
       0.971069              11              
        0.97168              13              
        0.97229              11              
         0.9729              17              
       0.973511               7              
       0.974121              13              
       0.974731              18              
       0.975342              10              
       0.975952              11              
       0.976562               9              
       0.977173               6              
       0.977783              13              
       0.978394              15              
       0.979004              14              
       0.979614               6              
       0.980225              12              
       0.980835              15              
       0.981445              10              
       0.982056               6              
       0.982666               9              
       0.983276               5              
       0.983887               7              
       0.984497              12              
       0.985107               9              
       0.985718               7              
       0.986328               7              
       0.986938               9              
       0.987549              11              
       0.988159              13              
        0.98877               4              
        0.98938               7              
        0.98999               7              
       0.990601               7              
       0.991211              10              
       0.991821               9              
       0.992432               9              
       0.993042               7              
       0.993652              15              
       0.994263              14              
       0.994873              11              
       0.995483               8              
       0.996094               7              
       0.996704               8              
       0.997314              17              
       0.997925              12              
       0.998535              13              
       0.999146               6              
              0     2.54655e-08              
     0.00274659      7.1622e-09              
     0.00762939     3.18319e-09              
      0.0125123     6.36639e-09              
       0.017395     1.47621e-07              
      0.0222779     2.02132e-07              
      0.0271606     2.98822e-07              
      0.0320434     6.96721e-07              
      0.0369262     1.21399e-06              
      0.0418091     1.65048e-06              
      0.0466919     1.85222e-06              
      0.0515747     1.98114e-06              
      0.0564576     1.94016e-06              
      0.0613404     1.90276e-06              
      0.0662231     1.86813e-06              
       0.071106     1.77423e-06              
      0.0759887     1.71216e-06              
      0.0808716     1.65565e-06              
      0.0857544     1.52555e-06              
      0.0906372     1.52355e-06              
        0.09552     1.47382e-06              
       0.100403     1.40697e-06              
       0.105286      1.3266e-06              
       0.110169     1.27964e-06              
       0.115052     1.20244e-06              
       0.119933     1.19529e-06              
       0.124817     1.13044e-06              
         0.1297     1.03892e-06              
       0.134583     1.00987e-06              
       0.139465     9.87587e-07              
       0.144348     9.05619e-07              
       0.149231     8.88907e-07              
       0.154114     8.09327e-07              
       0.158997     8.16489e-07              
       0.163879     7.51234e-07              
       0.168762      7.5004e-07              
       0.173645     7.55213e-07              
       0.178528     6.92742e-07              
       0.183411     6.25895e-07              
       0.188293     6.07592e-07              
       0.193176     6.09979e-07              
       0.198059     5.47907e-07              
       0.202942     5.47907e-07              
       0.207825      5.2085e-07              
       0.212708      5.1886e-07              
        0.21759     4.40872e-07              
       0.222473     4.61961e-07              
       0.227356     4.48035e-07              
       0.232239     4.25752e-07              
       0.237122     4.38882e-07              
       0.242004      4.3371e-07              
       0.246887     4.07448e-07              
        0.25177      3.9949e-07              
       0.256653     3.54926e-07              
       0.261536      3.6368e-07              
       0.266419     3.53334e-07              
       0.271301     3.05587e-07              
       0.276184     3.07179e-07              
       0.281067     3.21502e-07              
       0.285949     3.25879e-07              
       0.290832     3.05985e-07              
       0.295715     2.65002e-07              
       0.300597     2.92058e-07              
        0.30548     2.33965e-07              
       0.310364     2.79723e-07              
       0.315247     2.43116e-07              
        0.32013     2.14866e-07              
       0.325013     2.09693e-07              
       0.329895     2.10091e-07              
       0.334778     2.24017e-07              
       0.339661     2.26007e-07              
       0.344544     1.93379e-07              
       0.349426     2.00939e-07              
       0.354309     1.81044e-07              
       0.359192     1.88206e-07              
       0.364074      1.9895e-07              
       0.368957     1.71495e-07              
        0.37384     1.81443e-07              
       0.378722     1.66322e-07              
       0.383605     1.60751e-07              
       0.388489     1.85023e-07              
       0.393372     1.66719e-07              
       0.398255     1.55181e-07              
       0.403138     1.45631e-07              
        0.40802     1.63537e-07              
       0.412903     1.36081e-07              
       0.417786     1.53589e-07              
       0.422669     1.35683e-07              
       0.427551     1.30113e-07              
       0.432434     1.29318e-07              
       0.437317     1.31306e-07              
       0.442199     1.50008e-07              
       0.447082     1.21757e-07              
       0.451965     1.18176e-07              
       0.456847     1.37275e-07              
        0.46173     1.30909e-07              
       0.466614     1.23349e-07              
       0.471497     1.13401e-07              
        0.47638      1.2494e-07              
       0.481263     1.28521e-07              
       0.486145      1.1738e-07              
       0.491028     1.07433e-07              
       0.495911     1.00271e-07              
       0.500794     1.18176e-07              
       0.505676     1.15788e-07              
       0.510559     1.51361e-06              
       0.515442     8.23651e-08              
       0.520325     8.95273e-08              
       0.525207     7.44072e-08              
        0.53009     8.07735e-08              
       0.534973     9.98725e-08              
       0.539856     7.71924e-08              
       0.544739     7.95799e-08              
       0.549622     8.15693e-08              
       0.554505     8.59461e-08              
       0.559387     8.99252e-08              
        0.56427     7.75903e-08              
       0.569153      7.8784e-08              
       0.574036     8.59462e-08              
       0.578919     7.95798e-08              
       0.583801     7.44071e-08              
       0.588684     7.24176e-08              
       0.593567     7.63966e-08              
        0.59845     6.24702e-08              
       0.603332     6.96323e-08              
       0.608215     5.96849e-08              
       0.613098     6.20722e-08              
       0.617981     7.63966e-08              
       0.622864     6.80407e-08              
       0.627747     5.84912e-08              
        0.63263     5.76954e-08              
       0.637512      7.0826e-08              
       0.642395     5.80933e-08              
       0.647278      5.5308e-08              
       0.652161     5.29206e-08              
       0.657044     5.72975e-08              
       0.661926     5.80932e-08              
       0.666809     5.80933e-08              
       0.671692     5.80933e-08              
       0.676575     6.00828e-08              
       0.681457     5.57059e-08              
        0.68634     5.57059e-08              
       0.691223     6.04806e-08              
       0.696106     6.24702e-08              
       0.700989     4.93395e-08              
       0.705872     5.37164e-08              
       0.710755     6.36639e-08              
       0.715637     5.05332e-08              
        0.72052      5.1329e-08              
       0.725403     5.09311e-08              
       0.730286     4.57584e-08              
       0.735169     5.21248e-08              
       0.740051     5.09311e-08              
       0.744934     5.57059e-08              
       0.749817     5.01353e-08              
         0.7547     5.09311e-08              
       0.759582     5.65017e-08              
       0.764465     5.09311e-08              
       0.769348     4.25752e-08              
       0.774231     3.97899e-08              
       0.779114     4.81458e-08              
       0.783997     5.33185e-08              
        0.78888     4.41668e-08              
       0.793762     4.05857e-08              
       0.798645     5.05332e-08              
       0.803528     4.93395e-08              
       0.808411     4.97374e-08              
       0.813294      4.3371e-08              
       0.818176     4.45647e-08              
       0.823059     4.41668e-08              
       0.827942     4.37689e-08              
       0.832825     4.69521e-08              
       0.837707      4.3371e-08              
        0.84259     4.37689e-08              
       0.847473     4.29731e-08              
       0.852356     5.29206e-08              
       0.857239     4.37689e-08              
       0.862122     5.65017e-08              
       0.867005     4.41668e-08              
       0.871887     3.18319e-08              
        0.87677     3.66067e-08              
       0.881653     3.46172e-08              
       0.886536     4.29731e-08              
       0.891419     3.50151e-08              
       0.896301     4.01878e-08              
       0.901184     3.89941e-08              
       0.906067     4.17794e-08              
        0.91095     3.66067e-08              
       0.915832      4.3371e-08              
       0.920715     3.46172e-08              
       0.925598     3.42193e-08              
       0.930481      3.5413e-08              
       0.935364     2.90466e-08              
       0.940247     3.26277e-08              
        0.94513     3.89941e-08              
       0.950012      3.5413e-08              
       0.954895     4.05857e-08              
       0.959778     3.18319e-08              
       0.964661     3.74025e-08              
       0.969544     4.53605e-08              
       0.974426     3.34235e-08              
       0.979309     3.22298e-08              
       0.984192     3.10361e-08              
       0.989075     3.18319e-08              
