       0.999756               5              
        1.00037               8              
        1.00098              15              
        1.00159               9              
         1.0022              11              
        1.00281               8              
        1.00342               5              
        1.00403              11              
        1.00464              11              
        1.00525              15              
        1.00586               9              
        1.00647              11              
        1.00708               3              
        1.00769              13              
         1.0083               7              
        1.00891               9              
        1.00952              10              
        1.01013               8              
        1.01074               8              
        1.01135               9              
        1.01196               8              
        1.01257              12              
        1.01318               8              
        1.01379               8              
         1.0144              10              
        1.01501              13              
        1.01562               9              
        1.01624               9              
        1.01685               6              
        1.01746               9              
        1.01807              10              
        1.01868               9              
        1.01929              11              
         1.0199              15              
        1.02051              12              
        1.02112               8              
        1.02173              11              
        1.02234               8              
        1.02295               4              
        1.02356               9              
        1.02417              13              
        1.02478               9              
        1.02539               7              
          1.026              14              
        1.02661              12              
        1.02722              12              
        1.02783              11              
        1.02844              12              
        1.02905              15              
        1.02966              10              
        1.03027               8              
        1.03088              21              
        1.03149               8              
         1.0321               9              
        1.03271               8              
        1.03333              18              
        1.03394              13              
        1.03455               5              
        1.03516              12              
        1.03577              12              
        1.03638              10              
        1.03699               6              
         1.0376              10              
        1.03821              14              
        1.03882              14              
        1.03943               5              
        1.04004              10              
        1.04065              11              
        1.04126              13              
        1.04187              10              
        1.04248               6              
        1.04309               5              
         1.0437               5              
        1.04431               9              
        1.04492              13              
        1.04553              16              
        1.04614              13              
        1.04675               7              
        1.04736               8              
        1.04797               7              
        1.04858              11              
        1.04919               8              
         1.0498               4              
        1.05042               5              
        1.05103               7              
        1.05164               6              
        1.05225               5              
        1.05286               6              
        1.05347               5              
        1.05408              10              
        1.05469               8              
         1.0553              12              
        1.05591               9              
        1.05652               8              
        1.05713              12              
        1.05774               5              
        1.05835               7              
        1.05896              15              
        1.05957               6              
        1.06018              10              
        1.06079               7              
         1.0614               6              
        1.06201               6              
        1.06262               9              
        1.06323              10              
        1.06384               8              
        1.06445               8              
        1.06506               8              
        1.06567               6              
        1.06628              15              
        1.06689              14              
         1.0675              13              
        1.06812               7              
        1.06873               6              
        1.06934               6              
        1.06995               8              
        1.07056               9              
        1.07117              11              
        1.07178               7              
        1.07239              21              
          1.073               7              
        1.07361              11              
        1.07422               4              
        1.07483              12              
        1.07544               8              
        1.07605               8              
        1.07666               7              
        1.07727               3              
        1.07788              10              
        1.07849               6              
         1.0791              10              
        1.07971               8              
        1.08032               9              
        1.08093              11              
        1.08154               6              
        1.08215              15              
        1.08276              10              
        1.08337              10              
        1.08398              12              
        1.08459               9              
        1.08521              10              
        1.08582               9              
        1.08643               8              
        1.08704               8              
        1.08765               5              
        1.08826               9              
        1.08887              15              
        1.08948               9              
        1.09009               6              
         1.0907              13              
        1.09131               4              
        1.09192               5              
        1.09253              10              
        1.09314              15              
        1.09375              10              
        1.09436              11              
        1.09497              11              
        1.09558              11              
        1.09619              14              
         1.0968               9              
        1.09741               7              
        1.09802              11              
        1.09863               8              
        1.09924               8              
        1.09985               6              
        1.10046              12              
        1.10107              11              
        1.10168               9              
        1.10229               6              
        1.10291               7              
        1.10352               9              
        1.10413              10              
        1.10474               6              
        1.10535               9              
        1.10596               4              
        1.10657               5              
        1.10718               6              
        1.10779              10              
         1.1084               7              
        1.10901              18              
        1.10962               4              
        1.11023               9              
        1.11084               9              
        1.11145              11              
        1.11206               6              
        1.11267               5              
        1.11328               4              
        1.11389               9              
         1.1145               9              
        1.11511               9              
        1.11572               5              
        1.11633               8              
        1.11694               8              
        1.11755              13              
        1.11816               4              
        1.11877               7              
        1.11938               5              
           1.12              10              
        1.12061              11              
        1.12122               7              
        1.12183              11              
        1.12244              13              
        1.12305              13              
        1.12366               7              
        1.12427               8              
        1.12488               9              
        1.12549              11              
         1.1261               8              
        1.12671               5              
        1.12732              11              
        1.12793              10              
        1.12854               6              
        1.12915              13              
        1.12976               5              
        1.13037               7              
        1.13098               4              
        1.13159              17              
         1.1322               9              
        1.13281               7              
        1.13342               5              
        1.13403               6              
        1.13464               7              
        1.13525               6              
        1.13586               6              
        1.13647               8              
        1.13708               9              
         1.1377               8              
        1.13831               7              
        1.13892               7              
        1.13953               8              
        1.14014               9              
        1.14075               8              
        1.14136               9              
        1.14197               5              
        1.14258               9              
        1.14319               8              
         1.1438               5              
        1.14441              11              
        1.14502              12              
        1.14563               9              
        1.14624              11              
        1.14685               7              
        1.14746               6              
        1.14807              11              
        1.14868               9              
        1.14929               7              
         1.1499              13              
        1.15051               5              
        1.15112              10              
        1.15173               6              
        1.15234               8              
        1.15295               9              
        1.15356              10              
        1.15417               8              
        1.15479               7              
         1.1554               5              
        1.15601               9              
        1.15662               8              
        1.15723              10              
        1.15784               5              
        1.15845              10              
        1.15906               7              
        1.15967               4              
        1.16028               9              
        1.16089               6              
         1.1615               6              
        1.16211               8              
        1.16272               9              
        1.16333               9              
        1.16394               4              
        1.16455               9              
        1.16516              10              
        1.16577               7              
        1.16638              10              
        1.16699               9              
         1.1676              12              
        1.16821               9              
        1.16882               6              
        1.16943               6              
        1.17004               9              
        1.17065               4              
        1.17126               8              
        1.17188               4              
        1.17249              10              
         1.1731               5              
        1.17371               8              
        1.17432              12              
        1.17493               5              
        1.17554               7              
        1.17615               9              
        1.17676               5              
        1.17737              11              
        1.17798               6              
        1.17859               8              
         1.1792              20              
        1.17981              15              
        1.18042               5              
        1.18103               6              
        1.18164               6              
        1.18225              10              
        1.18286               7              
        1.18347               7              
        1.18408               3              
        1.18469               3              
         1.1853               5              
        1.18591               6              
        1.18652               4              
        1.18713               7              
        1.18774              11              
        1.18835               9              
        1.18896               3              
        1.18958               9              
        1.19019               8              
         1.1908               4              
        1.19141               7              
        1.19202               6              
        1.19263               4              
        1.19324               6              
        1.19385              11              
        1.19446               4              
        1.19507               8              
        1.19568              12              
        1.19629               7              
         1.1969               6              
        1.19751               8              
        1.19812              14              
        1.19873               8              
        1.19934               5              
        1.19995               8              
        1.20056              14              
        1.20117               3              
        1.20178               8              
        1.20239              11              
          1.203               8              
        1.20361               7              
        1.20422               8              
        1.20483               5              
        1.20544               6              
        1.20605               7              
        1.20667               4              
        1.20728               8              
        1.20789              11              
         1.2085              11              
        1.20911               7              
        1.20972              12              
        1.21033               7              
        1.21094               7              
        1.21155               8              
        1.21216               9              
        1.21277              10              
        1.21338               9              
        1.21399               4              
         1.2146              11              
        1.21521               8              
        1.21582               6              
        1.21643               6              
        1.21704               6              
        1.21765              12              
        1.21826               2              
        1.21887              13              
        1.21948               9              
        1.22009               5              
         1.2207               6              
        1.22131              13              
        1.22192              10              
        1.22253               9              
        1.22314               8              
        1.22375              11              
        1.22437              10              
        1.22498               6              
        1.22559               6              
         1.2262               3              
        1.22681               8              
        1.22742               9              
        1.22803               6              
        1.22864              10              
        1.22925               7              
        1.22986               7              
        1.23047               7              
        1.23108               5              
        1.23169               6              
         1.2323               9              
        1.23291              18              
        1.23352               9              
        1.23413              10              
        1.23474               7              
        1.23535               5              
        1.23596              11              
        1.23657               2              
        1.23718               7              
        1.23779               5              
         1.2384               7              
        1.23901              14              
        1.23962               9              
        1.24023               4              
        1.24084               6              
        1.24146               7              
        1.24207               3              
        1.24268               9              
        1.24329               6              
         1.2439               3              
        1.24451               6              
        1.24512              11              
        1.24573               6              
        1.24634              10              
        1.24695               3              
        1.24756               6              
        1.24817               6              
        1.24878               8              
        1.24939               9              
           1.25              12              
        1.25061               9              
        1.25122               8              
        1.25183               7              
        1.25244               5              
        1.25305               5              
        1.25366               7              
        1.25427               9              
        1.25488              11              
        1.25549              14              
         1.2561               9              
        1.25671               7              
        1.25732               7              
        1.25793               9              
        1.25854              12              
        1.25916               5              
        1.25977               6              
        1.26038               7              
        1.26099               9              
         1.2616               4              
        1.26221              12              
        1.26282               4              
        1.26343               8              
        1.26404               6              
        1.26465               8              
        1.26526               3              
        1.26587               6              
        1.26648              14              
        1.26709               8              
         1.2677               6              
        1.26831               7              
        1.26892               8              
        1.26953              10              
        1.27014               4              
        1.27075               7              
        1.27136               4              
        1.27197               1              
        1.27258               7              
        1.27319               6              
         1.2738               5              
        1.27441               4              
        1.27502               5              
        1.27563               9              
        1.27625               7              
        1.27686               6              
        1.27747               9              
        1.27808               7              
        1.27869               3              
         1.2793               9              
        1.27991               7              
        1.28052               6              
        1.28113               8              
        1.28174               5              
        1.28235               8              
        1.28296              12              
        1.28357               7              
        1.28418               6              
        1.28479              10              
         1.2854               6              
        1.28601               2              
        1.28662               9              
        1.28723               5              
        1.28784               8              
        1.28845               6              
        1.28906               8              
        1.28967               9              
        1.29028               9              
        1.29089              11              
         1.2915               6              
        1.29211               5              
        1.29272               7              
        1.29333              10              
        1.29395               5              
        1.29456               7              
        1.29517               2              
        1.29578               3              
        1.29639               5              
          1.297              11              
        1.29761              10              
        1.29822               8              
        1.29883               7              
        1.29944               6              
        1.30005               4              
        1.30066              10              
        1.30127               6              
        1.30188               7              
        1.30249               9              
         1.3031              10              
        1.30371               8              
        1.30432               9              
        1.30493              13              
        1.30554              10              
        1.30615               8              
        1.30676               2              
        1.30737               3              
        1.30798               7              
        1.30859               8              
         1.3092               6              
        1.30981               8              
        1.31042               4              
        1.31104               6              
        1.31165               7              
        1.31226               7              
        1.31287               6              
        1.31348              10              
        1.31409               5              
         1.3147               2              
        1.31531               7              
        1.31592               6              
        1.31653              11              
        1.31714               7              
        1.31775               7              
        1.31836               8              
        1.31897              11              
        1.31958               8              
        1.32019              11              
         1.3208              12              
        1.32141               7              
        1.32202               4              
        1.32263               8              
        1.32324               4              
        1.32385              11              
        1.32446              10              
        1.32507               7              
        1.32568               7              
        1.32629               6              
         1.3269              12              
        1.32751               5              
        1.32812               8              
        1.32874               9              
        1.32935               7              
        1.32996               3              
        1.33057              14              
        1.33118               8              
        1.33179               6              
         1.3324               8              
        1.33301              11              
        1.33362               6              
        1.33423               7              
        1.33484               5              
        1.33545               7              
        1.33606               6              
        1.33667               6              
        1.33728               7              
        1.33789               8              
         1.3385               6              
        1.33911               8              
        1.33972               4              
        1.34033               6              
        1.34094               7              
        1.34155               5              
        1.34216              12              
        1.34277               8              
        1.34338               4              
        1.34399               6              
         1.3446              11              
        1.34521               7              
        1.34583               7              
        1.34644               9              
        1.34705               9              
        1.34766               8              
        1.34827               2              
        1.34888               4              
        1.34949              11              
         1.3501               8              
        1.35071               9              
        1.35132               4              
        1.35193               4              
        1.35254              10              
        1.35315               8              
        1.35376               8              
        1.35437              10              
        1.35498               7              
        1.35559               5              
         1.3562               8              
        1.35681               7              
        1.35742               6              
        1.35803               7              
        1.35864               2              
        1.35925               6              
        1.35986               9              
        1.36047               7              
        1.36108               8              
        1.36169               8              
         1.3623               5              
        1.36292               8              
        1.36353               7              
        1.36414               6              
        1.36475               3              
        1.36536               7              
        1.36597               5              
        1.36658               9              
        1.36719               7              
         1.3678               7              
        1.36841               6              
        1.36902               7              
        1.36963               8              
        1.37024               2              
        1.37085               8              
        1.37146              11              
        1.37207              12              
        1.37268               6              
        1.37329               4              
         1.3739               5              
        1.37451               1              
        1.37512               8              
        1.37573               3              
        1.37634              11              
        1.37695               5              
        1.37756               6              
        1.37817               7              
        1.37878               6              
        1.37939               8              
           1.38               8              
        1.38062               9              
        1.38123               5              
        1.38184               4              
        1.38245               5              
        1.38306               6              
        1.38367               0              
        1.38428               8              
        1.38489               9              
         1.3855               3              
        1.38611               5              
        1.38672               6              
        1.38733               6              
        1.38794               6              
        1.38855               6              
        1.38916              10              
        1.38977               6              
        1.39038               7              
        1.39099               7              
         1.3916               5              
        1.39221               2              
        1.39282               3              
        1.39343               7              
        1.39404               6              
        1.39465               4              
        1.39526               3              
        1.39587               2              
        1.39648               6              
        1.39709               5              
        1.39771               6              
        1.39832               6              
        1.39893              12              
        1.39954               3              
        1.40015               7              
        1.40076               5              
        1.40137               7              
        1.40198               6              
        1.40259               7              
         1.4032               5              
        1.40381               4              
        1.40442               8              
        1.40503               5              
        1.40564               6              
        1.40625               3              
        1.40686               7              
        1.40747               3              
        1.40808               4              
        1.40869               6              
         1.4093               5              
        1.40991               7              
        1.41052               4              
        1.41113               7              
        1.41174               4              
        1.41235               6              
        1.41296               7              
        1.41357               4              
        1.41418               6              
        1.41479              11              
        1.41541              10              
        1.41602              10              
        1.41663               6              
        1.41724               5              
        1.41785               3              
        1.41846               4              
        1.41907               7              
        1.41968               4              
        1.42029              12              
         1.4209               7              
        1.42151               8              
        1.42212              11              
        1.42273               5              
        1.42334               8              
        1.42395               8              
        1.42456               6              
        1.42517               6              
        1.42578               6              
        1.42639               7              
          1.427               6              
        1.42761               5              
        1.42822               6              
        1.42883               5              
        1.42944               6              
        1.43005               3              
        1.43066               5              
        1.43127               8              
        1.43188               5              
         1.4325              10              
        1.43311               6              
        1.43372               6              
        1.43433               7              
        1.43494               4              
        1.43555               6              
        1.43616               7              
        1.43677               5              
        1.43738               6              
        1.43799               7              
         1.4386               8              
        1.43921               8              
        1.43982               7              
        1.44043               2              
        1.44104               8              
        1.44165               6              
        1.44226               6              
        1.44287               9              
        1.44348               5              
        1.44409               4              
         1.4447               8              
        1.44531              34              
        1.44592               7              
        1.44653               7              
        1.44714              10              
        1.44775               7              
        1.44836               3              
        1.44897               7              
        1.44958              10              
         1.4502               8              
        1.45081               8              
        1.45142               4              
        1.45203              11              
        1.45264               5              
        1.45325               6              
        1.45386               7              
        1.45447               6              
        1.45508               6              
        1.45569               3              
         1.4563               8              
        1.45691               4              
        1.45752              11              
        1.45813               9              
        1.45874               7              
        1.45935               9              
        1.45996               7              
        1.46057               5              
        1.46118               7              
        1.46179               6              
         1.4624               2              
        1.46301               6              
        1.46362               8              
        1.46423               1              
        1.46484               2              
        1.46545               8              
        1.46606               5              
        1.46667               4              
        1.46729               5              
         1.4679               5              
        1.46851               6              
        1.46912               6              
        1.46973               9              
        1.47034               7              
        1.47095               7              
        1.47156               3              
        1.47217               6              
        1.47278               7              
        1.47339               3              
          1.474               6              
        1.47461               5              
        1.47522               2              
        1.47583               7              
        1.47644               4              
        1.47705               9              
        1.47766               6              
        1.47827               6              
        1.47888               6              
        1.47949               5              
         1.4801               3              
        1.48071               8              
        1.48132               5              
        1.48193               6              
        1.48254               7              
        1.48315               4              
        1.48376               5              
        1.48438               3              
        1.48499               2              
         1.4856               5              
        1.48621               5              
        1.48682              13              
        1.48743               7              
        1.48804               4              
        1.48865               9              
        1.48926               4              
        1.48987              10              
        1.49048               3              
        1.49109               5              
         1.4917               5              
        1.49231               6              
        1.49292              13              
        1.49353               5              
        1.49414               7              
        1.49475               9              
        1.49536               8              
        1.49597               6              
        1.49658               9              
        1.49719               5              
         1.4978               7              
        1.49841               8              
        1.49902               6              
        1.49963               5              
        1.50024              11              
        1.50085               5              
        1.50146               9              
        1.50208               1              
        1.50269               6              
         1.5033               5              
        1.50391               6              
        1.50452               7              
        1.50513               6              
        1.50574               0              
        1.50635               9              
        1.50696               6              
        1.50757               8              
        1.50818               5              
        1.50879               8              
         1.5094               5              
        1.51001               6              
        1.51062               5              
        1.51123               4              
        1.51184               7              
        1.51245               8              
        1.51306               5              
        1.51367               1              
        1.51428               7              
        1.51489               5              
         1.5155               4              
        1.51611              11              
        1.51672               5              
        1.51733               7              
        1.51794               3              
        1.51855               5              
        1.51917               4              
        1.51978               8              
        1.52039               5              
          1.521               4              
        1.52161               4              
        1.52222               9              
        1.52283               7              
        1.52344               7              
        1.52405               6              
        1.52466               4              
        1.52527               5              
        1.52588               4              
        1.52649               7              
         1.5271               6              
        1.52771               5              
        1.52832               7              
        1.52893               3              
        1.52954               7              
        1.53015               7              
        1.53076               3              
        1.53137               8              
        1.53198               9              
        1.53259               2              
         1.5332               3              
        1.53381               9              
        1.53442               1              
        1.53503               5              
        1.53564               5              
        1.53625               6              
        1.53687               8              
        1.53748               7              
        1.53809               2              
         1.5387               8              
        1.53931               4              
        1.53992               9              
        1.54053               7              
        1.54114               6              
        1.54175               6              
        1.54236              10              
        1.54297               7              
        1.54358               0              
        1.54419               2              
         1.5448               7              
        1.54541               7              
        1.54602               8              
        1.54663               9              
        1.54724               7              
        1.54785               6              
        1.54846               4              
        1.54907               2              
        1.54968               8              
        1.55029               8              
         1.5509               4              
        1.55151               6              
        1.55212               4              
        1.55273               6              
        1.55334               8              
        1.55396               5              
        1.55457               2              
        1.55518               7              
        1.55579               5              
         1.5564               6              
        1.55701               3              
        1.55762               3              
        1.55823               6              
        1.55884               8              
        1.55945               2              
        1.56006               5              
        1.56067               1              
        1.56128               8              
        1.56189               1              
         1.5625               6              
        1.56311               3              
        1.56372               7              
        1.56433               3              
        1.56494               9              
        1.56555               4              
        1.56616               3              
        1.56677              10              
        1.56738               2              
        1.56799               6              
         1.5686               6              
        1.56921               5              
        1.56982               6              
        1.57043               4              
        1.57104               6              
        1.57166               3              
        1.57227               4              
        1.57288               3              
        1.57349               3              
         1.5741              11              
        1.57471               6              
        1.57532               5              
        1.57593               9              
        1.57654               3              
        1.57715               1              
        1.57776              10              
        1.57837               2              
        1.57898               1              
        1.57959               5              
         1.5802               6              
        1.58081               5              
        1.58142               5              
        1.58203               3              
        1.58264               6              
        1.58325               4              
        1.58386               2              
        1.58447               4              
        1.58508               3              
        1.58569               4              
         1.5863               1              
        1.58691               4              
        1.58752               3              
        1.58813               4              
        1.58875               6              
        1.58936               3              
        1.58997               7              
        1.59058               3              
        1.59119               9              
         1.5918               5              
        1.59241               6              
        1.59302               3              
        1.59363               4              
        1.59424               6              
        1.59485               7              
        1.59546               5              
        1.59607               2              
        1.59668               5              
        1.59729               6              
         1.5979               6              
        1.59851               5              
        1.59912               4              
        1.59973               8              
        1.60034               7              
        1.60095               8              
        1.60156               5              
        1.60217               5              
        1.60278               6              
        1.60339               4              
          1.604               6              
        1.60461               4              
        1.60522               2              
        1.60583               3              
        1.60645               5              
        1.60706               5              
        1.60767               4              
        1.60828               6              
        1.60889               4              
         1.6095               4              
        1.61011               8              
        1.61072               8              
        1.61133               7              
        1.61194               1              
        1.61255               8              
        1.61316               9              
        1.61377               3              
        1.61438               8              
        1.61499               6              
         1.6156               8              
        1.61621               7              
        1.61682               5              
        1.61743               7              
        1.61804               6              
        1.61865               9              
        1.61926               3              
        1.61987               4              
        1.62048               2              
        1.62109               4              
         1.6217               7              
        1.62231               6              
        1.62292               3              
        1.62354               2              
        1.62415               8              
        1.62476               4              
        1.62537               6              
        1.62598               2              
        1.62659               5              
         1.6272               8              
        1.62781               6              
        1.62842               8              
        1.62903               6              
        1.62964               4              
        1.63025               6              
        1.63086               4              
        1.63147               3              
        1.63208               4              
        1.63269               7              
         1.6333               1              
        1.63391               9              
        1.63452               5              
        1.63513               4              
        1.63574               6              
        1.63635               8              
        1.63696               2              
        1.63757               3              
        1.63818               7              
        1.63879               3              
         1.6394               4              
        1.64001              10              
        1.64062               7              
        1.64124               4              
        1.64185               3              
        1.64246               9              
        1.64307               6              
        1.64368               4              
        1.64429               5              
         1.6449               4              
        1.64551               6              
        1.64612               5              
        1.64673               8              
        1.64734              10              
        1.64795               6              
        1.64856               3              
        1.64917               8              
        1.64978               3              
        1.65039               2              
          1.651              11              
        1.65161               3              
        1.65222               2              
        1.65283               7              
        1.65344               5              
        1.65405               6              
        1.65466               2              
        1.65527               7              
        1.65588               8              
        1.65649               7              
         1.6571               2              
        1.65771               4              
        1.65833               6              
        1.65894               5              
        1.65955               7              
        1.66016               6              
        1.66077               2              
        1.66138               3              
        1.66199               5              
         1.6626               8              
        1.66321               4              
        1.66382               6              
        1.66443               5              
        1.66504              11              
        1.66565               3              
        1.66626               3              
        1.66687               4              
        1.66748               2              
        1.66809               7              
         1.6687               3              
        1.66931               6              
        1.66992               1              
        1.67053               4              
        1.67114               2              
        1.67175               3              
        1.67236               3              
        1.67297               8              
        1.67358               1              
        1.67419               6              
         1.6748               6              
        1.67542               6              
        1.67603               8              
        1.67664               5              
        1.67725               8              
        1.67786               6              
        1.67847               7              
        1.67908               4              
        1.67969               6              
         1.6803               7              
        1.68091               4              
        1.68152               7              
        1.68213               2              
        1.68274               4              
        1.68335               3              
        1.68396               3              
        1.68457               5              
        1.68518               2              
        1.68579               6              
         1.6864               4              
        1.68701               3              
        1.68762               3              
        1.68823               8              
        1.68884               9              
        1.68945               5              
        1.69006               3              
        1.69067               2              
        1.69128               7              
        1.69189               7              
         1.6925               2              
        1.69312               6              
        1.69373               5              
        1.69434               2              
        1.69495               5              
        1.69556               3              
        1.69617               5              
        1.69678               4              
        1.69739               5              
          1.698               7              
        1.69861               4              
        1.69922              10              
        1.69983               2              
        1.70044               3              
        1.70105               5              
        1.70166               4              
        1.70227               6              
        1.70288               2              
        1.70349              10              
         1.7041               0              
        1.70471               6              
        1.70532               6              
        1.70593               7              
        1.70654               6              
        1.70715               3              
        1.70776               5              
        1.70837               5              
        1.70898               5              
        1.70959               5              
        1.71021               4              
        1.71082               2              
        1.71143               5              
        1.71204               5              
        1.71265               7              
        1.71326               3              
        1.71387               6              
        1.71448               6              
        1.71509               1              
         1.7157               4              
        1.71631               4              
        1.71692              11              
        1.71753               3              
        1.71814               6              
        1.71875               3              
        1.71936               4              
        1.71997               1              
        1.72058               7              
        1.72119               9              
         1.7218               4              
        1.72241              10              
        1.72302               7              
        1.72363               7              
        1.72424               4              
        1.72485               3              
        1.72546               6              
        1.72607               8              
        1.72668               4              
        1.72729               4              
        1.72791               5              
        1.72852               5              
        1.72913               2              
        1.72974               7              
        1.73035               5              
        1.73096               2              
        1.73157               3              
        1.73218               3              
        1.73279               2              
         1.7334               3              
        1.73401               2              
        1.73462               1              
        1.73523               7              
        1.73584               5              
        1.73645               8              
        1.73706               6              
        1.73767               4              
        1.73828               1              
        1.73889               4              
         1.7395               9              
        1.74011               3              
        1.74072               5              
        1.74133               2              
        1.74194               3              
        1.74255               7              
        1.74316               4              
        1.74377               6              
        1.74438               2              
          1.745               8              
        1.74561               3              
        1.74622               7              
        1.74683               6              
        1.74744               9              
        1.74805               1              
        1.74866              10              
        1.74927               3              
        1.74988               6              
        1.75049               3              
         1.7511               4              
        1.75171               2              
        1.75232               5              
        1.75293               5              
        1.75354               6              
        1.75415               3              
        1.75476               8              
        1.75537               7              
        1.75598               5              
        1.75659               8              
         1.7572               7              
        1.75781               7              
        1.75842               9              
        1.75903               6              
        1.75964               3              
        1.76025               1              
        1.76086               6              
        1.76147               3              
        1.76208               6              
         1.7627               5              
        1.76331               7              
        1.76392               8              
        1.76453               8              
        1.76514               8              
        1.76575               5              
        1.76636               6              
        1.76697               3              
        1.76758               4              
        1.76819               0              
         1.7688               5              
        1.76941               3              
        1.77002               5              
        1.77063               5              
        1.77124               2              
        1.77185               6              
        1.77246               6              
        1.77307               4              
        1.77368               2              
        1.77429               3              
         1.7749               4              
        1.77551               6              
        1.77612               4              
        1.77673               4              
        1.77734               3              
        1.77795               3              
        1.77856               1              
        1.77917               4              
        1.77979               2              
         1.7804               5              
        1.78101               5              
        1.78162               8              
        1.78223               4              
        1.78284               6              
        1.78345               5              
        1.78406               6              
        1.78467               9              
        1.78528               3              
        1.78589               3              
         1.7865               4              
        1.78711               4              
        1.78772               9              
        1.78833               7              
        1.78894               6              
        1.78955               3              
        1.79016               5              
        1.79077               6              
        1.79138               5              
        1.79199               6              
         1.7926               5              
        1.79321               5              
        1.79382               0              
        1.79443              10              
        1.79504               4              
        1.79565               3              
        1.79626               3              
        1.79688               4              
        1.79749               5              
         1.7981               2              
        1.79871               1              
        1.79932               9              
        1.79993               1              
        1.80054               4              
        1.80115               7              
        1.80176               3              
        1.80237               2              
        1.80298               3              
        1.80359               3              
         1.8042               4              
        1.80481               6              
        1.80542               6              
        1.80603               2              
        1.80664               8              
        1.80725               5              
        1.80786               5              
        1.80847               2              
        1.80908               6              
        1.80969               6              
         1.8103               6              
        1.81091               7              
        1.81152               8              
        1.81213               7              
        1.81274               1              
        1.81335               2              
        1.81396               1              
        1.81458               9              
        1.81519               3              
         1.8158               5              
        1.81641               4              
        1.81702               8              
        1.81763               7              
        1.81824               3              
        1.81885               3              
        1.81946               3              
        1.82007               2              
        1.82068               7              
        1.82129               5              
         1.8219               3              
        1.82251               5              
        1.82312               4              
        1.82373               7              
        1.82434               5              
        1.82495               4              
        1.82556               8              
        1.82617               2              
        1.82678               1              
        1.82739               4              
          1.828               6              
        1.82861               6              
        1.82922               2              
        1.82983               4              
        1.83044               8              
        1.83105               5              
        1.83167               3              
        1.83228               3              
        1.83289               6              
         1.8335               4              
        1.83411               4              
        1.83472               5              
        1.83533               5              
        1.83594               2              
        1.83655               2              
        1.83716               7              
        1.83777               6              
        1.83838              10              
        1.83899               9              
         1.8396               2              
        1.84021               8              
        1.84082               4              
        1.84143               7              
        1.84204               2              
        1.84265               5              
        1.84326               6              
        1.84387               7              
        1.84448               5              
        1.84509               2              
         1.8457               6              
        1.84631               2              
        1.84692               3              
        1.84753               6              
        1.84814               3              
        1.84875               1              
        1.84937               4              
        1.84998               6              
        1.85059               3              
         1.8512               6              
        1.85181               8              
        1.85242               3              
        1.85303               8              
        1.85364               3              
        1.85425               2              
        1.85486               1              
        1.85547               2              
        1.85608               3              
        1.85669               2              
         1.8573               4              
        1.85791               6              
        1.85852               6              
        1.85913               5              
        1.85974               1              
        1.86035               3              
        1.86096               1              
        1.86157               1              
        1.86218               7              
        1.86279               3              
         1.8634               4              
        1.86401               5              
        1.86462               5              
        1.86523               3              
        1.86584               8              
        1.86646               7              
        1.86707               1              
        1.86768               4              
        1.86829               5              
         1.8689               5              
        1.86951               2              
        1.87012               1              
        1.87073               6              
        1.87134               7              
        1.87195               3              
        1.87256               1              
        1.87317              16              
        1.87378               5              
        1.87439               4              
          1.875               3              
        1.87561               2              
        1.87622               5              
        1.87683               4              
        1.87744               1              
        1.87805               5              
        1.87866               7              
        1.87927               6              
        1.87988               5              
        1.88049               3              
         1.8811               5              
        1.88171               6              
        1.88232               2              
        1.88293               6              
        1.88354               5              
        1.88416               4              
        1.88477               3              
        1.88538               1              
        1.88599               6              
         1.8866               5              
        1.88721               4              
        1.88782               3              
        1.88843               3              
        1.88904               0              
        1.88965               4              
        1.89026               4              
        1.89087               3              
        1.89148               2              
        1.89209               2              
         1.8927               6              
        1.89331               6              
        1.89392               5              
        1.89453               4              
        1.89514               3              
        1.89575               6              
        1.89636               2              
        1.89697               3              
        1.89758               2              
        1.89819               1              
         1.8988               5              
        1.89941               3              
        1.90002               6              
        1.90063               6              
        1.90125               1              
        1.90186               2              
        1.90247               2              
        1.90308               4              
        1.90369               6              
         1.9043               1              
        1.90491               5              
        1.90552               6              
        1.90613               3              
        1.90674               4              
        1.90735               4              
        1.90796               3              
        1.90857               8              
        1.90918               3              
        1.90979               5              
         1.9104               5              
        1.91101               7              
        1.91162               7              
        1.91223               5              
        1.91284               3              
        1.91345               3              
        1.91406               2              
        1.91467               7              
        1.91528               2              
        1.91589               5              
         1.9165               8              
        1.91711               5              
        1.91772               5              
        1.91833               2              
        1.91895               5              
        1.91956               3              
        1.92017               9              
        1.92078               5              
        1.92139               3              
          1.922               3              
        1.92261               2              
        1.92322               5              
        1.92383               8              
        1.92444               6              
        1.92505               3              
        1.92566               4              
        1.92627               4              
        1.92688               6              
        1.92749               5              
         1.9281               2              
        1.92871               4              
        1.92932               9              
        1.92993               6              
        1.93054               4              
        1.93115               5              
        1.93176               9              
        1.93237               2              
        1.93298               5              
        1.93359               1              
         1.9342               1              
        1.93481               4              
        1.93542               6              
        1.93604               3              
        1.93665               5              
        1.93726               2              
        1.93787               7              
        1.93848               5              
        1.93909               3              
         1.9397               6              
        1.94031               8              
        1.94092               2              
        1.94153               5              
        1.94214               5              
        1.94275               7              
        1.94336               2              
        1.94397               6              
        1.94458               4              
        1.94519               1              
         1.9458               3              
        1.94641               4              
        1.94702               4              
        1.94763               3              
        1.94824               2              
        1.94885               4              
        1.94946               8              
        1.95007               3              
        1.95068               4              
        1.95129               7              
         1.9519               5              
        1.95251               8              
        1.95312               3              
        1.95374               5              
        1.95435               3              
        1.95496               0              
        1.95557               5              
        1.95618               5              
        1.95679               3              
         1.9574               5              
        1.95801               3              
        1.95862               0              
        1.95923               4              
        1.95984               4              
        1.96045               6              
        1.96106               5              
        1.96167               2              
        1.96228               9              
        1.96289              10              
         1.9635               5              
        1.96411               7              
        1.96472               5              
        1.96533               3              
        1.96594               4              
        1.96655               7              
        1.96716               4              
        1.96777               4              
        1.96838               6              
        1.96899               5              
         1.9696               6              
        1.97021               5              
        1.97083               6              
        1.97144               5              
        1.97205               4              
        1.97266               6              
        1.97327               3              
        1.97388               3              
        1.97449               4              
         1.9751               5              
        1.97571               0              
        1.97632               1              
        1.97693               9              
        1.97754               5              
        1.97815               6              
        1.97876               1              
        1.97937               4              
        1.97998               1              
        1.98059               2              
         1.9812               4              
        1.98181              10              
        1.98242               4              
        1.98303               4              
        1.98364               1              
        1.98425               2              
        1.98486               4              
        1.98547               2              
        1.98608               5              
        1.98669               3              
         1.9873               4              
        1.98792               5              
        1.98853               3              
        1.98914               5              
        1.98975               4              
        1.99036               2              
        1.99097               1              
        1.99158               3              
        1.99219               4              
         1.9928               3              
        1.99341               4              
        1.99402               6              
        1.99463               7              
        1.99524               6              
        1.99585               6              
        1.99646               3              
        1.99707               3              
        1.99768               6              
        1.99829               5              
         1.9989               3              
       0.993957     3.34235e-08              
       0.998839     3.06382e-08              
        1.00372     3.66067e-08              
         1.0086     3.18319e-08              
        1.01348     3.85962e-08              
        1.01838     3.22298e-08              
        1.02326     3.30256e-08              
        1.02814     3.85962e-08              
        1.03302     3.18319e-08              
        1.03791     2.94445e-08              
        1.04279      3.5413e-08              
        1.04767     3.38214e-08              
        1.05255     2.46697e-08              
        1.05743     2.98424e-08              
        1.06231     2.54655e-08              
        1.06719     2.42718e-08              
        1.07208     3.62089e-08              
        1.07696     3.42193e-08              
        1.08184     2.54655e-08              
        1.08674     2.98424e-08              
        1.09162     2.98424e-08              
        1.09649     3.78004e-08              
        1.10137     3.22298e-08              
        1.10627     3.22298e-08              
        1.11115     2.62613e-08              
        1.11603      3.1434e-08              
        1.12092     2.66592e-08              
         1.1258     3.30256e-08              
        1.13068     3.26277e-08              
        1.13556      2.7455e-08              
        1.14044     2.58634e-08              
        1.14532     2.38739e-08              
         1.1502     2.98424e-08              
        1.15509     2.06907e-08              
        1.15997     2.46698e-08              
        1.16485     2.70571e-08              
        1.16973     2.94445e-08              
        1.17463     2.22823e-08              
        1.17951     2.30781e-08              
        1.18439     2.82508e-08              
        1.18927     3.06382e-08              
        1.19416     3.10361e-08              
        1.19904     3.06382e-08              
        1.20392     2.78529e-08              
         1.2088     2.58635e-08              
        1.21368     2.18845e-08              
        1.21856     2.22823e-08              
        1.22344     2.18844e-08              
        1.22833     2.66592e-08              
        1.23321     3.22298e-08              
        1.23809     2.98425e-08              
        1.24299     2.22823e-08              
        1.24787     3.02403e-08              
        1.25274      2.7853e-08              
        1.25762     2.46697e-08              
        1.26252     2.30781e-08              
         1.2674     2.78529e-08              
        1.27228     2.38739e-08              
        1.27717     2.26802e-08              
        1.28205     2.54655e-08              
        1.28693     3.18319e-08              
        1.29181     2.38739e-08              
        1.29669     2.58634e-08              
        1.30157     2.50676e-08              
        1.30645     2.82508e-08              
        1.31134     2.38739e-08              
        1.31622      2.3476e-08              
         1.3211     2.18844e-08              
        1.32598     2.22823e-08              
        1.33088     2.86487e-08              
        1.33576     2.86487e-08              
        1.34064      2.7455e-08              
        1.34552     2.26802e-08              
        1.35041     2.50676e-08              
        1.35529     2.54656e-08              
        1.36017     2.22823e-08              
        1.36505     2.50676e-08              
        1.36993     2.22823e-08              
        1.37481     2.22823e-08              
        1.37969     2.50677e-08              
        1.38458     2.86487e-08              
        1.38946     1.94971e-08              
        1.39434     1.90991e-08              
        1.39924     1.90992e-08              
        1.40412      1.9895e-08              
        1.40899     2.18844e-08              
        1.41387     2.50676e-08              
        1.41877     2.62613e-08              
        1.42365      1.9895e-08              
        1.42853     2.50676e-08              
        1.43342     2.26802e-08              
         1.4383     2.38739e-08              
        1.44318     4.05858e-08              
        1.44806     2.22823e-08              
        1.45294     2.78529e-08              
        1.45782     2.10886e-08              
         1.4627     2.02929e-08              
        1.46759     1.87013e-08              
        1.47247     1.79055e-08              
        1.47735     1.75075e-08              
        1.48223     1.87013e-08              
        1.48713     1.94971e-08              
        1.49201     2.42718e-08              
        1.49689     2.70572e-08              
        1.50177     2.02929e-08              
        1.50666      1.9497e-08              
        1.51154     1.79055e-08              
        1.51642     2.10886e-08              
         1.5213     1.79055e-08              
        1.52618     1.83034e-08              
        1.53106     2.42718e-08              
        1.53594     1.55181e-08              
        1.54083     2.54655e-08              
        1.54571     2.14866e-08              
        1.55059     1.94971e-08              
        1.55549     2.34761e-08              
        1.56037     2.06908e-08              
        1.56524     2.02928e-08              
        1.57012     1.67118e-08              
        1.57502     1.79055e-08              
         1.5799     2.18844e-08              
        1.58478     2.10886e-08              
        1.58967     1.90991e-08              
        1.59455     1.71097e-08              
        1.59943     1.94971e-08              
        1.60431     1.90992e-08              
        1.60919     2.26803e-08              
        1.61407     2.18844e-08              
        1.61895     2.02929e-08              
        1.62384     2.38739e-08              
        1.62872     1.94971e-08              
         1.6336     2.46697e-08              
        1.63848     1.98949e-08              
        1.64338     2.22823e-08              
        1.64826      1.5916e-08              
        1.65314     2.02928e-08              
        1.65802     1.75076e-08              
        1.66291     2.26802e-08              
        1.66779     1.67117e-08              
        1.67267     1.67118e-08              
        1.67755     1.47223e-08              
        1.68243     1.98949e-08              
        1.68731     1.87013e-08              
        1.69219     2.42718e-08              
        1.69708     1.87013e-08              
        1.70196     2.10886e-08              
        1.70684     1.87013e-08              
        1.71174     2.02929e-08              
        1.71662     1.79055e-08              
        1.72149     1.87013e-08              
        1.72637     2.14866e-08              
        1.73127     1.75075e-08              
        1.73615     1.79054e-08              
        1.74103      1.5518e-08              
        1.74592     1.51202e-08              
         1.7508     1.98949e-08              
        1.75568     1.90992e-08              
        1.76056     1.75076e-08              
        1.76544     1.90991e-08              
        1.77032     1.67118e-08              
         1.7752     1.63138e-08              
        1.78009     1.79055e-08              
        1.78497     1.98949e-08              
        1.78985     1.98949e-08              
        1.79473     1.27328e-08              
        1.79963     1.79054e-08              
        1.80451     1.83034e-08              
        1.80939     2.06908e-08              
        1.81427      1.5916e-08              
        1.81916     1.71096e-08              
        1.82404     1.23349e-08              
        1.82892     2.18845e-08              
         1.8338      1.5916e-08              
        1.83868     1.51202e-08              
        1.84356     1.87013e-08              
        1.84844     1.83034e-08              
        1.85333     2.02929e-08              
        1.85821     1.47223e-08              
        1.86309     1.43244e-08              
        1.86799     1.43244e-08              
        1.87287     2.02929e-08              
        1.87774     1.75076e-08              
        1.88262     1.87013e-08              
        1.88752     1.71096e-08              
         1.8924     1.87013e-08              
        1.89728     1.55181e-08              
        1.90217     1.43243e-08              
        1.90705     1.67117e-08              
        1.91193     1.35286e-08              
        1.91681     1.79054e-08              
        1.92169     1.39265e-08              
        1.92657     1.51202e-08              
        1.93145     1.83034e-08              
        1.93634     1.59159e-08              
        1.94122     1.90991e-08              
         1.9461     1.35286e-08              
        1.95098     1.79055e-08              
        1.95588     1.67118e-08              
        1.96076     1.63139e-08              
        1.96564     1.43244e-08              
        1.97052      1.9497e-08              
        1.97541     1.90991e-08              
        1.98029     1.55181e-08              
        1.98517     1.63139e-08              
