        7.99805               1              
        7.99866               2              
        7.99927               0              
        7.99988               2              
        8.00049               2              
         8.0011               1              
        8.00171               2              
        8.00232               0              
        8.00293               0              
        8.00354               0              
        8.00415               0              
        8.00476               1              
        8.00537               0              
        8.00598               2              
        8.00659               1              
         8.0072               0              
        8.00781               0              
        8.00842               0              
        8.00903               0              
        8.00964               0              
        8.01025               2              
        8.01086               0              
        8.01147               2              
        8.01208               1              
         8.0127               0              
        8.01331               1              
        8.01392               2              
        8.01453               0              
        8.01514               0              
        8.01575               0              
        8.01636               0              
        8.01697               1              
        8.01758               1              
        8.01819               0              
         8.0188               2              
        8.01941               1              
        8.02002               0              
        8.02063               0              
        8.02124               1              
        8.02185               1              
        8.02246               1              
        8.02307               0              
        8.02368               3              
        8.02429               1              
         8.0249               1              
        8.02551               0              
        8.02612               0              
        8.02673               1              
        8.02734               0              
        8.02795               2              
        8.02856               0              
        8.02917               2              
        8.02979               1              
         8.0304               0              
        8.03101               0              
        8.03162               1              
        8.03223               1              
        8.03284               0              
        8.03345               1              
        8.03406               0              
        8.03467               0              
        8.03528               2              
        8.03589               1              
         8.0365               1              
        8.03711               0              
        8.03772               2              
        8.03833               0              
        8.03894               0              
        8.03955               2              
        8.04016               0              
        8.04077               0              
        8.04138               0              
        8.04199               2              
         8.0426               1              
        8.04321               0              
        8.04382               0              
        8.04443               2              
        8.04504               1              
        8.04565               0              
        8.04626               1              
        8.04688               0              
        8.04749               3              
         8.0481               0              
        8.04871               1              
        8.04932               2              
        8.04993               2              
        8.05054               0              
        8.05115               1              
        8.05176               1              
        8.05237               0              
        8.05298               1              
        8.05359               1              
         8.0542               0              
        8.05481               1              
        8.05542               2              
        8.05603               0              
        8.05664               1              
        8.05725               1              
        8.05786               1              
        8.05847               1              
        8.05908               1              
        8.05969               0              
         8.0603               1              
        8.06091               0              
        8.06152               3              
        8.06213               0              
        8.06274               2              
        8.06335               0              
        8.06396               2              
        8.06458               0              
        8.06519               1              
         8.0658               1              
        8.06641               1              
        8.06702               1              
        8.06763               0              
        8.06824               2              
        8.06885               2              
        8.06946               0              
        8.07007               1              
        8.07068               1              
        8.07129               0              
         8.0719               0              
        8.07251               0              
        8.07312               0              
        8.07373               2              
        8.07434               1              
        8.07495               1              
        8.07556               1              
        8.07617               4              
        8.07678               0              
        8.07739               1              
          8.078               0              
        8.07861               1              
        8.07922               0              
        8.07983               1              
        8.08044               1              
        8.08105               0              
        8.08167               0              
        8.08228               1              
        8.08289               0              
         8.0835               2              
        8.08411               1              
        8.08472               1              
        8.08533               0              
        8.08594               0              
        8.08655               0              
        8.08716               1              
        8.08777               1              
        8.08838               0              
        8.08899               0              
         8.0896               1              
        8.09021               0              
        8.09082               0              
        8.09143               0              
        8.09204               1              
        8.09265               0              
        8.09326               2              
        8.09387               0              
        8.09448               1              
        8.09509               1              
         8.0957               0              
        8.09631               0              
        8.09692               0              
        8.09753               0              
        8.09814               0              
        8.09875               1              
        8.09937               2              
        8.09998               2              
        8.10059               1              
         8.1012               1              
        8.10181               2              
        8.10242               2              
        8.10303               1              
        8.10364               1              
        8.10425               1              
        8.10486               0              
        8.10547               3              
        8.10608               0              
        8.10669               0              
         8.1073               2              
        8.10791               1              
        8.10852               0              
        8.10913               0              
        8.10974               2              
        8.11035               0              
        8.11096               2              
        8.11157               2              
        8.11218               1              
        8.11279               1              
         8.1134               0              
        8.11401               1              
        8.11462               1              
        8.11523               1              
        8.11584               0              
        8.11646               0              
        8.11707               0              
        8.11768               0              
        8.11829               0              
         8.1189               2              
        8.11951               0              
        8.12012               1              
        8.12073               0              
        8.12134               0              
        8.12195               1              
        8.12256               1              
        8.12317               0              
        8.12378               1              
        8.12439               2              
          8.125               0              
        8.12561               3              
        8.12622               3              
        8.12683               0              
        8.12744               0              
        8.12805               2              
        8.12866               3              
        8.12927               1              
        8.12988               0              
        8.13049               0              
         8.1311               0              
        8.13171               0              
        8.13232               0              
        8.13293               2              
        8.13354               0              
        8.13416               3              
        8.13477               0              
        8.13538               1              
        8.13599               1              
         8.1366               2              
        8.13721               2              
        8.13782               0              
        8.13843               1              
        8.13904               0              
        8.13965               1              
        8.14026               0              
        8.14087               2              
        8.14148               1              
        8.14209               0              
         8.1427               2              
        8.14331               0              
        8.14392               0              
        8.14453               0              
        8.14514               0              
        8.14575               0              
        8.14636               1              
        8.14697               2              
        8.14758               1              
        8.14819               1              
         8.1488               0              
        8.14941               1              
        8.15002               0              
        8.15063               1              
        8.15125               0              
        8.15186               0              
        8.15247               1              
        8.15308               1              
        8.15369               1              
         8.1543               0              
        8.15491               1              
        8.15552               2              
        8.15613               0              
        8.15674               0              
        8.15735               0              
        8.15796               1              
        8.15857               2              
        8.15918               0              
        8.15979               0              
         8.1604               0              
        8.16101               0              
        8.16162               1              
        8.16223               2              
        8.16284               1              
        8.16345               0              
        8.16406               0              
        8.16467               2              
        8.16528               0              
        8.16589               0              
         8.1665               2              
        8.16711               3              
        8.16772               0              
        8.16833               1              
        8.16895               1              
        8.16956               0              
        8.17017               0              
        8.17078               2              
        8.17139               1              
          8.172               1              
        8.17261               1              
        8.17322               0              
        8.17383               0              
        8.17444               0              
        8.17505               1              
        8.17566               1              
        8.17627               2              
        8.17688               1              
        8.17749               0              
         8.1781               0              
        8.17871               0              
        8.17932               1              
        8.17993               0              
        8.18054               0              
        8.18115               0              
        8.18176               2              
        8.18237               1              
        8.18298               0              
        8.18359               0              
         8.1842               3              
        8.18481               2              
        8.18542               0              
        8.18604               0              
        8.18665               0              
        8.18726               0              
        8.18787               3              
        8.18848               0              
        8.18909               1              
         8.1897               0              
        8.19031               0              
        8.19092               1              
        8.19153               0              
        8.19214               1              
        8.19275               2              
        8.19336               0              
        8.19397               2              
        8.19458               0              
        8.19519               0              
         8.1958               0              
        8.19641               3              
        8.19702               2              
        8.19763               0              
        8.19824               1              
        8.19885               0              
        8.19946               3              
        8.20007               1              
        8.20068               5              
        8.20129               0              
         8.2019               1              
        8.20251               0              
        8.20312               1              
        8.20374               1              
        8.20435               0              
        8.20496               0              
        8.20557               0              
        8.20618               1              
        8.20679               0              
         8.2074               1              
        8.20801               0              
        8.20862               2              
        8.20923               0              
        8.20984               2              
        8.21045               3              
        8.21106               2              
        8.21167               1              
        8.21228               0              
        8.21289               0              
         8.2135               0              
        8.21411               0              
        8.21472               0              
        8.21533               3              
        8.21594               1              
        8.21655               1              
        8.21716               1              
        8.21777               0              
        8.21838               3              
        8.21899               1              
         8.2196               0              
        8.22021               0              
        8.22083               0              
        8.22144               2              
        8.22205               2              
        8.22266               1              
        8.22327               1              
        8.22388               1              
        8.22449               0              
         8.2251               1              
        8.22571               1              
        8.22632               1              
        8.22693               1              
        8.22754               0              
        8.22815               0              
        8.22876               1              
        8.22937               2              
        8.22998               0              
        8.23059               2              
         8.2312               1              
        8.23181               2              
        8.23242               0              
        8.23303               0              
        8.23364               1              
        8.23425               0              
        8.23486               0              
        8.23547               0              
        8.23608               0              
        8.23669               1              
         8.2373               2              
        8.23792               0              
        8.23853               1              
        8.23914               2              
        8.23975               1              
        8.24036               2              
        8.24097               0              
        8.24158               1              
        8.24219               1              
         8.2428               0              
        8.24341               0              
        8.24402               1              
        8.24463               1              
        8.24524               2              
        8.24585               1              
        8.24646               0              
        8.24707               0              
        8.24768               0              
        8.24829               0              
         8.2489               1              
        8.24951               2              
        8.25012               0              
        8.25073               0              
        8.25134               1              
        8.25195               1              
        8.25256               0              
        8.25317               0              
        8.25378               0              
        8.25439               1              
          8.255               1              
        8.25562               2              
        8.25623               3              
        8.25684               2              
        8.25745               2              
        8.25806               3              
        8.25867               0              
        8.25928               0              
        8.25989               0              
         8.2605               2              
        8.26111               1              
        8.26172               1              
        8.26233               0              
        8.26294               0              
        8.26355               0              
        8.26416               3              
        8.26477               1              
        8.26538               0              
        8.26599               1              
         8.2666               1              
        8.26721               1              
        8.26782               0              
        8.26843               0              
        8.26904               0              
        8.26965               2              
        8.27026               1              
        8.27087               0              
        8.27148               0              
        8.27209               0              
        8.27271               1              
        8.27332               0              
        8.27393               1              
        8.27454               1              
        8.27515               3              
        8.27576               1              
        8.27637               0              
        8.27698               0              
        8.27759               0              
         8.2782               0              
        8.27881               1              
        8.27942               0              
        8.28003               1              
        8.28064               0              
        8.28125               0              
        8.28186               0              
        8.28247               1              
        8.28308               1              
        8.28369               0              
         8.2843               1              
        8.28491               1              
        8.28552               0              
        8.28613               0              
        8.28674               1              
        8.28735               2              
        8.28796               0              
        8.28857               1              
        8.28918               0              
        8.28979               1              
        8.29041               0              
        8.29102               0              
        8.29163               3              
        8.29224               1              
        8.29285               2              
        8.29346               1              
        8.29407               2              
        8.29468               2              
        8.29529               0              
         8.2959               2              
        8.29651               1              
        8.29712               1              
        8.29773               1              
        8.29834               0              
        8.29895               0              
        8.29956               0              
        8.30017               2              
        8.30078               0              
        8.30139               1              
          8.302               2              
        8.30261               2              
        8.30322               0              
        8.30383               0              
        8.30444               0              
        8.30505               0              
        8.30566               1              
        8.30627               1              
        8.30688               0              
         8.3075               1              
        8.30811               0              
        8.30872               1              
        8.30933               0              
        8.30994               1              
        8.31055               1              
        8.31116               0              
        8.31177               0              
        8.31238               0              
        8.31299               0              
         8.3136               2              
        8.31421               1              
        8.31482               2              
        8.31543               0              
        8.31604               0              
        8.31665               2              
        8.31726               0              
        8.31787               0              
        8.31848               0              
        8.31909               2              
         8.3197               0              
        8.32031               0              
        8.32092               0              
        8.32153               1              
        8.32214               2              
        8.32275               0              
        8.32336               0              
        8.32397               1              
        8.32458               2              
         8.3252               0              
        8.32581               1              
        8.32642               0              
        8.32703               0              
        8.32764               1              
        8.32825               1              
        8.32886               0              
        8.32947               0              
        8.33008               1              
        8.33069               1              
         8.3313               0              
        8.33191               1              
        8.33252               0              
        8.33313               0              
        8.33374               0              
        8.33435               0              
        8.33496               3              
        8.33557               1              
        8.33618               0              
        8.33679               0              
         8.3374               1              
        8.33801               2              
        8.33862               0              
        8.33923               1              
        8.33984               1              
        8.34045               0              
        8.34106               0              
        8.34167               3              
        8.34229               0              
         8.3429               4              
        8.34351               0              
        8.34412               1              
        8.34473               2              
        8.34534               0              
        8.34595               0              
        8.34656               0              
        8.34717               2              
        8.34778               0              
        8.34839               0              
          8.349               1              
        8.34961               0              
        8.35022               0              
        8.35083               1              
        8.35144               1              
        8.35205               0              
        8.35266               1              
        8.35327               1              
        8.35388               1              
        8.35449               1              
         8.3551               0              
        8.35571               0              
        8.35632               0              
        8.35693               0              
        8.35754               0              
        8.35815               1              
        8.35876               1              
        8.35938               1              
        8.35999               2              
         8.3606               2              
        8.36121               2              
        8.36182               0              
        8.36243               1              
        8.36304               1              
        8.36365               2              
        8.36426               1              
        8.36487               0              
        8.36548               0              
        8.36609               2              
         8.3667               2              
        8.36731               0              
        8.36792               1              
        8.36853               0              
        8.36914               1              
        8.36975               2              
        8.37036               0              
        8.37097               0              
        8.37158               3              
        8.37219               0              
         8.3728               1              
        8.37341               1              
        8.37402               0              
        8.37463               0              
        8.37524               0              
        8.37585               0              
        8.37646               1              
        8.37708               0              
        8.37769               2              
         8.3783               0              
        8.37891               4              
        8.37952               1              
        8.38013               0              
        8.38074               1              
        8.38135               1              
        8.38196               0              
        8.38257               1              
        8.38318               1              
        8.38379               1              
         8.3844               0              
        8.38501               2              
        8.38562               1              
        8.38623               0              
        8.38684               1              
        8.38745               0              
        8.38806               0              
        8.38867               0              
        8.38928               1              
        8.38989               0              
         8.3905               1              
        8.39111               1              
        8.39172               0              
        8.39233               2              
        8.39294               0              
        8.39355               0              
        8.39417               1              
        8.39478               0              
        8.39539               1              
          8.396               0              
        8.39661               1              
        8.39722               2              
        8.39783               0              
        8.39844               1              
        8.39905               0              
        8.39966               1              
        8.40027               0              
        8.40088               0              
        8.40149               2              
         8.4021               1              
        8.40271               1              
        8.40332               1              
        8.40393               1              
        8.40454               1              
        8.40515               2              
        8.40576               0              
        8.40637               1              
        8.40698               2              
        8.40759               1              
         8.4082               1              
        8.40881               0              
        8.40942               0              
        8.41003               0              
        8.41064               1              
        8.41125               0              
        8.41187               0              
        8.41248               2              
        8.41309               0              
         8.4137               0              
        8.41431               0              
        8.41492               1              
        8.41553               1              
        8.41614               0              
        8.41675               1              
        8.41736               0              
        8.41797               0              
        8.41858               0              
        8.41919               0              
         8.4198               0              
        8.42041               0              
        8.42102               1              
        8.42163               0              
        8.42224               0              
        8.42285               0              
        8.42346               0              
        8.42407               0              
        8.42468               0              
        8.42529               2              
         8.4259               0              
        8.42651               0              
        8.42712               0              
        8.42773               0              
        8.42834               2              
        8.42896               0              
        8.42957               1              
        8.43018               1              
        8.43079               0              
         8.4314               1              
        8.43201               1              
        8.43262               3              
        8.43323               1              
        8.43384               1              
        8.43445               1              
        8.43506               0              
        8.43567               0              
        8.43628               1              
        8.43689               1              
         8.4375               1              
        8.43811               2              
        8.43872               0              
        8.43933               0              
        8.43994               0              
        8.44055               0              
        8.44116               1              
        8.44177               0              
        8.44238               1              
        8.44299               0              
         8.4436               0              
        8.44421               2              
        8.44482               1              
        8.44543               0              
        8.44604               0              
        8.44666               0              
        8.44727               2              
        8.44788               1              
        8.44849               0              
         8.4491               0              
        8.44971               3              
        8.45032               1              
        8.45093               0              
        8.45154               2              
        8.45215               0              
        8.45276               0              
        8.45337               0              
        8.45398               1              
        8.45459               1              
         8.4552               0              
        8.45581               1              
        8.45642               1              
        8.45703               0              
        8.45764               0              
        8.45825               1              
        8.45886               0              
        8.45947               1              
        8.46008               4              
        8.46069               0              
         8.4613               1              
        8.46191               0              
        8.46252               1              
        8.46313               0              
        8.46375               0              
        8.46436               0              
        8.46497               1              
        8.46558               0              
        8.46619               0              
         8.4668               1              
        8.46741               0              
        8.46802               0              
        8.46863               1              
        8.46924               0              
        8.46985               0              
        8.47046               1              
        8.47107               1              
        8.47168               0              
        8.47229               0              
         8.4729               2              
        8.47351               0              
        8.47412               1              
        8.47473               3              
        8.47534               0              
        8.47595               1              
        8.47656               0              
        8.47717               1              
        8.47778               2              
        8.47839               3              
          8.479               1              
        8.47961               1              
        8.48022               0              
        8.48083               0              
        8.48145               0              
        8.48206               2              
        8.48267               1              
        8.48328               1              
        8.48389               0              
         8.4845               4              
        8.48511               0              
        8.48572               1              
        8.48633               0              
        8.48694               1              
        8.48755               0              
        8.48816               1              
        8.48877               0              
        8.48938               1              
        8.48999               0              
         8.4906               0              
        8.49121               1              
        8.49182               1              
        8.49243               0              
        8.49304               2              
        8.49365               2              
        8.49426               1              
        8.49487               0              
        8.49548               2              
        8.49609               0              
         8.4967               2              
        8.49731               0              
        8.49792               1              
        8.49854               0              
        8.49915               1              
        8.49976               0              
        8.50037               0              
        8.50098               0              
        8.50159               0              
         8.5022               0              
        8.50281               1              
        8.50342               0              
        8.50403               3              
        8.50464               2              
        8.50525               1              
        8.50586               0              
        8.50647               1              
        8.50708               0              
        8.50769               1              
         8.5083               1              
        8.50891               0              
        8.50952               0              
        8.51013               0              
        8.51074               0              
        8.51135               1              
        8.51196               0              
        8.51257               1              
        8.51318               0              
        8.51379               1              
         8.5144               1              
        8.51501               0              
        8.51562               1              
        8.51624               0              
        8.51685               0              
        8.51746               1              
        8.51807               0              
        8.51868               1              
        8.51929               2              
         8.5199               1              
        8.52051               0              
        8.52112               1              
        8.52173               0              
        8.52234               0              
        8.52295               1              
        8.52356               1              
        8.52417               0              
        8.52478               0              
        8.52539               2              
          8.526               1              
        8.52661               0              
        8.52722               0              
        8.52783               0              
        8.52844               0              
        8.52905               0              
        8.52966               2              
        8.53027               2              
        8.53088               1              
        8.53149               0              
         8.5321               3              
        8.53271               1              
        8.53333               1              
        8.53394               2              
        8.53455               1              
        8.53516               1              
        8.53577               2              
        8.53638               0              
        8.53699               0              
         8.5376               0              
        8.53821               1              
        8.53882               0              
        8.53943               1              
        8.54004               0              
        8.54065               2              
        8.54126               1              
        8.54187               0              
        8.54248               1              
        8.54309               0              
         8.5437               0              
        8.54431               0              
        8.54492               2              
        8.54553               0              
        8.54614               0              
        8.54675               2              
        8.54736               1              
        8.54797               1              
        8.54858               1              
        8.54919               3              
         8.5498               1              
        8.55042               0              
        8.55103               0              
        8.55164               1              
        8.55225               2              
        8.55286               0              
        8.55347               1              
        8.55408               2              
        8.55469               1              
         8.5553               0              
        8.55591               0              
        8.55652               1              
        8.55713               1              
        8.55774               2              
        8.55835               1              
        8.55896               1              
        8.55957               0              
        8.56018               1              
        8.56079               1              
         8.5614               1              
        8.56201               1              
        8.56262               1              
        8.56323               2              
        8.56384               2              
        8.56445               2              
        8.56506               1              
        8.56567               1              
        8.56628               2              
        8.56689               0              
         8.5675               0              
        8.56812               0              
        8.56873               1              
        8.56934               1              
        8.56995               1              
        8.57056               0              
        8.57117               0              
        8.57178               0              
        8.57239               1              
          8.573               0              
        8.57361               2              
        8.57422               0              
        8.57483               2              
        8.57544               2              
        8.57605               0              
        8.57666               1              
        8.57727               1              
        8.57788               1              
        8.57849               0              
         8.5791               0              
        8.57971               0              
        8.58032               1              
        8.58093               2              
        8.58154               1              
        8.58215               0              
        8.58276               1              
        8.58337               0              
        8.58398               2              
        8.58459               0              
        8.58521               1              
        8.58582               0              
        8.58643               0              
        8.58704               1              
        8.58765               0              
        8.58826               0              
        8.58887               1              
        8.58948               0              
        8.59009               1              
         8.5907               1              
        8.59131               1              
        8.59192               1              
        8.59253               0              
        8.59314               0              
        8.59375               1              
        8.59436               3              
        8.59497               0              
        8.59558               1              
        8.59619               2              
         8.5968               2              
        8.59741               1              
        8.59802               1              
        8.59863               0              
        8.59924               0              
        8.59985               2              
        8.60046               0              
        8.60107               0              
        8.60168               0              
        8.60229               2              
        8.60291               1              
        8.60352               0              
        8.60413               1              
        8.60474               0              
        8.60535               1              
        8.60596               0              
        8.60657               2              
        8.60718               0              
        8.60779               1              
         8.6084               0              
        8.60901               1              
        8.60962               1              
        8.61023               0              
        8.61084               0              
        8.61145               1              
        8.61206               0              
        8.61267               2              
        8.61328               3              
        8.61389               2              
         8.6145               2              
        8.61511               2              
        8.61572               1              
        8.61633               0              
        8.61694               0              
        8.61755               0              
        8.61816               1              
        8.61877               0              
        8.61938               1              
           8.62               0              
        8.62061               0              
        8.62122               0              
        8.62183               0              
        8.62244               1              
        8.62305               1              
        8.62366               1              
        8.62427               1              
        8.62488               2              
        8.62549               1              
         8.6261               0              
        8.62671               1              
        8.62732               0              
        8.62793               0              
        8.62854               2              
        8.62915               0              
        8.62976               1              
        8.63037               2              
        8.63098               1              
        8.63159               1              
         8.6322               0              
        8.63281               1              
        8.63342               1              
        8.63403               0              
        8.63464               2              
        8.63525               3              
        8.63586               0              
        8.63647               1              
        8.63708               1              
         8.6377               1              
        8.63831               0              
        8.63892               1              
        8.63953               1              
        8.64014               0              
        8.64075               0              
        8.64136               0              
        8.64197               0              
        8.64258               1              
        8.64319               1              
         8.6438               0              
        8.64441               3              
        8.64502               0              
        8.64563               2              
        8.64624               1              
        8.64685               0              
        8.64746               1              
        8.64807               1              
        8.64868               1              
        8.64929               0              
         8.6499               0              
        8.65051               0              
        8.65112               0              
        8.65173               0              
        8.65234               0              
        8.65295               0              
        8.65356               1              
        8.65417               0              
        8.65479               0              
         8.6554               1              
        8.65601               1              
        8.65662               3              
        8.65723               0              
        8.65784               1              
        8.65845               1              
        8.65906               2              
        8.65967               2              
        8.66028               0              
        8.66089               1              
         8.6615               2              
        8.66211               0              
        8.66272               0              
        8.66333               1              
        8.66394               0              
        8.66455               1              
        8.66516               0              
        8.66577               0              
        8.66638               2              
        8.66699               0              
         8.6676               0              
        8.66821               1              
        8.66882               0              
        8.66943               0              
        8.67004               0              
        8.67065               0              
        8.67126               1              
        8.67188               1              
        8.67249               0              
         8.6731               0              
        8.67371               1              
        8.67432               1              
        8.67493               0              
        8.67554               0              
        8.67615               0              
        8.67676               0              
        8.67737               1              
        8.67798               1              
        8.67859               0              
         8.6792               0              
        8.67981               1              
        8.68042               0              
        8.68103               0              
        8.68164               0              
        8.68225               1              
        8.68286               2              
        8.68347               0              
        8.68408               0              
        8.68469               0              
         8.6853               1              
        8.68591               0              
        8.68652               3              
        8.68713               1              
        8.68774               1              
        8.68835               1              
        8.68896               2              
        8.68958               0              
        8.69019               1              
         8.6908               2              
        8.69141               1              
        8.69202               1              
        8.69263               0              
        8.69324               0              
        8.69385               1              
        8.69446               0              
        8.69507               0              
        8.69568               3              
        8.69629               1              
         8.6969               0              
        8.69751               1              
        8.69812               0              
        8.69873               2              
        8.69934               0              
        8.69995               0              
        8.70056               0              
        8.70117               2              
        8.70178               0              
        8.70239               1              
          8.703               1              
        8.70361               0              
        8.70422               0              
        8.70483               0              
        8.70544               0              
        8.70605               0              
        8.70667               0              
        8.70728               0              
        8.70789               0              
         8.7085               1              
        8.70911               2              
        8.70972               3              
        8.71033               1              
        8.71094               1              
        8.71155               0              
        8.71216               1              
        8.71277               0              
        8.71338               0              
        8.71399               0              
         8.7146               0              
        8.71521               0              
        8.71582               0              
        8.71643               0              
        8.71704               0              
        8.71765               0              
        8.71826               1              
        8.71887               3              
        8.71948               0              
        8.72009               0              
         8.7207               1              
        8.72131               0              
        8.72192               0              
        8.72253               1              
        8.72314               1              
        8.72375               1              
        8.72437               0              
        8.72498               0              
        8.72559               1              
         8.7262               0              
        8.72681               0              
        8.72742               1              
        8.72803               1              
        8.72864               2              
        8.72925               0              
        8.72986               0              
        8.73047               0              
        8.73108               0              
        8.73169               2              
         8.7323               1              
        8.73291               0              
        8.73352               0              
        8.73413               1              
        8.73474               0              
        8.73535               0              
        8.73596               2              
        8.73657               1              
        8.73718               0              
        8.73779               0              
         8.7384               2              
        8.73901               0              
        8.73962               0              
        8.74023               0              
        8.74084               0              
        8.74146               0              
        8.74207               2              
        8.74268               0              
        8.74329               0              
         8.7439               1              
        8.74451               0              
        8.74512               1              
        8.74573               0              
        8.74634               1              
        8.74695               1              
        8.74756               0              
        8.74817               2              
        8.74878               0              
        8.74939               2              
           8.75               0              
        8.75061               1              
        8.75122               0              
        8.75183               0              
        8.75244               0              
        8.75305               1              
        8.75366               1              
        8.75427               0              
        8.75488               2              
        8.75549               0              
         8.7561               1              
        8.75671               0              
        8.75732               0              
        8.75793               0              
        8.75854               2              
        8.75916               0              
        8.75977               1              
        8.76038               0              
        8.76099               1              
         8.7616               2              
        8.76221               2              
        8.76282               2              
        8.76343               0              
        8.76404               1              
        8.76465               3              
        8.76526               1              
        8.76587               0              
        8.76648               1              
        8.76709               1              
         8.7677               0              
        8.76831               0              
        8.76892               1              
        8.76953               1              
        8.77014               0              
        8.77075               1              
        8.77136               0              
        8.77197               1              
        8.77258               1              
        8.77319               1              
         8.7738               1              
        8.77441               1              
        8.77502               1              
        8.77563               0              
        8.77625               0              
        8.77686               0              
        8.77747               0              
        8.77808               1              
        8.77869               0              
         8.7793               0              
        8.77991               0              
        8.78052               0              
        8.78113               0              
        8.78174               0              
        8.78235               0              
        8.78296               0              
        8.78357               0              
        8.78418               2              
        8.78479               0              
         8.7854               1              
        8.78601               0              
        8.78662               1              
        8.78723               0              
        8.78784               1              
        8.78845               2              
        8.78906               0              
        8.78967               1              
        8.79028               1              
        8.79089               1              
         8.7915               1              
        8.79211               0              
        8.79272               0              
        8.79333               1              
        8.79395               1              
        8.79456               1              
        8.79517               0              
        8.79578               0              
        8.79639               0              
          8.797               3              
        8.79761               1              
        8.79822               0              
        8.79883               0              
        8.79944               2              
        8.80005               1              
        8.80066               1              
        8.80127               0              
        8.80188               0              
        8.80249               1              
         8.8031               2              
        8.80371               0              
        8.80432               1              
        8.80493               0              
        8.80554               1              
        8.80615               1              
        8.80676               1              
        8.80737               0              
        8.80798               0              
        8.80859               1              
         8.8092               0              
        8.80981               2              
        8.81042               1              
        8.81104               1              
        8.81165               0              
        8.81226               1              
        8.81287               0              
        8.81348               1              
        8.81409               0              
         8.8147               1              
        8.81531               0              
        8.81592               0              
        8.81653               1              
        8.81714               0              
        8.81775               1              
        8.81836               0              
        8.81897               0              
        8.81958               2              
        8.82019               2              
         8.8208               2              
        8.82141               1              
        8.82202               1              
        8.82263               0              
        8.82324               1              
        8.82385               1              
        8.82446               3              
        8.82507               3              
        8.82568               1              
        8.82629               2              
         8.8269               0              
        8.82751               0              
        8.82812               0              
        8.82874               0              
        8.82935               2              
        8.82996               0              
        8.83057               0              
        8.83118               2              
        8.83179               0              
         8.8324               1              
        8.83301               0              
        8.83362               0              
        8.83423               0              
        8.83484               0              
        8.83545               0              
        8.83606               1              
        8.83667               0              
        8.83728               2              
        8.83789               0              
         8.8385               2              
        8.83911               0              
        8.83972               0              
        8.84033               0              
        8.84094               1              
        8.84155               4              
        8.84216               5              
        8.84277               0              
        8.84338               1              
        8.84399               2              
         8.8446               2              
        8.84521               1              
        8.84583               2              
        8.84644               2              
        8.84705               1              
        8.84766               1              
        8.84827               0              
        8.84888               0              
        8.84949               0              
         8.8501               0              
        8.85071               0              
        8.85132               1              
        8.85193               0              
        8.85254               3              
        8.85315               0              
        8.85376               1              
        8.85437               2              
        8.85498               0              
        8.85559               1              
         8.8562               2              
        8.85681               3              
        8.85742               1              
        8.85803               1              
        8.85864               1              
        8.85925               2              
        8.85986               0              
        8.86047               0              
        8.86108               0              
        8.86169               0              
         8.8623               0              
        8.86292               0              
        8.86353               1              
        8.86414               0              
        8.86475               0              
        8.86536               1              
        8.86597               0              
        8.86658               1              
        8.86719               1              
         8.8678               0              
        8.86841               0              
        8.86902               0              
        8.86963               2              
        8.87024               0              
        8.87085               0              
        8.87146               2              
        8.87207               1              
        8.87268               2              
        8.87329               0              
         8.8739               0              
        8.87451               0              
        8.87512               0              
        8.87573               0              
        8.87634               1              
        8.87695               1              
        8.87756               1              
        8.87817               1              
        8.87878               0              
        8.87939               1              
           8.88               0              
        8.88062               0              
        8.88123               0              
        8.88184               0              
        8.88245               1              
        8.88306               0              
        8.88367               0              
        8.88428               0              
        8.88489               0              
         8.8855               0              
        8.88611               2              
        8.88672               0              
        8.88733               2              
        8.88794               0              
        8.88855               0              
        8.88916               1              
        8.88977               1              
        8.89038               1              
        8.89099               1              
         8.8916               1              
        8.89221               0              
        8.89282               0              
        8.89343               1              
        8.89404               0              
        8.89465               0              
        8.89526               1              
        8.89587               1              
        8.89648               0              
        8.89709               0              
        8.89771               1              
        8.89832               1              
        8.89893               0              
        8.89954               1              
        8.90015               1              
        8.90076               2              
        8.90137               2              
        8.90198               2              
        8.90259               2              
         8.9032               1              
        8.90381               0              
        8.90442               1              
        8.90503               1              
        8.90564               1              
        8.90625               0              
        8.90686               0              
        8.90747               1              
        8.90808               0              
        8.90869               0              
         8.9093               1              
        8.90991               1              
        8.91052               0              
        8.91113               0              
        8.91174               2              
        8.91235               1              
        8.91296               0              
        8.91357               1              
        8.91418               1              
        8.91479               1              
        8.91541               0              
        8.91602               1              
        8.91663               0              
        8.91724               1              
        8.91785               0              
        8.91846               1              
        8.91907               1              
        8.91968               0              
        8.92029               3              
         8.9209               2              
        8.92151               0              
        8.92212               0              
        8.92273               0              
        8.92334               1              
        8.92395               0              
        8.92456               0              
        8.92517               1              
        8.92578               1              
        8.92639               1              
          8.927               0              
        8.92761               0              
        8.92822               2              
        8.92883               0              
        8.92944               0              
        8.93005               1              
        8.93066               0              
        8.93127               0              
        8.93188               1              
         8.9325               1              
        8.93311               2              
        8.93372               1              
        8.93433               1              
        8.93494               1              
        8.93555               0              
        8.93616               0              
        8.93677               0              
        8.93738               0              
        8.93799               0              
         8.9386               2              
        8.93921               0              
        8.93982               2              
        8.94043               1              
        8.94104               2              
        8.94165               0              
        8.94226               0              
        8.94287               0              
        8.94348               0              
        8.94409               0              
         8.9447               2              
        8.94531               0              
        8.94592               4              
        8.94653               0              
        8.94714               1              
        8.94775               1              
        8.94836               0              
        8.94897               1              
        8.94958               1              
         8.9502               4              
        8.95081               0              
        8.95142               0              
        8.95203               0              
        8.95264               2              
        8.95325               0              
        8.95386               0              
        8.95447               1              
        8.95508               3              
        8.95569               0              
         8.9563               1              
        8.95691               0              
        8.95752               0              
        8.95813               1              
        8.95874               0              
        8.95935               1              
        8.95996               1              
        8.96057               0              
        8.96118               2              
        8.96179               2              
         8.9624               1              
        8.96301               0              
        8.96362               1              
        8.96423               0              
        8.96484               0              
        8.96545               0              
        8.96606               0              
        8.96667               3              
        8.96729               0              
         8.9679               0              
        8.96851               2              
        8.96912               1              
        8.96973               0              
        8.97034               2              
        8.97095               4              
        8.97156               1              
        8.97217               0              
        8.97278               1              
        8.97339               1              
          8.974               0              
        8.97461               0              
        8.97522               1              
        8.97583               1              
        8.97644               0              
        8.97705               0              
        8.97766               0              
        8.97827               1              
        8.97888               1              
        8.97949               2              
         8.9801               1              
        8.98071               2              
        8.98132               0              
        8.98193               1              
        8.98254               0              
        8.98315               2              
        8.98376               1              
        8.98438               1              
        8.98499               1              
         8.9856               1              
        8.98621               0              
        8.98682               0              
        8.98743               2              
        8.98804               1              
        8.98865               0              
        8.98926               0              
        8.98987               2              
        8.99048               0              
        8.99109               2              
         8.9917               2              
        8.99231               2              
        8.99292               1              
        8.99353               0              
        8.99414               1              
        8.99475               0              
        8.99536               0              
        8.99597               1              
        8.99658               0              
        8.99719               1              
         7.9654     3.97899e-09              
        7.97027     4.37689e-09              
        7.97515     4.77479e-09              
        7.98004     4.37689e-09              
        7.98492     3.97899e-09              
         7.9898     5.17269e-09              
        7.99469     3.58109e-09              
        7.99958     4.37689e-09              
        8.00445     1.98949e-09              
        8.00933      1.5916e-09              
        8.01422     4.77479e-09              
        8.01911     5.57058e-09              
        8.02399     3.58109e-09              
        8.02887     5.96848e-09              
        8.03376     3.97899e-09              
        8.03864     3.97899e-09              
        8.04352     4.37688e-09              
        8.04841     2.78529e-09              
        8.05329     3.97898e-09              
        8.05817     2.78529e-09              
        8.06306     3.97899e-09              
        8.06794     7.16218e-09              
        8.07282     3.58109e-09              
         8.0777     3.18319e-09              
        8.08258     5.96848e-09              
        8.08746     5.96848e-09              
        8.09234     3.58109e-09              
        8.09722     4.77478e-09              
        8.10211     5.17268e-09              
        8.10699     3.58109e-09              
        8.11187     5.57058e-09              
        8.11675     4.37689e-09              
        8.12164     4.77479e-09              
        8.12652      1.5916e-09              
         8.1314     2.78529e-09              
        8.13629     1.98949e-09              
        8.14117     2.78529e-09              
        8.14605     4.77479e-09              
        8.15094     2.78529e-09              
        8.15582     2.78529e-09              
         8.1607     3.18319e-09              
        8.16558     5.57058e-09              
        8.17047     3.97899e-09              
        8.17536     2.78529e-09              
        8.18024     2.38739e-09              
        8.18512     1.98949e-09              
        8.19001     3.18319e-09              
        8.19489     6.36639e-09              
        8.19977     4.37689e-09              
        8.20466      1.1937e-09              
        8.20954     2.78529e-09              
        8.21442     3.18319e-09              
        8.21931     3.18319e-09              
        8.22419     2.78529e-09              
        8.22907     3.58109e-09              
        8.23395     3.97899e-09              
        8.23883      1.5916e-09              
        8.24371     4.77478e-09              
        8.24859     2.38739e-09              
        8.25347     3.97899e-09              
        8.25836     2.38739e-09              
        8.26324     3.97899e-09              
        8.26812     4.77478e-09              
          8.273     3.97898e-09              
        8.27789     2.38739e-09              
        8.28277     2.38739e-09              
        8.28765     4.37688e-09              
        8.29254     2.38739e-09              
        8.29742     2.78529e-09              
         8.3023     3.58109e-09              
        8.30719     3.97899e-09              
        8.31207     5.17269e-09              
        8.31695     3.18319e-09              
        8.32183     3.18319e-09              
        8.32672     4.37688e-09              
        8.33161     3.97899e-09              
        8.33649     7.16218e-09              
        8.34137     3.58109e-09              
        8.34626     2.78529e-09              
        8.35114     5.96849e-09              
        8.35602     5.17268e-09              
        8.36091     4.37688e-09              
        8.36579     5.17268e-09              
        8.37067     3.58109e-09              
        8.37556     5.96849e-09              
        8.38044     3.58109e-09              
        8.38532      1.1937e-09              
         8.3902     5.17268e-09              
        8.39508     1.98949e-09              
        8.39996     1.98949e-09              
        8.40484     4.77479e-09              
        8.40972     2.78529e-09              
        8.41461     2.38739e-09              
        8.41949     3.58109e-09              
        8.42437     3.58109e-09              
        8.42925     2.78529e-09              
        8.43414     3.18319e-09              
        8.43902     4.77478e-09              
         8.4439     4.77478e-09              
        8.44879     1.98949e-09              
        8.45367      3.5811e-09              
        8.45855     6.36638e-09              
        8.46344     3.58109e-09              
        8.46832     3.97899e-09              
         8.4732      1.5916e-09              
        8.47808      1.5916e-09              
        8.48297     3.18319e-09              
        8.48786     1.98949e-09              
        8.49274     2.78529e-09              
        8.49762     3.18319e-09              
        8.50251     4.37689e-09              
        8.50739     2.78529e-09              
        8.51227      3.5811e-09              
        8.51716     2.78529e-09              
        8.52204     3.18319e-09              
        8.52692      1.5916e-09              
        8.53181     3.18319e-09              
        8.53669      1.5916e-09              
        8.54157     2.78529e-09              
        8.54645     4.77479e-09              
        8.55133     3.18319e-09              
        8.55621     3.58109e-09              
        8.56109     2.38739e-09              
        8.56597     3.58109e-09              
        8.57086     3.58109e-09              
        8.57574     3.18319e-09              
        8.58062     4.37689e-09              
         8.5855     3.18319e-09              
        8.59039     4.77478e-09              
        8.59527     3.18319e-09              
        8.60015     2.78529e-09              
        8.60504     3.18319e-09              
        8.60992     2.78529e-09              
         8.6148     3.58109e-09              
        8.61969     1.98949e-09              
        8.62457     1.98949e-09              
        8.62945      1.5916e-09              
        8.63433     2.78529e-09              
        8.63922     3.18319e-09              
        8.64411     3.97899e-09              
        8.64899     2.38739e-09              
        8.65387     2.38739e-09              
        8.65876     2.78529e-09              
        8.66364      1.5916e-09              
        8.66852     1.98949e-09              
        8.67341     3.18319e-09              
        8.67829      1.5916e-09              
        8.68317     3.58109e-09              
        8.68806     4.37689e-09              
        8.69294     2.78529e-09              
        8.69782     3.58109e-09              
         8.7027     1.98949e-09              
        8.70758     3.18319e-09              
        8.71246     2.38739e-09              
        8.71734     4.37689e-09              
        8.72222     1.98949e-09              
        8.72711     3.97899e-09              
        8.73199      1.5916e-09              
        8.73687     5.96848e-09              
        8.74175     1.98949e-09              
        8.74664      1.1937e-09              
        8.75152     3.18319e-09              
         8.7564     4.37688e-09              
        8.76129     1.98949e-09              
        8.76617     2.38739e-09              
        8.77105     1.98949e-09              
        8.77594     3.58109e-09              
        8.78082     3.18319e-09              
         8.7857     2.78529e-09              
        8.79058     5.57058e-09              
        8.79547     1.98949e-09              
        8.80036     1.98949e-09              
        8.80524     3.97899e-09              
        8.81012     1.98949e-09              
        8.81501     1.98949e-09              
        8.81989     3.18319e-09              
        8.82477     2.38739e-09              
        8.82966     4.77479e-09              
        8.83454     3.58109e-09              
        8.83942     3.97899e-09              
        8.84431      1.5916e-09              
        8.84919     2.38739e-09              
        8.85407      1.5916e-09              
        8.85895     2.78529e-09              
        8.86383      1.5916e-09              
        8.86871     2.38739e-09              
        8.87359      1.5916e-09              
        8.87847      1.5916e-09              
        8.88336     3.18319e-09              
        8.88824     3.58109e-09              
        8.89312     1.98949e-09              
          8.898     5.17269e-09              
        8.90289     4.37689e-09              
        8.90777     2.38739e-09              
        8.91265     3.97899e-09              
        8.91754      1.5916e-09              
        8.92242      1.1937e-09              
         8.9273       7.958e-10              
        8.93219     3.58109e-09              
        8.93707     3.18319e-09              
        8.94195     2.38739e-09              
        8.94683     3.58109e-09              
        8.95172     4.37689e-09              
        8.95661     4.77479e-09              
