        4.99878               0              
        4.99939               3              
              5               1              
        5.00061               1              
        5.00122               1              
        5.00183               0              
        5.00244               0              
        5.00305               5              
        5.00366               1              
        5.00427               2              
        5.00488               1              
        5.00549               3              
         5.0061               4              
        5.00671               0              
        5.00732               1              
        5.00793               3              
        5.00854               0              
        5.00916               2              
        5.00977               4              
        5.01038               1              
        5.01099               0              
         5.0116               0              
        5.01221               0              
        5.01282               3              
        5.01343               3              
        5.01404               3              
        5.01465               0              
        5.01526               0              
        5.01587               4              
        5.01648               0              
        5.01709               0              
         5.0177               0              
        5.01831               1              
        5.01892               2              
        5.01953               1              
        5.02014               2              
        5.02075               2              
        5.02136               2              
        5.02197               2              
        5.02258               1              
        5.02319               1              
         5.0238               4              
        5.02441               0              
        5.02502               2              
        5.02563               0              
        5.02625               2              
        5.02686               2              
        5.02747               3              
        5.02808               1              
        5.02869               1              
         5.0293               3              
        5.02991               2              
        5.03052               1              
        5.03113               0              
        5.03174               1              
        5.03235               2              
        5.03296               0              
        5.03357               0              
        5.03418               2              
        5.03479               0              
         5.0354               1              
        5.03601               2              
        5.03662               1              
        5.03723               2              
        5.03784               0              
        5.03845               2              
        5.03906               0              
        5.03967               0              
        5.04028               1              
        5.04089               0              
         5.0415               0              
        5.04211               4              
        5.04272               3              
        5.04333               0              
        5.04395               0              
        5.04456               1              
        5.04517               1              
        5.04578               0              
        5.04639               0              
          5.047               0              
        5.04761               2              
        5.04822               4              
        5.04883               2              
        5.04944               5              
        5.05005               2              
        5.05066               3              
        5.05127               0              
        5.05188               0              
        5.05249               2              
         5.0531               0              
        5.05371               1              
        5.05432               3              
        5.05493               1              
        5.05554               0              
        5.05615               3              
        5.05676               1              
        5.05737               1              
        5.05798               2              
        5.05859               3              
         5.0592               1              
        5.05981               3              
        5.06042               0              
        5.06104               1              
        5.06165               1              
        5.06226               4              
        5.06287               1              
        5.06348               0              
        5.06409               6              
         5.0647               5              
        5.06531               2              
        5.06592               1              
        5.06653               2              
        5.06714               1              
        5.06775               2              
        5.06836               1              
        5.06897               2              
        5.06958               1              
        5.07019               2              
         5.0708               2              
        5.07141               1              
        5.07202               0              
        5.07263               2              
        5.07324               1              
        5.07385               3              
        5.07446               0              
        5.07507               2              
        5.07568               2              
        5.07629               2              
         5.0769               0              
        5.07751               1              
        5.07812               2              
        5.07874               2              
        5.07935               3              
        5.07996               4              
        5.08057               2              
        5.08118               3              
        5.08179               1              
         5.0824               0              
        5.08301               1              
        5.08362               1              
        5.08423               1              
        5.08484               2              
        5.08545               1              
        5.08606               2              
        5.08667               1              
        5.08728               0              
        5.08789               0              
         5.0885               0              
        5.08911               5              
        5.08972               2              
        5.09033               2              
        5.09094               0              
        5.09155               0              
        5.09216               1              
        5.09277               2              
        5.09338               2              
        5.09399               1              
         5.0946               4              
        5.09521               0              
        5.09583               0              
        5.09644               2              
        5.09705               2              
        5.09766               0              
        5.09827               1              
        5.09888               1              
        5.09949               1              
         5.1001               1              
        5.10071               0              
        5.10132               1              
        5.10193               3              
        5.10254               1              
        5.10315               1              
        5.10376               3              
        5.10437               2              
        5.10498               5              
        5.10559               1              
         5.1062               0              
        5.10681               3              
        5.10742               1              
        5.10803               0              
        5.10864               1              
        5.10925               2              
        5.10986               0              
        5.11047               3              
        5.11108               1              
        5.11169               3              
         5.1123               3              
        5.11292               2              
        5.11353               2              
        5.11414               0              
        5.11475               1              
        5.11536               1              
        5.11597               0              
        5.11658               0              
        5.11719               0              
         5.1178               1              
        5.11841               1              
        5.11902               1              
        5.11963               1              
        5.12024               2              
        5.12085               1              
        5.12146               0              
        5.12207               4              
        5.12268               2              
        5.12329               0              
         5.1239               2              
        5.12451               2              
        5.12512               2              
        5.12573               2              
        5.12634               1              
        5.12695               1              
        5.12756               1              
        5.12817               1              
        5.12878               1              
        5.12939               1              
           5.13               1              
        5.13062               0              
        5.13123               1              
        5.13184               3              
        5.13245               0              
        5.13306               0              
        5.13367               1              
        5.13428               1              
        5.13489               2              
         5.1355               1              
        5.13611               1              
        5.13672               1              
        5.13733               1              
        5.13794               1              
        5.13855               2              
        5.13916               1              
        5.13977               2              
        5.14038               2              
        5.14099               2              
         5.1416               2              
        5.14221               2              
        5.14282               2              
        5.14343               1              
        5.14404               3              
        5.14465               1              
        5.14526               0              
        5.14587               0              
        5.14648               2              
        5.14709               1              
        5.14771               2              
        5.14832               0              
        5.14893               0              
        5.14954               1              
        5.15015               3              
        5.15076               1              
        5.15137               0              
        5.15198               2              
        5.15259               0              
         5.1532               3              
        5.15381               0              
        5.15442               1              
        5.15503               0              
        5.15564               1              
        5.15625               2              
        5.15686               1              
        5.15747               2              
        5.15808               1              
        5.15869               1              
         5.1593               1              
        5.15991               1              
        5.16052               1              
        5.16113               3              
        5.16174               2              
        5.16235               1              
        5.16296               0              
        5.16357               4              
        5.16418               1              
        5.16479               2              
        5.16541               1              
        5.16602               0              
        5.16663               1              
        5.16724               2              
        5.16785               3              
        5.16846               1              
        5.16907               1              
        5.16968               0              
        5.17029               4              
         5.1709               3              
        5.17151               1              
        5.17212               1              
        5.17273               1              
        5.17334               2              
        5.17395               1              
        5.17456               3              
        5.17517               1              
        5.17578               0              
        5.17639               0              
          5.177               1              
        5.17761               3              
        5.17822               0              
        5.17883               3              
        5.17944               1              
        5.18005               0              
        5.18066               0              
        5.18127               0              
        5.18188               0              
         5.1825               4              
        5.18311               0              
        5.18372               1              
        5.18433               0              
        5.18494               0              
        5.18555               1              
        5.18616               0              
        5.18677               1              
        5.18738               1              
        5.18799               0              
         5.1886               2              
        5.18921               2              
        5.18982               0              
        5.19043               1              
        5.19104               3              
        5.19165               1              
        5.19226               1              
        5.19287               0              
        5.19348               0              
        5.19409               1              
         5.1947               2              
        5.19531               1              
        5.19592               0              
        5.19653               0              
        5.19714               1              
        5.19775               3              
        5.19836               2              
        5.19897               1              
        5.19958               0              
         5.2002               2              
        5.20081               1              
        5.20142               1              
        5.20203               2              
        5.20264               0              
        5.20325               3              
        5.20386               2              
        5.20447               2              
        5.20508               0              
        5.20569               1              
         5.2063               1              
        5.20691               2              
        5.20752               0              
        5.20813               1              
        5.20874               2              
        5.20935               0              
        5.20996               2              
        5.21057               2              
        5.21118               1              
        5.21179               0              
         5.2124               3              
        5.21301               1              
        5.21362               1              
        5.21423               2              
        5.21484               1              
        5.21545               0              
        5.21606               2              
        5.21667               0              
        5.21729               1              
         5.2179               0              
        5.21851               1              
        5.21912               1              
        5.21973               3              
        5.22034               0              
        5.22095               2              
        5.22156               1              
        5.22217               1              
        5.22278               2              
        5.22339               1              
          5.224               3              
        5.22461               3              
        5.22522               0              
        5.22583               1              
        5.22644               0              
        5.22705               0              
        5.22766               1              
        5.22827               0              
        5.22888               1              
        5.22949               1              
         5.2301               1              
        5.23071               0              
        5.23132               1              
        5.23193               0              
        5.23254               2              
        5.23315               1              
        5.23376               0              
        5.23438               1              
        5.23499               2              
         5.2356               2              
        5.23621               0              
        5.23682               0              
        5.23743               0              
        5.23804               0              
        5.23865               1              
        5.23926               0              
        5.23987               2              
        5.24048               1              
        5.24109               2              
         5.2417               2              
        5.24231               0              
        5.24292               2              
        5.24353               0              
        5.24414               0              
        5.24475               2              
        5.24536               2              
        5.24597               2              
        5.24658               1              
        5.24719               2              
         5.2478               4              
        5.24841               3              
        5.24902               2              
        5.24963               1              
        5.25024               0              
        5.25085               0              
        5.25146               1              
        5.25208               0              
        5.25269               1              
         5.2533               1              
        5.25391               0              
        5.25452               2              
        5.25513               0              
        5.25574               1              
        5.25635               0              
        5.25696               2              
        5.25757               4              
        5.25818               2              
        5.25879               1              
         5.2594               1              
        5.26001               2              
        5.26062               2              
        5.26123               0              
        5.26184               0              
        5.26245               3              
        5.26306               0              
        5.26367               0              
        5.26428               2              
        5.26489               1              
         5.2655               0              
        5.26611               1              
        5.26672               1              
        5.26733               4              
        5.26794               2              
        5.26855               0              
        5.26917               1              
        5.26978               0              
        5.27039               1              
          5.271               2              
        5.27161               0              
        5.27222               1              
        5.27283               3              
        5.27344               3              
        5.27405               3              
        5.27466               1              
        5.27527               1              
        5.27588               2              
        5.27649               2              
         5.2771               3              
        5.27771               2              
        5.27832               1              
        5.27893               1              
        5.27954               2              
        5.28015               0              
        5.28076               1              
        5.28137               3              
        5.28198               2              
        5.28259               1              
         5.2832               1              
        5.28381               1              
        5.28442               1              
        5.28503               1              
        5.28564               0              
        5.28625               4              
        5.28687               0              
        5.28748               0              
        5.28809               1              
         5.2887               0              
        5.28931               1              
        5.28992               0              
        5.29053               1              
        5.29114               1              
        5.29175               1              
        5.29236               1              
        5.29297               2              
        5.29358               1              
        5.29419               0              
         5.2948               0              
        5.29541               1              
        5.29602               1              
        5.29663               3              
        5.29724               2              
        5.29785               4              
        5.29846               3              
        5.29907               1              
        5.29968               0              
        5.30029               2              
         5.3009               1              
        5.30151               2              
        5.30212               0              
        5.30273               0              
        5.30334               4              
        5.30396               2              
        5.30457               2              
        5.30518               0              
        5.30579               0              
         5.3064               1              
        5.30701               2              
        5.30762               1              
        5.30823               1              
        5.30884               1              
        5.30945               0              
        5.31006               2              
        5.31067               2              
        5.31128               2              
        5.31189               3              
         5.3125               0              
        5.31311               1              
        5.31372               2              
        5.31433               1              
        5.31494               2              
        5.31555               1              
        5.31616               2              
        5.31677               0              
        5.31738               0              
        5.31799               0              
         5.3186               0              
        5.31921               3              
        5.31982               1              
        5.32043               1              
        5.32104               2              
        5.32166               1              
        5.32227               0              
        5.32288               1              
        5.32349               2              
         5.3241               2              
        5.32471               2              
        5.32532               0              
        5.32593               0              
        5.32654               1              
        5.32715               3              
        5.32776               1              
        5.32837               2              
        5.32898               2              
        5.32959               0              
         5.3302               0              
        5.33081               2              
        5.33142               1              
        5.33203               1              
        5.33264               3              
        5.33325               3              
        5.33386               3              
        5.33447               1              
        5.33508               0              
        5.33569               1              
         5.3363               2              
        5.33691               1              
        5.33752               0              
        5.33813               5              
        5.33875               1              
        5.33936               0              
        5.33997               0              
        5.34058               1              
        5.34119               1              
         5.3418               1              
        5.34241               3              
        5.34302               1              
        5.34363               4              
        5.34424               1              
        5.34485               3              
        5.34546               1              
        5.34607               3              
        5.34668               0              
        5.34729               0              
         5.3479               2              
        5.34851               1              
        5.34912               0              
        5.34973               0              
        5.35034               1              
        5.35095               0              
        5.35156               1              
        5.35217               0              
        5.35278               2              
        5.35339               1              
          5.354               3              
        5.35461               1              
        5.35522               3              
        5.35583               1              
        5.35645               1              
        5.35706               1              
        5.35767               2              
        5.35828               1              
        5.35889               0              
         5.3595               0              
        5.36011               2              
        5.36072               0              
        5.36133               0              
        5.36194               0              
        5.36255               2              
        5.36316               1              
        5.36377               1              
        5.36438               0              
        5.36499               2              
         5.3656               2              
        5.36621               2              
        5.36682               1              
        5.36743               3              
        5.36804               3              
        5.36865               2              
        5.36926               2              
        5.36987               0              
        5.37048               1              
        5.37109               1              
         5.3717               2              
        5.37231               1              
        5.37292               1              
        5.37354               1              
        5.37415               2              
        5.37476               2              
        5.37537               2              
        5.37598               0              
        5.37659               2              
         5.3772               2              
        5.37781               2              
        5.37842               0              
        5.37903               1              
        5.37964               0              
        5.38025               1              
        5.38086               0              
        5.38147               2              
        5.38208               0              
        5.38269               0              
         5.3833               5              
        5.38391               4              
        5.38452               3              
        5.38513               1              
        5.38574               0              
        5.38635               2              
        5.38696               5              
        5.38757               0              
        5.38818               0              
        5.38879               0              
         5.3894               1              
        5.39001               2              
        5.39062               2              
        5.39124               0              
        5.39185               2              
        5.39246               2              
        5.39307               1              
        5.39368               2              
        5.39429               1              
         5.3949               0              
        5.39551               3              
        5.39612               3              
        5.39673               1              
        5.39734               1              
        5.39795               0              
        5.39856               5              
        5.39917               1              
        5.39978               1              
        5.40039               3              
          5.401               3              
        5.40161               3              
        5.40222               2              
        5.40283               2              
        5.40344               0              
        5.40405               1              
        5.40466               1              
        5.40527               1              
        5.40588               2              
        5.40649               1              
         5.4071               1              
        5.40771               1              
        5.40833               1              
        5.40894               0              
        5.40955               3              
        5.41016               1              
        5.41077               0              
        5.41138               0              
        5.41199               0              
         5.4126               2              
        5.41321               0              
        5.41382               1              
        5.41443               0              
        5.41504               2              
        5.41565               4              
        5.41626               0              
        5.41687               1              
        5.41748               3              
        5.41809               1              
         5.4187               1              
        5.41931               2              
        5.41992               1              
        5.42053               0              
        5.42114               2              
        5.42175               2              
        5.42236               3              
        5.42297               2              
        5.42358               1              
        5.42419               1              
         5.4248               4              
        5.42542               2              
        5.42603               1              
        5.42664               0              
        5.42725               1              
        5.42786               0              
        5.42847               3              
        5.42908               2              
        5.42969               0              
         5.4303               1              
        5.43091               1              
        5.43152               0              
        5.43213               3              
        5.43274               0              
        5.43335               1              
        5.43396               2              
        5.43457               0              
        5.43518               0              
        5.43579               0              
         5.4364               1              
        5.43701               3              
        5.43762               2              
        5.43823               2              
        5.43884               1              
        5.43945               1              
        5.44006               2              
        5.44067               1              
        5.44128               0              
        5.44189               3              
         5.4425               2              
        5.44312               0              
        5.44373               4              
        5.44434               2              
        5.44495               0              
        5.44556               4              
        5.44617               0              
        5.44678               0              
        5.44739               0              
          5.448               1              
        5.44861               2              
        5.44922               1              
        5.44983               3              
        5.45044               2              
        5.45105               0              
        5.45166               0              
        5.45227               0              
        5.45288               1              
        5.45349               1              
         5.4541               1              
        5.45471               2              
        5.45532               4              
        5.45593               1              
        5.45654               0              
        5.45715               2              
        5.45776               1              
        5.45837               0              
        5.45898               2              
        5.45959               1              
        5.46021               1              
        5.46082               0              
        5.46143               0              
        5.46204               1              
        5.46265               2              
        5.46326               0              
        5.46387               3              
        5.46448               3              
        5.46509               2              
         5.4657               1              
        5.46631               0              
        5.46692               1              
        5.46753               1              
        5.46814               0              
        5.46875               1              
        5.46936               2              
        5.46997               2              
        5.47058               2              
        5.47119               3              
         5.4718               1              
        5.47241               0              
        5.47302               4              
        5.47363               3              
        5.47424               0              
        5.47485               0              
        5.47546               1              
        5.47607               2              
        5.47668               2              
        5.47729               0              
        5.47791               1              
        5.47852               1              
        5.47913               4              
        5.47974               2              
        5.48035               4              
        5.48096               1              
        5.48157               1              
        5.48218               2              
        5.48279               0              
         5.4834               2              
        5.48401               2              
        5.48462               0              
        5.48523               2              
        5.48584               2              
        5.48645               1              
        5.48706               2              
        5.48767               3              
        5.48828               0              
        5.48889               1              
         5.4895               2              
        5.49011               1              
        5.49072               0              
        5.49133               2              
        5.49194               0              
        5.49255               1              
        5.49316               2              
        5.49377               2              
        5.49438               1              
          5.495               1              
        5.49561               2              
        5.49622               3              
        5.49683               0              
        5.49744               0              
        5.49805               2              
        5.49866               1              
        5.49927               1              
        5.49988               1              
        5.50049               2              
         5.5011               4              
        5.50171               3              
        5.50232               2              
        5.50293               2              
        5.50354               1              
        5.50415               1              
        5.50476               0              
        5.50537               1              
        5.50598               1              
        5.50659               3              
         5.5072               4              
        5.50781               2              
        5.50842               0              
        5.50903               0              
        5.50964               1              
        5.51025               2              
        5.51086               1              
        5.51147               4              
        5.51208               2              
         5.5127               0              
        5.51331               2              
        5.51392               0              
        5.51453               2              
        5.51514               3              
        5.51575               1              
        5.51636               0              
        5.51697               1              
        5.51758               2              
        5.51819               2              
         5.5188               1              
        5.51941               2              
        5.52002               1              
        5.52063               0              
        5.52124               1              
        5.52185               0              
        5.52246               3              
        5.52307               0              
        5.52368               1              
        5.52429               0              
         5.5249               4              
        5.52551               0              
        5.52612               3              
        5.52673               2              
        5.52734               1              
        5.52795               0              
        5.52856               1              
        5.52917               1              
        5.52979               1              
         5.5304               2              
        5.53101               2              
        5.53162               3              
        5.53223               2              
        5.53284               0              
        5.53345               2              
        5.53406               3              
        5.53467               0              
        5.53528               0              
        5.53589               1              
         5.5365               2              
        5.53711               1              
        5.53772               1              
        5.53833               0              
        5.53894               1              
        5.53955               3              
        5.54016               3              
        5.54077               1              
        5.54138               3              
        5.54199               2              
         5.5426               1              
        5.54321               2              
        5.54382               2              
        5.54443               0              
        5.54504               3              
        5.54565               0              
        5.54626               0              
        5.54688               3              
        5.54749               1              
         5.5481               1              
        5.54871               2              
        5.54932               3              
        5.54993               2              
        5.55054               3              
        5.55115               0              
        5.55176               2              
        5.55237               1              
        5.55298               0              
        5.55359               2              
         5.5542               4              
        5.55481               2              
        5.55542               1              
        5.55603               2              
        5.55664               3              
        5.55725               2              
        5.55786               1              
        5.55847               1              
        5.55908               1              
        5.55969               0              
         5.5603               0              
        5.56091               1              
        5.56152               1              
        5.56213               1              
        5.56274               3              
        5.56335               3              
        5.56396               0              
        5.56458               2              
        5.56519               1              
         5.5658               2              
        5.56641               3              
        5.56702               1              
        5.56763               2              
        5.56824               0              
        5.56885               0              
        5.56946               3              
        5.57007               2              
        5.57068               2              
        5.57129               2              
         5.5719               0              
        5.57251               0              
        5.57312               3              
        5.57373               2              
        5.57434               1              
        5.57495               1              
        5.57556               0              
        5.57617               2              
        5.57678               3              
        5.57739               3              
          5.578               0              
        5.57861               1              
        5.57922               0              
        5.57983               0              
        5.58044               1              
        5.58105               0              
        5.58167               1              
        5.58228               2              
        5.58289               1              
         5.5835               1              
        5.58411               3              
        5.58472               2              
        5.58533               2              
        5.58594               0              
        5.58655               2              
        5.58716               0              
        5.58777               0              
        5.58838               0              
        5.58899               2              
         5.5896               0              
        5.59021               3              
        5.59082               2              
        5.59143               1              
        5.59204               1              
        5.59265               1              
        5.59326               0              
        5.59387               1              
        5.59448               0              
        5.59509               1              
         5.5957               0              
        5.59631               1              
        5.59692               2              
        5.59753               0              
        5.59814               1              
        5.59875               0              
        5.59937               0              
        5.59998               2              
        5.60059               0              
         5.6012               3              
        5.60181               0              
        5.60242               1              
        5.60303               0              
        5.60364               1              
        5.60425               1              
        5.60486               0              
        5.60547               0              
        5.60608               1              
        5.60669               4              
         5.6073               1              
        5.60791               2              
        5.60852               1              
        5.60913               0              
        5.60974               1              
        5.61035               3              
        5.61096               1              
        5.61157               2              
        5.61218               1              
        5.61279               0              
         5.6134               0              
        5.61401               4              
        5.61462               1              
        5.61523               3              
        5.61584               2              
        5.61646               2              
        5.61707               1              
        5.61768               1              
        5.61829               2              
         5.6189               1              
        5.61951               1              
        5.62012               0              
        5.62073               0              
        5.62134               1              
        5.62195               1              
        5.62256               1              
        5.62317               0              
        5.62378               0              
        5.62439               0              
          5.625               0              
        5.62561               0              
        5.62622               3              
        5.62683               0              
        5.62744               1              
        5.62805               2              
        5.62866               3              
        5.62927               1              
        5.62988               1              
        5.63049               4              
         5.6311               0              
        5.63171               1              
        5.63232               0              
        5.63293               0              
        5.63354               4              
        5.63416               0              
        5.63477               4              
        5.63538               0              
        5.63599               0              
         5.6366               1              
        5.63721               2              
        5.63782               1              
        5.63843               1              
        5.63904               1              
        5.63965               0              
        5.64026               1              
        5.64087               0              
        5.64148               0              
        5.64209               2              
         5.6427               1              
        5.64331               2              
        5.64392               0              
        5.64453               3              
        5.64514               1              
        5.64575               3              
        5.64636               1              
        5.64697               0              
        5.64758               0              
        5.64819               0              
         5.6488               3              
        5.64941               3              
        5.65002               2              
        5.65063               1              
        5.65125               1              
        5.65186               2              
        5.65247               0              
        5.65308               2              
        5.65369               0              
         5.6543               1              
        5.65491               1              
        5.65552               2              
        5.65613               1              
        5.65674               2              
        5.65735               0              
        5.65796               0              
        5.65857               2              
        5.65918               1              
        5.65979               1              
         5.6604               0              
        5.66101               0              
        5.66162               1              
        5.66223               0              
        5.66284               0              
        5.66345               1              
        5.66406               3              
        5.66467               0              
        5.66528               1              
        5.66589               0              
         5.6665               1              
        5.66711               2              
        5.66772               2              
        5.66833               3              
        5.66895               3              
        5.66956               1              
        5.67017               2              
        5.67078               2              
        5.67139               3              
          5.672               2              
        5.67261               0              
        5.67322               0              
        5.67383               1              
        5.67444               0              
        5.67505               1              
        5.67566               1              
        5.67627               3              
        5.67688               1              
        5.67749               2              
         5.6781               1              
        5.67871               0              
        5.67932               1              
        5.67993               4              
        5.68054               0              
        5.68115               0              
        5.68176               1              
        5.68237               0              
        5.68298               1              
        5.68359               0              
         5.6842               1              
        5.68481               5              
        5.68542               2              
        5.68604               1              
        5.68665               3              
        5.68726               1              
        5.68787               2              
        5.68848               0              
        5.68909               0              
         5.6897               0              
        5.69031               2              
        5.69092               1              
        5.69153               0              
        5.69214               4              
        5.69275               3              
        5.69336               2              
        5.69397               2              
        5.69458               0              
        5.69519               3              
         5.6958               1              
        5.69641               1              
        5.69702               0              
        5.69763               0              
        5.69824               1              
        5.69885               1              
        5.69946               2              
        5.70007               1              
        5.70068               2              
        5.70129               1              
         5.7019               3              
        5.70251               1              
        5.70312               1              
        5.70374               1              
        5.70435               2              
        5.70496               1              
        5.70557               1              
        5.70618               1              
        5.70679               3              
         5.7074               0              
        5.70801               3              
        5.70862               1              
        5.70923               1              
        5.70984               2              
        5.71045               0              
        5.71106               2              
        5.71167               2              
        5.71228               0              
        5.71289               2              
         5.7135               1              
        5.71411               1              
        5.71472               1              
        5.71533               2              
        5.71594               2              
        5.71655               2              
        5.71716               1              
        5.71777               1              
        5.71838               0              
        5.71899               2              
         5.7196               0              
        5.72021               2              
        5.72083               2              
        5.72144               1              
        5.72205               1              
        5.72266               1              
        5.72327               2              
        5.72388               2              
        5.72449               2              
         5.7251               3              
        5.72571               5              
        5.72632               1              
        5.72693               2              
        5.72754               0              
        5.72815               1              
        5.72876               1              
        5.72937               0              
        5.72998               3              
        5.73059               3              
         5.7312               0              
        5.73181               0              
        5.73242               1              
        5.73303               1              
        5.73364               0              
        5.73425               0              
        5.73486               0              
        5.73547               2              
        5.73608               2              
        5.73669               0              
         5.7373               4              
        5.73792               1              
        5.73853               3              
        5.73914               0              
        5.73975               1              
        5.74036               3              
        5.74097               2              
        5.74158               2              
        5.74219               0              
         5.7428               4              
        5.74341               3              
        5.74402               0              
        5.74463               1              
        5.74524               2              
        5.74585               0              
        5.74646               0              
        5.74707               2              
        5.74768               2              
        5.74829               4              
         5.7489               1              
        5.74951               1              
        5.75012               0              
        5.75073               3              
        5.75134               1              
        5.75195               1              
        5.75256               2              
        5.75317               0              
        5.75378               2              
        5.75439               2              
          5.755               4              
        5.75562               0              
        5.75623               2              
        5.75684               2              
        5.75745               1              
        5.75806               1              
        5.75867               0              
        5.75928               2              
        5.75989               1              
         5.7605               1              
        5.76111               2              
        5.76172               0              
        5.76233               0              
        5.76294               3              
        5.76355               3              
        5.76416               4              
        5.76477               0              
        5.76538               1              
        5.76599               0              
         5.7666               1              
        5.76721               0              
        5.76782               2              
        5.76843               1              
        5.76904               2              
        5.76965               1              
        5.77026               1              
        5.77087               0              
        5.77148               3              
        5.77209               1              
        5.77271               2              
        5.77332               0              
        5.77393               2              
        5.77454               1              
        5.77515               2              
        5.77576               1              
        5.77637               1              
        5.77698               1              
        5.77759               3              
         5.7782               3              
        5.77881               4              
        5.77942               1              
        5.78003               0              
        5.78064               2              
        5.78125               3              
        5.78186               2              
        5.78247               4              
        5.78308               2              
        5.78369               0              
         5.7843               0              
        5.78491               2              
        5.78552               0              
        5.78613               3              
        5.78674               2              
        5.78735               0              
        5.78796               0              
        5.78857               4              
        5.78918               1              
        5.78979               1              
        5.79041               2              
        5.79102               3              
        5.79163               2              
        5.79224               0              
        5.79285               2              
        5.79346               1              
        5.79407               2              
        5.79468               1              
        5.79529               2              
         5.7959               1              
        5.79651               1              
        5.79712               0              
        5.79773               1              
        5.79834               0              
        5.79895               0              
        5.79956               3              
        5.80017               3              
        5.80078               1              
        5.80139               0              
          5.802               1              
        5.80261               1              
        5.80322               0              
        5.80383               0              
        5.80444               0              
        5.80505               0              
        5.80566               2              
        5.80627               1              
        5.80688               2              
         5.8075               2              
        5.80811               2              
        5.80872               2              
        5.80933               3              
        5.80994               1              
        5.81055               1              
        5.81116               1              
        5.81177               1              
        5.81238               2              
        5.81299               0              
         5.8136               1              
        5.81421               0              
        5.81482               4              
        5.81543               0              
        5.81604               0              
        5.81665               4              
        5.81726               1              
        5.81787               1              
        5.81848               1              
        5.81909               0              
         5.8197               2              
        5.82031               3              
        5.82092               0              
        5.82153               1              
        5.82214               0              
        5.82275               1              
        5.82336               2              
        5.82397               1              
        5.82458               2              
         5.8252               1              
        5.82581               1              
        5.82642               2              
        5.82703               1              
        5.82764               1              
        5.82825               1              
        5.82886               1              
        5.82947               1              
        5.83008               0              
        5.83069               5              
         5.8313               2              
        5.83191               2              
        5.83252               2              
        5.83313               1              
        5.83374               1              
        5.83435               1              
        5.83496               3              
        5.83557               2              
        5.83618               1              
        5.83679               3              
         5.8374               1              
        5.83801               1              
        5.83862               1              
        5.83923               1              
        5.83984               1              
        5.84045               2              
        5.84106               0              
        5.84167               3              
        5.84229               0              
         5.8429               3              
        5.84351               1              
        5.84412               1              
        5.84473               0              
        5.84534               1              
        5.84595               1              
        5.84656               0              
        5.84717               2              
        5.84778               1              
        5.84839               1              
          5.849               1              
        5.84961               1              
        5.85022               1              
        5.85083               3              
        5.85144               1              
        5.85205               0              
        5.85266               1              
        5.85327               2              
        5.85388               1              
        5.85449               0              
         5.8551               1              
        5.85571               2              
        5.85632               0              
        5.85693               1              
        5.85754               1              
        5.85815               1              
        5.85876               1              
        5.85938               2              
        5.85999               1              
         5.8606               0              
        5.86121               3              
        5.86182               0              
        5.86243               1              
        5.86304               3              
        5.86365               2              
        5.86426               1              
        5.86487               1              
        5.86548               0              
        5.86609               1              
         5.8667               0              
        5.86731               2              
        5.86792               2              
        5.86853               0              
        5.86914               1              
        5.86975               0              
        5.87036               1              
        5.87097               0              
        5.87158               1              
        5.87219               0              
         5.8728               0              
        5.87341               0              
        5.87402               1              
        5.87463               1              
        5.87524               0              
        5.87585               2              
        5.87646               1              
        5.87708               3              
        5.87769               2              
         5.8783               3              
        5.87891               2              
        5.87952               1              
        5.88013               4              
        5.88074               1              
        5.88135               3              
        5.88196               1              
        5.88257               2              
        5.88318               2              
        5.88379               0              
         5.8844               1              
        5.88501               0              
        5.88562               0              
        5.88623               0              
        5.88684               2              
        5.88745               1              
        5.88806               0              
        5.88867               1              
        5.88928               0              
        5.88989               3              
         5.8905               1              
        5.89111               2              
        5.89172               1              
        5.89233               1              
        5.89294               3              
        5.89355               1              
        5.89417               2              
        5.89478               1              
        5.89539               0              
          5.896               0              
        5.89661               1              
        5.89722               2              
        5.89783               0              
        5.89844               1              
        5.89905               3              
        5.89966               0              
        5.90027               5              
        5.90088               1              
        5.90149               0              
         5.9021               2              
        5.90271               1              
        5.90332               1              
        5.90393               0              
        5.90454               2              
        5.90515               1              
        5.90576               1              
        5.90637               0              
        5.90698               1              
        5.90759               1              
         5.9082               2              
        5.90881               0              
        5.90942               0              
        5.91003               0              
        5.91064               1              
        5.91125               5              
        5.91187               0              
        5.91248               0              
        5.91309               0              
         5.9137               2              
        5.91431               1              
        5.91492               1              
        5.91553               0              
        5.91614               0              
        5.91675               2              
        5.91736               3              
        5.91797               1              
        5.91858               0              
        5.91919               4              
         5.9198               2              
        5.92041               1              
        5.92102               0              
        5.92163               1              
        5.92224               1              
        5.92285               2              
        5.92346               1              
        5.92407               1              
        5.92468               1              
        5.92529               1              
         5.9259               3              
        5.92651               0              
        5.92712               2              
        5.92773               0              
        5.92834               0              
        5.92896               1              
        5.92957               1              
        5.93018               0              
        5.93079               2              
         5.9314               2              
        5.93201               2              
        5.93262               2              
        5.93323               1              
        5.93384               1              
        5.93445               0              
        5.93506               0              
        5.93567               2              
        5.93628               0              
        5.93689               1              
         5.9375               1              
        5.93811               3              
        5.93872               2              
        5.93933               3              
        5.93994               0              
        5.94055               0              
        5.94116               3              
        5.94177               4              
        5.94238               1              
        5.94299               0              
         5.9436               3              
        5.94421               2              
        5.94482               2              
        5.94543               0              
        5.94604               0              
        5.94666               1              
        5.94727               1              
        5.94788               0              
        5.94849               2              
         5.9491               2              
        5.94971               0              
        5.95032               1              
        5.95093               2              
        5.95154               2              
        5.95215               1              
        5.95276               3              
        5.95337               0              
        5.95398               0              
        5.95459               0              
         5.9552               2              
        5.95581               7              
        5.95642               1              
        5.95703               0              
        5.95764               2              
        5.95825               2              
        5.95886               1              
        5.95947               1              
        5.96008               2              
        5.96069               1              
         5.9613               2              
        5.96191               0              
        5.96252               2              
        5.96313               0              
        5.96375               1              
        5.96436               0              
        5.96497               1              
        5.96558               1              
        5.96619               0              
         5.9668               3              
        5.96741               1              
        5.96802               0              
        5.96863               1              
        5.96924               1              
        5.96985               1              
        5.97046               0              
        5.97107               1              
        5.97168               1              
        5.97229               3              
         5.9729               0              
        5.97351               2              
        5.97412               1              
        5.97473               2              
        5.97534               1              
        5.97595               1              
        5.97656               1              
        5.97717               3              
        5.97778               2              
        5.97839               1              
          5.979               3              
        5.97961               2              
        5.98022               2              
        5.98083               0              
        5.98145               1              
        5.98206               1              
        5.98267               0              
        5.98328               2              
        5.98389               0              
         5.9845               0              
        5.98511               2              
        5.98572               1              
        5.98633               1              
        5.98694               1              
        5.98755               4              
        5.98816               0              
        5.98877               2              
        5.98938               0              
        5.98999               2              
         5.9906               0              
        5.99121               1              
        5.99182               0              
        5.99243               0              
        5.99304               1              
        5.99365               1              
        5.99426               3              
        5.99487               1              
        5.99548               0              
        5.99609               0              
         5.9967               1              
        5.99731               0              
        5.99792               1              
        4.97834     7.56009e-09              
        4.98322     6.36638e-09              
         4.9881     3.58109e-09              
        4.99299     5.96848e-09              
        4.99787     6.76429e-09              
        5.00274     9.15169e-09              
        5.00762     4.77479e-09              
        5.01251     8.35589e-09              
        5.01739     5.57058e-09              
        5.02227     5.17268e-09              
        5.02717     5.96849e-09              
        5.03205     7.16218e-09              
        5.03693     7.56008e-09              
        5.04181     5.96848e-09              
        5.04669     5.17269e-09              
        5.05157      9.1517e-09              
        5.05645     4.77479e-09              
        5.06134     3.18319e-09              
        5.06623     8.75378e-09              
        5.07111     5.17268e-09              
        5.07599     8.35589e-09              
        5.08087     6.76429e-09              
        5.08575     7.16219e-09              
        5.09063     9.15169e-09              
        5.09552     5.96849e-09              
        5.10041     4.37689e-09              
        5.10529     5.96849e-09              
        5.11017     5.17269e-09              
        5.11505      7.5601e-09              
        5.11993     5.17268e-09              
        5.12481     9.94749e-09              
        5.12969      8.3559e-09              
        5.13459     9.94749e-09              
        5.13947     3.97899e-09              
        5.14435     5.96848e-09              
        5.14924     5.96849e-09              
        5.15412     5.17268e-09              
        5.15899     7.56009e-09              
        5.16387     6.36639e-09              
        5.16876      8.3559e-09              
        5.17364     4.37688e-09              
        5.17852     4.77479e-09              
        5.18342     8.75378e-09              
         5.1883     5.17269e-09              
        5.19318     7.95798e-09              
        5.19806     4.77479e-09              
        5.20294     5.96849e-09              
        5.20782     4.77479e-09              
         5.2127     7.16219e-09              
        5.21759     5.57059e-09              
        5.22248     5.57059e-09              
        5.22736     6.36638e-09              
        5.23224     5.96848e-09              
        5.23712     5.96848e-09              
          5.242     4.77479e-09              
        5.24688     6.76429e-09              
        5.25177     7.16218e-09              
        5.25666      9.1517e-09              
        5.26154     5.96849e-09              
        5.26642     6.76429e-09              
         5.2713     1.03454e-08              
        5.27618     5.17268e-09              
        5.28106     3.97899e-09              
        5.28594     5.96848e-09              
        5.29084     5.96848e-09              
        5.29572     4.77478e-09              
         5.3006     3.18319e-09              
        5.30549     1.15391e-08              
        5.31037     6.36638e-09              
        5.31524     5.57058e-09              
        5.32012     3.58109e-09              
        5.32501     6.76428e-09              
        5.32989     6.76428e-09              
        5.33477     4.77478e-09              
        5.33967     5.96848e-09              
        5.34455     4.37689e-09              
        5.34943     5.96849e-09              
        5.35431     9.15169e-09              
        5.35919     8.75378e-09              
        5.36407     7.16218e-09              
        5.36895     5.96849e-09              
        5.37384     8.75379e-09              
        5.37873     5.96848e-09              
        5.38361     5.57058e-09              
        5.38849     6.36639e-09              
        5.39337     3.97899e-09              
        5.39825     4.77479e-09              
        5.40313     5.96848e-09              
        5.40802     7.16218e-09              
        5.41291     7.95798e-09              
        5.41779     7.16218e-09              
        5.42267     5.96848e-09              
        5.42755     5.57058e-09              
        5.43243     7.16218e-09              
        5.43731     6.76429e-09              
        5.44219     6.76429e-09              
        5.44709     3.18319e-09              
        5.45197     6.76429e-09              
        5.45685     5.96849e-09              
        5.46174     6.76429e-09              
        5.46662     5.17268e-09              
        5.47149     7.95798e-09              
        5.47637     5.96849e-09              
        5.48126     3.97898e-09              
        5.48614     3.58109e-09              
        5.49102     6.36639e-09              
        5.49592      8.3559e-09              
         5.5008     3.18319e-09              
        5.50568     5.96849e-09              
        5.51056     6.76429e-09              
        5.51544     5.96848e-09              
        5.52032     4.77478e-09              
         5.5252      9.1517e-09              
        5.53009     5.96848e-09              
        5.53498     6.36639e-09              
        5.53986     5.17269e-09              
        5.54474     5.57058e-09              
        5.54962     4.37689e-09              
         5.5545     8.75379e-09              
        5.55938     5.17269e-09              
        5.56427     5.17268e-09              
        5.56916     2.78529e-09              
        5.57404     5.96849e-09              
        5.57892     6.36639e-09              
         5.5838     3.58109e-09              
        5.58868     3.97899e-09              
        5.59356     5.17269e-09              
        5.59844     6.76429e-09              
        5.60334     4.37688e-09              
        5.60822      7.5601e-09              
         5.6131     6.76429e-09              
        5.61799     9.94749e-09              
        5.62287     5.96849e-09              
        5.62774     4.77479e-09              
        5.63262     5.96849e-09              
        5.63751     7.16219e-09              
        5.64239     5.17269e-09              
        5.64727     7.95798e-09              
        5.65217     5.96848e-09              
        5.65705     6.36638e-09              
        5.66193     6.36638e-09              
        5.66681     5.17268e-09              
        5.67169     4.77479e-09              
        5.67657     5.17269e-09              
        5.68145     7.16218e-09              
        5.68634     4.77479e-09              
        5.69123     5.57059e-09              
        5.69611     6.36639e-09              
        5.70099     3.97899e-09              
        5.70587     7.56009e-09              
        5.71075     5.17269e-09              
        5.71563     9.94749e-09              
        5.72052     5.57058e-09              
        5.72541     2.38739e-09              
        5.73029     4.77479e-09              
        5.73517     3.58109e-09              
        5.74005     7.95798e-09              
        5.74493      9.1517e-09              
        5.74981     5.57058e-09              
        5.75469     5.57058e-09              
        5.75959     7.16218e-09              
        5.76447     4.77479e-09              
        5.76935     5.96848e-09              
        5.77424     6.76429e-09              
        5.77912     7.16219e-09              
        5.78399     3.18319e-09              
        5.78887     4.37688e-09              
        5.79376     4.77478e-09              
        5.79864     5.96848e-09              
        5.80352     6.76429e-09              
        5.80842     7.16219e-09              
         5.8133     4.37689e-09              
        5.81818      7.5601e-09              
        5.82306     3.18319e-09              
        5.82794     5.96849e-09              
        5.83282     5.57059e-09              
         5.8377     6.76429e-09              
        5.84259     6.76429e-09              
        5.84748     2.78529e-09              
        5.85236     5.57058e-09              
        5.85724      7.5601e-09              
        5.86212     7.16218e-09              
          5.867     3.18319e-09              
        5.87188     6.36639e-09              
        5.87677     5.57058e-09              
        5.88166     4.77479e-09              
        5.88654     4.37689e-09              
        5.89142     7.56009e-09              
         5.8963     4.77478e-09              
        5.90118     7.16218e-09              
        5.90606     8.75379e-09              
        5.91094     1.11412e-08              
        5.91584     3.58109e-09              
        5.92072     4.77478e-09              
         5.9256     6.76429e-09              
        5.93049     5.17269e-09              
        5.93537     3.58109e-09              
        5.94024     6.36638e-09              
        5.94512     5.17268e-09              
        5.95001     5.57059e-09              
        5.95489     6.76429e-09              
        5.95977     5.96848e-09              
        5.96467     6.36639e-09              
        5.96955     4.77479e-09              
