       0.101013     1.88704e-06               
       0.102234     1.85719e-06               
       0.103455     1.93777e-06               
       0.104675     1.75971e-06               
       0.105896     1.82735e-06               
       0.107117     1.78458e-06               
       0.108338     1.76767e-06               
       0.109558     1.76866e-06               
       0.110779     1.76468e-06               
          0.112     1.75374e-06               
        0.11322     1.65924e-06               
       0.114441     1.71992e-06               
       0.115662     1.72788e-06               
       0.116883     1.67317e-06               
       0.118103     1.58463e-06               
       0.119324     1.54186e-06               
       0.120544     1.53887e-06               
       0.121765     1.57369e-06               
       0.122986     1.51699e-06               
       0.124206      1.4782e-06               
       0.125427     1.48715e-06               
       0.126648      1.4971e-06               
       0.127868     1.41752e-06               
        0.12909     1.47322e-06               
        0.13031     1.46825e-06               
       0.131531     1.36877e-06               
       0.132752     1.40856e-06               
       0.133972     1.36778e-06               
       0.135193     1.38568e-06               
       0.136414     1.33595e-06               
       0.137634     1.38071e-06               
       0.138855     1.30312e-06               
       0.140076     1.33694e-06               
       0.141296     1.29815e-06               
       0.142517     1.18872e-06               
       0.143738      1.2693e-06               
       0.144958     1.23747e-06               
       0.146179     1.23946e-06               
         0.1474     1.20166e-06               
        0.14862     1.14595e-06               
       0.149841     1.18673e-06               
       0.151062     1.16286e-06               
       0.152283     1.24642e-06               
       0.153504     1.14694e-06               
       0.154724       1.137e-06               
       0.155945     1.10119e-06               
       0.157166     1.11909e-06               
       0.158386      1.0793e-06               
       0.159607     1.08925e-06               
       0.160828     1.03553e-06               
       0.162048     1.10218e-06               
       0.163269     1.03255e-06               
        0.16449     1.03852e-06               
        0.16571      1.0614e-06               
       0.166931     1.06537e-06               
       0.168152     1.06637e-06               
       0.169372     9.83806e-07               
       0.170593      1.0604e-06               
       0.171814     9.79827e-07               
       0.173034     9.89774e-07               
       0.174256     1.01862e-06               
       0.175476     9.44016e-07               
       0.176697     9.62916e-07               
       0.177918      8.8632e-07               
       0.179138     9.77837e-07               
       0.180359     9.18152e-07               
        0.18158      8.8632e-07               
         0.1828     8.42551e-07               
       0.184021     8.68415e-07               
       0.185242     8.66425e-07               
       0.186462     8.61452e-07               
       0.187683     8.43546e-07               
       0.188904     8.78362e-07               
       0.190124     8.38572e-07               
       0.191345     8.31609e-07               
       0.192566     7.81872e-07               
       0.193786     8.05746e-07               
       0.195007     8.21662e-07               
       0.196228     7.41087e-07               
       0.197449     8.04751e-07               
       0.198669     7.78887e-07               
        0.19989     7.65956e-07               
       0.201111     7.60982e-07               
       0.202331     7.63966e-07               
       0.203552      7.1025e-07               
       0.204773     7.39098e-07               
       0.205993     7.55014e-07               
       0.207215     7.01297e-07               
       0.208435     7.30145e-07               
       0.209656     7.12239e-07               
       0.210877     7.46061e-07               
       0.212097     6.58523e-07               
       0.213318     7.15224e-07               
       0.214539      6.9135e-07               
       0.215759     6.69465e-07               
        0.21698     6.57528e-07               
       0.218201     6.52555e-07               
       0.219421     6.45591e-07               
       0.220642     6.18733e-07               
       0.221863     6.28681e-07               
       0.223083     5.94859e-07               
       0.224304     6.44597e-07               
       0.225525     6.50565e-07               
       0.226745     5.96849e-07               
       0.227966     6.00828e-07               
       0.229187      6.0978e-07               
       0.230408     6.23707e-07               
       0.231629     5.77948e-07               
       0.232849     5.74964e-07               
        0.23407     5.95854e-07               
       0.235291      5.5109e-07               
       0.236511     6.43602e-07               
       0.237732     5.28211e-07               
       0.238953     5.62032e-07               
       0.240173     5.70985e-07               
       0.241394     5.73969e-07               
       0.242615     6.15749e-07               
       0.243835     5.79938e-07               
       0.245056     5.49101e-07               
       0.246277     5.46117e-07               
       0.247497     5.48106e-07               
       0.248718     5.22243e-07               
       0.249939     5.21248e-07               
       0.251159     5.14285e-07               
       0.252381     5.87896e-07               
       0.253601     5.19258e-07               
       0.254822     4.80463e-07               
       0.256043     5.16274e-07               
       0.257263     4.67531e-07               
       0.258484     5.20253e-07               
       0.259705       4.546e-07               
       0.260925     4.23763e-07               
       0.262146     4.81458e-07               
       0.263367     5.02348e-07               
       0.264587     4.46642e-07               
       0.265808     4.38684e-07               
       0.267029     4.67531e-07               
        0.26825     4.84442e-07               
        0.26947     4.83447e-07               
       0.270691     4.68526e-07               
       0.271911     4.36694e-07               
       0.273133     4.41668e-07               
       0.274353     4.30726e-07               
       0.275574     4.89416e-07               
       0.276794      4.3371e-07               
       0.278015     4.31721e-07               
       0.279236     4.44652e-07               
       0.280456     3.90936e-07               
       0.281677     4.04862e-07               
       0.282898     3.94915e-07               
       0.284118     4.80463e-07               
       0.285339     3.89941e-07               
        0.28656     3.81983e-07               
       0.287781     4.06852e-07               
       0.289002     3.85962e-07               
       0.290222     4.07847e-07               
       0.291443      3.7303e-07               
       0.292663     3.99889e-07               
       0.293884      3.7303e-07               
       0.295105     3.88946e-07               
       0.296326      3.9392e-07               
       0.297546     3.78999e-07               
       0.298767     3.85962e-07               
       0.299988     3.97899e-07               
       0.301208     3.37219e-07               
       0.302429     3.52141e-07               
        0.30365     3.47167e-07               
        0.30487     3.68057e-07               
       0.306091     3.34235e-07               
       0.307312     3.47167e-07               
       0.308533      3.5612e-07               
       0.309754     3.49156e-07               
       0.310974     3.50151e-07               
       0.312195     3.83973e-07               
       0.313416     3.38214e-07               
       0.314636     3.49156e-07               
       0.315857     3.09367e-07               
       0.317078      3.1633e-07               
       0.318299     3.37219e-07               
       0.319519     3.21304e-07               
        0.32074     3.29261e-07               
        0.32196     3.27272e-07               
       0.323181     3.00414e-07               
       0.324402      3.1633e-07               
       0.325623     3.26277e-07               
       0.326843     2.99419e-07               
       0.328064      2.9743e-07               
       0.329284     3.11356e-07               
       0.330506      2.7654e-07               
       0.331726     2.67587e-07               
       0.332947     3.00414e-07               
       0.334168     3.26277e-07               
       0.335388     3.03398e-07               
       0.336609     3.11356e-07               
        0.33783     2.65598e-07               
        0.33905     3.02403e-07               
       0.340271     2.88477e-07               
       0.341492     2.66592e-07               
       0.342712     3.00414e-07               
       0.343933     2.85493e-07               
       0.345154     2.68582e-07               
       0.346375     2.72561e-07               
       0.347595      2.9743e-07               
       0.348816     2.65598e-07               
       0.350036      3.1633e-07               
       0.351257     3.07377e-07               
       0.352478     2.82508e-07               
       0.353699     2.85493e-07               
       0.354919     2.77535e-07               
        0.35614     2.68582e-07               
       0.357361     2.56645e-07               
       0.358581      2.7455e-07               
       0.359802     2.68582e-07               
       0.361023     2.30781e-07               
       0.362243     2.64603e-07               
       0.363464     2.73556e-07               
       0.364685     2.63608e-07               
       0.365906     2.58634e-07               
       0.367127     2.62613e-07               
       0.368347     2.52666e-07               
       0.369568     2.53661e-07               
       0.370788      2.3675e-07               
       0.372009     2.77535e-07               
        0.37323     2.69577e-07               
       0.374451     2.32771e-07               
       0.375671     2.33766e-07               
       0.376892     2.64603e-07               
       0.378113     2.47692e-07               
       0.379333      2.1785e-07               
       0.380554     2.28792e-07               
       0.381775     2.30781e-07               
       0.382995     2.07902e-07               
       0.384216     2.03923e-07               
       0.385437     2.62613e-07               
       0.386658     2.23818e-07               
       0.387879     2.30781e-07               
       0.389099     2.13871e-07               
        0.39032     2.31776e-07               
       0.391541     2.37745e-07               
       0.392761     2.21829e-07               
       0.393982      2.1785e-07               
       0.395203     2.42718e-07               
       0.396424     2.41724e-07               
       0.397644      2.3476e-07               
       0.398865      1.9895e-07               
       0.400085     2.19839e-07               
       0.401306     2.04918e-07               
       0.402527     2.59629e-07               
       0.403748     2.13871e-07               
       0.404968     1.89002e-07               
       0.406189      2.3675e-07               
       0.407409     2.24813e-07               
       0.408631     1.97955e-07               
       0.409851     2.16855e-07               
       0.411072     2.30781e-07               
       0.412293     2.22823e-07               
       0.413513     2.12876e-07               
       0.414734     2.03923e-07               
       0.415955     2.40729e-07               
       0.417175     2.03923e-07               
       0.418396     2.23818e-07               
       0.419617     1.93976e-07               
       0.420837     2.22823e-07               
       0.422058     1.88007e-07               
       0.423279     1.84028e-07               
         0.4245      2.3675e-07               
        0.42572     1.85023e-07               
       0.426941     2.00939e-07               
       0.428161      1.9895e-07               
       0.429383     1.58165e-07               
       0.430603      1.9696e-07               
       0.431824     1.94971e-07               
       0.433044      1.7607e-07               
       0.434265     1.74081e-07               
       0.435486     1.82039e-07               
       0.436706     1.90992e-07               
       0.437927     1.85023e-07               
       0.439148     1.91986e-07               
       0.440368     1.63139e-07               
       0.441589     1.83034e-07               
        0.44281      1.7806e-07               
       0.444031     2.02929e-07               
       0.445252     2.12876e-07               
       0.446472     1.52196e-07               
       0.447693     1.71097e-07               
       0.448913     2.20834e-07               
       0.450134     1.91986e-07               
       0.451355     1.67118e-07               
       0.452576     1.51202e-07               
       0.453796     1.86018e-07               
       0.455017     2.02929e-07               
       0.456238      1.7806e-07               
       0.457458     1.72091e-07               
       0.458679     1.62144e-07               
         0.4599     1.71097e-07               
        0.46112     1.70102e-07               
       0.462341      1.7806e-07               
       0.463562     1.60154e-07               
       0.464783     1.60154e-07               
       0.466004     1.79055e-07               
       0.467224     1.77065e-07               
       0.468445     1.75076e-07               
       0.469666     1.58165e-07               
       0.470886     1.52196e-07               
       0.472107     1.68112e-07               
       0.473328     1.95965e-07               
       0.474549     1.80049e-07               
       0.475769     1.61149e-07               
        0.47699     1.94971e-07               
        0.47821     1.75076e-07               
       0.479431     1.64133e-07               
       0.480652     1.87013e-07               
       0.481873     1.65128e-07               
       0.483093     1.74081e-07               
       0.484314     1.53191e-07               
       0.485534     1.62144e-07               
       0.486756     1.52196e-07               
       0.487976      1.5916e-07               
       0.489197     1.86018e-07               
       0.490418     1.34291e-07               
       0.491638     1.45233e-07               
       0.492859     1.52196e-07               
        0.49408     1.46228e-07               
         0.4953     1.65128e-07               
       0.496521     1.53191e-07               
       0.497742     1.58165e-07               
       0.498962     1.48217e-07               
       0.500183     1.74081e-07               
       0.501404     1.69107e-07               
       0.502625     1.68112e-07               
       0.503845     1.39265e-07               
       0.505066      1.3827e-07               
       0.506287     1.41254e-07               
       0.507507     1.45233e-07               
       0.508728     1.49212e-07               
       0.509949     1.44238e-07               
        0.51117     6.92842e-06               
        0.51239      1.1937e-07               
       0.513611     1.20364e-07               
       0.514831     1.28322e-07               
       0.516052     1.32301e-07               
       0.517273     2.29787e-07               
       0.518493      1.3628e-07               
       0.519715     1.34291e-07               
       0.520935     1.12406e-07               
       0.522156     1.13401e-07               
       0.523376     1.14396e-07               
       0.524597     1.29317e-07               
       0.525818     1.07433e-07               
       0.527038     1.22354e-07               
       0.528259     1.25338e-07               
        0.52948     1.09422e-07               
       0.530701      1.5717e-07               
       0.531921     1.30312e-07               
       0.533142     1.06438e-07               
       0.534363     1.08428e-07               
       0.535583     1.31307e-07               
       0.536804     1.09422e-07               
       0.538025     1.40259e-07               
       0.539246     1.21359e-07               
       0.540466     7.95798e-08               
       0.541687     1.35286e-07               
       0.542908     9.54958e-08               
       0.544129     1.21359e-07               
       0.545349     1.05443e-07               
        0.54657     1.11412e-07               
       0.547791     1.08428e-07               
       0.549011     1.29317e-07               
       0.550232     1.03454e-07               
       0.551453     1.21359e-07               
       0.552674      9.4501e-08               
       0.553894     1.15391e-07               
       0.555115     1.16385e-07               
       0.556336     1.05443e-07               
       0.557556     1.13401e-07               
       0.558777     1.13401e-07               
       0.559997     1.01464e-07               
       0.561218     1.27328e-07               
       0.562439     1.70102e-07               
       0.563659     1.04449e-07               
       0.564881     9.15168e-08               
       0.566101     1.11412e-07               
       0.567322     1.37275e-07               
       0.568542     9.74853e-08               
       0.569763      9.4501e-08               
       0.570984     1.18375e-07               
       0.572205     1.22354e-07               
       0.573425     8.95273e-08               
       0.574646     1.46228e-07               
       0.575867     1.13401e-07               
       0.577087     1.06438e-07               
       0.578308     1.12406e-07               
       0.579529     1.06438e-07               
        0.58075     1.09422e-07               
        0.58197     9.35063e-08               
       0.583191     1.05443e-07               
       0.584412     1.11412e-07               
       0.585633     8.65431e-08               
       0.586853     9.94748e-08               
       0.588074     9.35063e-08               
       0.589295     8.75378e-08               
       0.590515     1.03454e-07               
       0.591736     1.09422e-07               
       0.592956     1.15391e-07               
       0.594177      1.0047e-07               
       0.595398     1.06438e-07               
       0.596618     1.15391e-07               
        0.59784      1.1738e-07               
        0.59906     9.74853e-08               
       0.600281      1.0047e-07               
       0.601501      1.0047e-07               
       0.602722     9.15168e-08               
       0.603943     1.01464e-07               
       0.605163     1.10417e-07               
       0.606384     9.54958e-08               
       0.607605     1.16385e-07               
       0.608826     1.14396e-07               
       0.610046     7.36113e-08               
       0.611267      9.4501e-08               
       0.612488     9.94748e-08               
       0.613708     7.56008e-08               
       0.614929     9.54958e-08               
        0.61615     9.15168e-08               
       0.617371     1.03454e-07               
       0.618591     9.74853e-08               
       0.619812     7.46061e-08               
       0.621033     9.74853e-08               
       0.622254     9.64905e-08               
       0.623474     9.54958e-08               
       0.624695     8.65431e-08               
       0.625916     1.01464e-07               
       0.627136      9.4501e-08               
       0.628357     8.85325e-08               
       0.629578      9.4501e-08               
       0.630799     9.35063e-08               
       0.632019     1.11412e-07               
        0.63324     8.85325e-08               
       0.634461     8.65431e-08               
       0.635681      9.0522e-08               
       0.636902      9.0522e-08               
       0.638122     9.35063e-08               
       0.639343     9.54958e-08               
       0.640564     8.95273e-08               
       0.641784     8.45536e-08               
       0.643006      9.0522e-08               
       0.644226      9.0522e-08               
       0.645447     8.15693e-08               
       0.646667      9.0522e-08               
       0.647888     1.16385e-07               
       0.649109     8.45536e-08               
        0.65033     7.95798e-08               
        0.65155     9.74853e-08               
       0.652771     7.06271e-08               
       0.653992     8.45536e-08               
       0.655212     7.56008e-08               
       0.656433     7.36113e-08               
       0.657654     8.45536e-08               
       0.658875     7.65956e-08               
       0.660095     6.46586e-08               
       0.661316     8.25641e-08               
       0.662537     7.16218e-08               
       0.663757     9.94748e-08               
       0.664978     9.25115e-08               
       0.666199     7.46061e-08               
        0.66742      1.0047e-07               
        0.66864     9.54958e-08               
       0.669861     8.35588e-08               
       0.671081     8.25641e-08               
       0.672302     8.85325e-08               
       0.673523     7.85851e-08               
       0.674743     8.95273e-08               
       0.675965     7.06271e-08               
       0.677185      9.0522e-08               
       0.678406     8.05746e-08               
       0.679626     9.54958e-08               
       0.680847     8.45536e-08               
       0.682068     8.35588e-08               
       0.683288     7.56008e-08               
       0.684509     7.36113e-08               
        0.68573     6.26691e-08               
       0.686951     6.36639e-08               
       0.688171     5.76954e-08               
       0.689392     5.96849e-08               
       0.690613     5.96849e-08               
       0.691833     1.02459e-07               
       0.693054     7.46061e-08               
       0.694275     6.76428e-08               
       0.695496     8.45536e-08               
       0.696716     7.46061e-08               
       0.697937     6.56534e-08               
       0.699158     7.16218e-08               
       0.700379     7.56008e-08               
       0.701599     7.56008e-08               
        0.70282     8.15693e-08               
       0.704041     7.95798e-08               
       0.705261     8.55483e-08               
       0.706482     7.85851e-08               
       0.707703     7.75903e-08               
       0.708924     7.16218e-08               
       0.710144     7.95798e-08               
       0.711365     8.05746e-08               
       0.712586     6.56534e-08               
       0.713806     7.16218e-08               
       0.715027     7.95798e-08               
       0.716247     7.16218e-08               
       0.717468      9.0522e-08               
       0.718689     5.96849e-08               
       0.719909     6.46586e-08               
       0.721131     8.75378e-08               
       0.722351     8.45536e-08               
       0.723572     7.95798e-08               
       0.724792     7.26166e-08               
       0.726013     7.36113e-08               
       0.727234     7.16218e-08               
       0.728455     7.75903e-08               
       0.729675     7.06271e-08               
       0.730896     7.56008e-08               
       0.732117     6.96323e-08               
       0.733337     6.76428e-08               
       0.734558     8.05746e-08               
       0.735779     7.26166e-08               
          0.737     7.06271e-08               
        0.73822     6.56534e-08               
       0.739441     7.65956e-08               
       0.740662     6.76428e-08               
       0.741883     7.95798e-08               
       0.743103     6.56534e-08               
       0.744324     6.76428e-08               
       0.745545     6.76428e-08               
       0.746765     7.26166e-08               
       0.747986     7.56008e-08               
       0.749206     6.96323e-08               
       0.750427     7.46061e-08               
       0.751648     5.17269e-08               
       0.752868     6.56534e-08               
        0.75409     7.06271e-08               
        0.75531     2.68582e-07               
       0.756531     6.36639e-08               
       0.757751     7.16218e-08               
       0.758972     6.86376e-08               
       0.760193     7.06271e-08               
       0.761413     6.16744e-08               
       0.762634     6.96323e-08               
       0.763855     7.36113e-08               
       0.765076     6.36639e-08               
       0.766296     7.26166e-08               
       0.767517     6.26691e-08               
       0.768738     5.96849e-08               
       0.769958     6.46586e-08               
       0.771179     6.66481e-08               
         0.7724     6.06796e-08               
       0.773621     5.76954e-08               
       0.774841     4.97374e-08               
       0.776062     6.76428e-08               
       0.777283     5.76954e-08               
       0.778504     8.75378e-08               
       0.779724     7.85851e-08               
       0.780945     6.16744e-08               
       0.782166     6.36639e-08               
       0.783386     8.75378e-08               
       0.784607     6.36639e-08               
       0.785828     1.32301e-07               
       0.787049     7.06271e-08               
       0.788269     1.63139e-07               
        0.78949     5.86901e-08               
       0.790711     6.76428e-08               
       0.791931     6.56534e-08               
       0.793152     5.47111e-08               
       0.794372     7.36113e-08               
       0.795593     5.57059e-08               
       0.796814     6.96323e-08               
       0.798034     6.26691e-08               
       0.799256     7.16218e-08               
       0.800476     5.96849e-08               
       0.801697     6.56534e-08               
       0.802917     6.46586e-08               
       0.804138     7.16218e-08               
       0.805359     5.47111e-08               
        0.80658     6.46586e-08               
         0.8078     6.96323e-08               
       0.809021     6.36639e-08               
       0.810242     7.26166e-08               
       0.811462     6.86376e-08               
       0.812683     6.16744e-08               
       0.813904     5.17269e-08               
       0.815125     4.67531e-08               
       0.816345     5.17269e-08               
       0.817566     7.16218e-08               
       0.818787     4.87426e-08               
       0.820007     5.96849e-08               
       0.821228     6.76428e-08               
       0.822449     5.57059e-08               
        0.82367     6.76428e-08               
        0.82489     4.97374e-08               
       0.826111     6.46586e-08               
       0.827331     5.86901e-08               
       0.828552     7.06271e-08               
       0.829773     4.57584e-08               
       0.830993     5.86901e-08               
       0.832215     5.27216e-08               
       0.833435     4.67531e-08               
       0.834656     6.16744e-08               
       0.835876     6.16744e-08               
       0.837097     4.77479e-08               
       0.838318     6.46586e-08               
       0.839538     4.27742e-08               
       0.840759     6.66481e-08               
        0.84198     6.26691e-08               
       0.843201     6.06796e-08               
       0.844421     6.96323e-08               
       0.845642     6.76428e-08               
       0.846863     6.66481e-08               
       0.848083     6.36639e-08               
       0.849304     5.47111e-08               
       0.850525     5.86901e-08               
       0.851746     5.86901e-08               
       0.852966     5.47111e-08               
       0.854187     5.86901e-08               
       0.855408     4.77479e-08               
       0.856629     5.07321e-08               
       0.857849     5.96849e-08               
        0.85907     5.67006e-08               
       0.860291     5.17269e-08               
       0.861511     8.65431e-08               
       0.862732     5.27216e-08               
       0.863953     6.06796e-08               
       0.865174     6.46586e-08               
       0.866394     5.86901e-08               
       0.867615     4.77479e-08               
       0.868836     5.67006e-08               
       0.870056     5.27216e-08               
       0.871277     4.37689e-08               
       0.872497     5.47111e-08               
       0.873718     5.76954e-08               
       0.874939     5.47111e-08               
       0.876159     5.96849e-08               
       0.877381     4.87426e-08               
       0.878601     5.67006e-08               
       0.879822     6.16744e-08               
       0.881042     5.76954e-08               
       0.882263     5.07321e-08               
       0.883484     6.86376e-08               
       0.884705     7.16218e-08               
       0.885925     5.37164e-08               
       0.887146     6.16744e-08               
       0.888367     6.26691e-08               
       0.889587     5.67006e-08               
       0.890808     4.77479e-08               
       0.892029     4.57584e-08               
        0.89325     7.06271e-08               
        0.89447     5.07321e-08               
       0.895691     5.96849e-08               
       0.896912     5.27216e-08               
       0.898133     4.97374e-08               
       0.899353     5.37164e-08               
       0.900574     4.77479e-08               
       0.901795     5.17269e-08               
       0.903015     4.07847e-08               
       0.904236     4.37689e-08               
       0.905456     5.86901e-08               
       0.906677     5.37164e-08               
       0.907898     4.67531e-08               
       0.909118     4.57584e-08               
        0.91034     5.17269e-08               
        0.91156     5.27216e-08               
       0.912781     5.57059e-08               
       0.914001     5.76954e-08               
       0.915222     7.75903e-08               
       0.916443     4.27742e-08               
       0.917663     4.97374e-08               
       0.918884     5.86901e-08               
       0.920105     5.37164e-08               
       0.921326     4.37689e-08               
       0.922546     6.46586e-08               
       0.923767     4.47636e-08               
       0.924988     5.57059e-08               
       0.926208     5.96849e-08               
       0.927429     5.27216e-08               
        0.92865     6.56534e-08               
       0.929871     4.97374e-08               
       0.931091     4.67531e-08               
       0.932312     4.47636e-08               
       0.933533     5.37164e-08               
       0.934754     3.68057e-08               
       0.935974     5.67006e-08               
       0.937195     4.97374e-08               
       0.938416     5.67006e-08               
       0.939636     5.96849e-08               
       0.940857     4.27742e-08               
       0.942078     3.58109e-08               
       0.943299     5.07321e-08               
       0.944519     4.77479e-08               
        0.94574     6.76428e-08               
       0.946961     5.17269e-08               
       0.948181     5.96849e-08               
       0.949402     4.37689e-08               
       0.950622     4.17794e-08               
       0.951843     4.87426e-08               
       0.953064     5.37164e-08               
       0.954284     5.17269e-08               
       0.955506     4.57584e-08               
       0.956726     4.57584e-08               
       0.957947     5.86901e-08               
       0.959167     5.27216e-08               
       0.960388     5.86901e-08               
       0.961609     5.17269e-08               
        0.96283     6.06796e-08               
        0.96405     5.27216e-08               
       0.965271     3.78004e-08               
       0.966492     3.48162e-08               
       0.967712     6.26691e-08               
       0.968933     3.68057e-08               
       0.970154     4.87426e-08               
       0.971375     5.17269e-08               
       0.972595     3.78004e-08               
       0.973816     5.07321e-08               
       0.975037     4.67531e-08               
       0.976257     4.37689e-08               
       0.977478     4.77479e-08               
       0.978699     4.47636e-08               
        0.97992     5.07321e-08               
        0.98114     4.77479e-08               
       0.982361     3.97899e-08               
       0.983581     5.76954e-08               
       0.984802     4.17794e-08               
       0.986023     4.47636e-08               
       0.987243     4.97374e-08               
       0.988465     4.17794e-08               
       0.989685     4.97374e-08               
       0.990906     5.37164e-08               
       0.992126     5.67006e-08               
       0.993347     4.67531e-08               
       0.994568     4.97374e-08               
       0.995788     3.48162e-08               
       0.997009     3.38214e-08               
        0.99823     3.78004e-08               
       0.999451     5.27216e-08               
        1.00067     3.38214e-08               
        1.00189     4.87426e-08               
        1.00311     4.57584e-08               
        1.00433     4.47636e-08               
        1.00555     3.97899e-08               
        1.00677     6.06796e-08               
        1.00799     4.37689e-08               
        1.00921     5.47111e-08               
        1.01043     4.57584e-08               
        1.01165     5.67006e-08               
        1.01287     4.57584e-08               
        1.01409     3.87952e-08               
        1.01531     4.47636e-08               
        1.01655     4.37689e-08               
        1.01777     5.27216e-08               
        1.01899     4.97374e-08               
        1.02021     4.37689e-08               
        1.02143     4.67531e-08               
        1.02265     3.58109e-08               
        1.02387     4.77479e-08               
        1.02509     4.37689e-08               
        1.02631     5.07321e-08               
        1.02753     3.87952e-08               
        1.02875     3.10361e-07               
        1.02997     4.27742e-08               
        1.03119     3.97899e-08               
        1.03241     4.47636e-08               
        1.03364     4.07847e-08               
        1.03486     5.07321e-08               
        1.03608     4.97374e-08               
         1.0373     4.27742e-08               
        1.03852     4.57584e-08               
        1.03974     3.87952e-08               
        1.04096     4.57584e-08               
        1.04218     3.58109e-08               
         1.0434     4.67531e-08               
        1.04462     4.37689e-08               
        1.04584     5.27216e-08               
        1.04706     3.28267e-08               
        1.04828     5.37164e-08               
         1.0495     3.68057e-08               
        1.05072     4.07847e-08               
        1.05194     4.67531e-08               
        1.05316     4.97374e-08               
        1.05438     4.57584e-08               
         1.0556     4.47636e-08               
        1.05682     3.68057e-08               
        1.05804     3.58109e-08               
        1.05926     4.67531e-08               
        1.06048     4.47636e-08               
         1.0617     3.38214e-08               
        1.06292     5.67006e-08               
        1.06414     4.27742e-08               
        1.06536     4.47636e-08               
        1.06658     3.87952e-08               
        1.06781     4.77479e-08               
        1.06903     4.27742e-08               
        1.07025     3.38214e-08               
        1.07147     4.57584e-08               
        1.07269     2.68582e-08               
        1.07391     2.98424e-08               
        1.07513     4.57584e-08               
        1.07635     4.47636e-08               
        1.07757     4.37689e-08               
        1.07879     4.87426e-08               
        1.08001     3.68057e-08               
        1.08123     4.17794e-08               
        1.08245     4.07847e-08               
        1.08367     4.87426e-08               
         1.0849     5.17269e-08               
        1.08613     2.98424e-08               
        1.08735     3.97899e-08               
        1.08857     4.47636e-08               
        1.08979     4.87426e-08               
        1.09101     4.27742e-08               
        1.09223     3.68057e-08               
        1.09345     4.47636e-08               
        1.09466     4.37689e-08               
        1.09588     3.78004e-08               
         1.0971     3.48162e-08               
        1.09832     3.87952e-08               
        1.09954     4.07847e-08               
        1.10076     3.58109e-08               
        1.10198     4.87426e-08               
        1.10322     4.27742e-08               
        1.10444     3.97899e-08               
        1.10566     4.47636e-08               
        1.10688     3.28267e-08               
         1.1081     4.47636e-08               
        1.10932     3.78004e-08               
        1.11054     3.87952e-08               
        1.11176     4.27742e-08               
        1.11298     4.07847e-08               
         1.1142     3.38214e-08               
        1.11542     3.08372e-08               
        1.11664     3.28267e-08               
        1.11786     3.87952e-08               
        1.11908     3.97899e-08               
        1.12031     2.98424e-08               
        1.12153     3.78004e-08               
        1.12275     3.48162e-08               
        1.12397     4.07847e-08               
        1.12519     4.57584e-08               
        1.12641     3.38214e-08               
        1.12763     3.68057e-08               
        1.12885     4.37689e-08               
        1.13007     3.58109e-08               
        1.13129     7.85851e-08               
        1.13251     4.27742e-08               
        1.13373     5.17269e-08               
        1.13495     3.48162e-08               
        1.13617     3.68057e-08               
        1.13739     2.38739e-08               
        1.13861     3.87952e-08               
        1.13983     4.27742e-08               
        1.14105     3.78004e-08               
        1.14227     3.48162e-08               
        1.14349     3.58109e-08               
        1.14471     3.38214e-08               
        1.14593     3.28267e-08               
        1.14715     4.47636e-08               
        1.14837     3.97899e-08               
        1.14959     3.38214e-08               
        1.15081     3.58109e-08               
        1.15203     3.68057e-08               
        1.15325     2.68582e-08               
        1.15448     4.07847e-08               
         1.1557     4.27742e-08               
        1.15692     3.68057e-08               
        1.15814     3.78004e-08               
        1.15936     4.07847e-08               
        1.16058     2.78529e-08               
         1.1618     5.17269e-08               
        1.16302     4.67531e-08               
        1.16424     3.13346e-07               
        1.16546     3.78004e-08               
        1.16668     3.68057e-08               
         1.1679     3.87952e-08               
        1.16912     3.38214e-08               
        1.17034     7.36113e-08               
        1.17157     3.68057e-08               
         1.1728     3.48162e-08               
        1.17402     3.78004e-08               
        1.17524     3.68057e-08               
        1.17646     3.97899e-08               
        1.17768     2.28792e-08               
         1.1789     3.58109e-08               
        1.18012     3.58109e-08               
        1.18134     4.47636e-08               
        1.18256     3.18319e-08               
        1.18378     4.07847e-08               
          1.185     3.68057e-08               
        1.18622     3.68057e-08               
        1.18744     5.07321e-08               
        1.18866     3.18319e-08               
        1.18989     2.68582e-08               
        1.19111     2.58634e-08               
        1.19233     2.78529e-08               
        1.19355     2.68582e-08               
        1.19477     3.68057e-08               
        1.19599     4.17794e-08               
        1.19721     3.58109e-08               
        1.19843     3.08372e-08               
        1.19965     3.18319e-08               
        1.20087     3.78004e-08               
        1.20209     3.68057e-08               
        1.20331     2.78529e-08               
        1.20453     2.88477e-08               
        1.20575     2.38739e-08               
        1.20697     3.18319e-08               
        1.20819     3.68057e-08               
        1.20941     3.58109e-08               
        1.21063     4.77479e-08               
        1.21185     3.18319e-08               
        1.21307     3.28267e-08               
        1.21429     3.78004e-08               
        1.21551     4.27742e-08               
        1.21673     2.88477e-08               
        1.21795     3.28267e-08               
        1.21917     2.68582e-08               
        1.22039     3.38214e-08               
        1.22161     3.97899e-08               
        1.22283     3.78004e-08               
        1.22406     3.28267e-08               
        1.22528     3.28267e-08               
         1.2265     3.97899e-08               
        1.22772     4.17794e-08               
        1.22894     3.28267e-08               
        1.23016     3.78004e-08               
        1.23138     3.38214e-08               
         1.2326     3.87952e-08               
        1.23382     3.48162e-08               
        1.23504     3.87952e-08               
        1.23626     3.58109e-08               
        1.23748     3.08372e-08               
         1.2387     2.98424e-08               
        1.23992     2.88477e-08               
        1.24115     3.18319e-08               
        1.24238     3.87952e-08               
         1.2436     2.78529e-08               
        1.24482     4.37689e-08               
        1.24604     3.18319e-08               
        1.24726     2.68582e-08               
        1.24848     3.08372e-08               
         1.2497     4.87426e-08               
        1.25091     3.48162e-08               
        1.25213     3.48162e-08               
        1.25335     3.48162e-08               
        1.25457     3.18319e-08               
        1.25579     3.48162e-08               
        1.25701     3.58109e-08               
        1.25823     2.88477e-08               
        1.25947     2.78529e-08               
        1.26069     3.48162e-08               
        1.26191     3.58109e-08               
        1.26313     3.08372e-08               
        1.26435     2.98424e-08               
        1.26557     3.18319e-08               
        1.26679     2.98424e-08               
        1.26801     2.38739e-08               
        1.26923     2.88477e-08               
        1.27045     2.18845e-08               
        1.27167     4.08841e-07               
        1.27289     2.78529e-08               
        1.27411     2.68582e-08               
        1.27533     3.08372e-08               
        1.27656     3.78004e-08               
        1.27778     3.28267e-08               
          1.279     2.68582e-08               
        1.28022     2.38739e-08               
        1.28144     2.88477e-08               
        1.28266     2.48687e-08               
        1.28388     3.28267e-08               
         1.2851     2.78529e-08               
        1.28632     3.78004e-08               
        1.28754     2.08897e-08               
        1.28876     3.18319e-08               
        1.28998     3.78004e-08               
         1.2912     2.08897e-08               
        1.29242     3.18319e-08               
        1.29364     2.48687e-08               
        1.29486     3.68057e-08               
        1.29608     3.48162e-08               
         1.2973     3.08372e-08               
        1.29852     3.48162e-08               
        1.29974     3.87952e-08               
        1.30096     2.98424e-08               
        1.30218     2.88477e-08               
         1.3034     2.78529e-08               
        1.30462     2.78529e-08               
        1.30584     3.38214e-08               
        1.30706     2.48687e-08               
        1.30828     3.18319e-08               
         1.3095     3.58109e-08               
        1.31073     2.68582e-08               
        1.31195     2.78529e-08               
        1.31317     3.78004e-08               
        1.31439     2.88477e-08               
        1.31561     3.18319e-08               
        1.31683     2.98424e-08               
        1.31805     3.38214e-08               
        1.31927     3.68057e-08               
        1.32049     2.88477e-08               
        1.32171     3.38214e-08               
        1.32293     3.78004e-08               
        1.32415     2.58634e-08               
        1.32537     3.38214e-08               
        1.32659     4.07847e-08               
        1.32781     4.47636e-08               
        1.32905     3.08372e-08               
        1.33027     2.58634e-08               
        1.33149     3.28267e-08               
        1.33271     3.48162e-08               
        1.33393     2.58634e-08               
        1.33515     2.78529e-08               
        1.33637     3.58109e-08               
        1.33759     3.87952e-08               
        1.33881     3.08372e-08               
        1.34003     2.98424e-08               
        1.34125     2.58634e-08               
        1.34247     1.79055e-08               
        1.34369     2.98424e-08               
        1.34491     3.48162e-08               
        1.34614     2.08897e-08               
        1.34736     2.78529e-08               
        1.34858     2.28792e-08               
         1.3498     2.18845e-08               
        1.35102     2.68582e-08               
        1.35224     2.18845e-08               
        1.35346     3.28267e-08               
        1.35468     1.79055e-08               
         1.3559     3.28267e-08               
        1.35712     2.38739e-08               
        1.35834     2.78529e-08               
        1.35956     3.78004e-08               
        1.36078     3.28267e-08               
          1.362     3.68057e-08               
        1.36322     2.58634e-08               
        1.36444     3.58109e-08               
        1.36566     3.38214e-08               
        1.36688     4.07847e-08               
         1.3681     3.08372e-08               
        1.36932     3.08372e-08               
        1.37054     2.98424e-08               
        1.37176     3.18319e-08               
        1.37298     3.97899e-08               
         1.3742     2.58634e-08               
        1.37542     2.88477e-08               
        1.37664     3.28267e-08               
        1.37786     2.18845e-08               
        1.37908     4.07847e-08               
        1.38031     2.38739e-08               
        1.38153     3.28267e-08               
        1.38275     3.18319e-08               
        1.38397     2.48687e-08               
        1.38519     2.58634e-08               
        1.38641     2.48687e-08               
        1.38763     2.98424e-08               
        1.38885     2.38739e-08               
        1.39007     3.58109e-08               
        1.39129     3.18319e-08               
        1.39251     3.58109e-08               
        1.39373     3.78004e-08               
        1.39495     2.58634e-08               
        1.39617     2.48687e-08               
         1.3974     3.08372e-08               
        1.39863     2.78529e-08               
        1.39985     2.88477e-08               
        1.40107     3.87952e-08               
        1.40229     2.98424e-08               
        1.40351     3.08372e-08               
        1.40473     3.38214e-08               
        1.40595     3.28267e-08               
        1.40716     3.97899e-08               
        1.40838     3.78004e-08               
         1.4096     2.88477e-08               
        1.41082     1.69107e-08               
        1.41204     2.78529e-08               
        1.41326     3.38214e-08               
        1.41448     2.68582e-08               
        1.41572     3.18319e-08               
        1.41694     2.48687e-08               
        1.41816     3.38214e-08               
        1.41938     2.28792e-08               
         1.4206     2.98424e-08               
        1.42182     2.48687e-08               
        1.42304     3.78004e-08               
        1.42426     2.18845e-08               
        1.42548     2.78529e-08               
         1.4267     2.58634e-08               
        1.42792     2.38739e-08               
        1.42914     2.38739e-08               
        1.43036     3.38214e-08               
        1.43158     2.78529e-08               
        1.43281     3.68057e-08               
        1.43403     2.78529e-08               
        1.43525     3.08372e-08               
        1.43647     2.98424e-08               
        1.43769     2.28792e-08               
        1.43891     2.28792e-08               
        1.44013     3.58109e-08               
        1.44135     2.18845e-08               
        1.44257     2.88477e-08               
        1.44379     2.58634e-08               
        1.44501     1.12406e-07               
        1.44623     2.58634e-08               
        1.44745     2.58634e-08               
        1.44867     2.48687e-08               
        1.44989     2.58634e-08               
        1.45111     3.38214e-08               
        1.45233     2.68582e-08               
        1.45355     2.78529e-08               
        1.45477     2.38739e-08               
        1.45599     3.28267e-08               
        1.45721     3.28267e-08               
        1.45843     2.88477e-08               
        1.45965     2.18845e-08               
        1.46087     2.98424e-08               
        1.46209     2.38739e-08               
        1.46331     2.08897e-08               
        1.46453     2.68582e-08               
        1.46575     2.98424e-08               
        1.46698     2.58634e-08               
         1.4682     2.28792e-08               
        1.46942     2.68582e-08               
        1.47064     2.78529e-08               
        1.47186     2.78529e-08               
        1.47308     2.48687e-08               
         1.4743     3.38214e-08               
        1.47552     2.08897e-08               
        1.47674     3.18319e-08               
        1.47796     3.28267e-08               
        1.47918     2.38739e-08               
         1.4804     2.68582e-08               
        1.48162     2.28792e-08               
        1.48284     2.88477e-08               
        1.48407     2.78529e-08               
         1.4853     2.28792e-08               
        1.48652     2.58634e-08               
        1.48774     3.48162e-08               
        1.48896     2.48687e-08               
        1.49018     3.87952e-08               
         1.4914     2.08897e-08               
        1.49262     2.88477e-08               
        1.49384     2.78529e-08               
        1.49506     2.68582e-08               
        1.49628     2.68582e-08               
         1.4975     2.48687e-08               
        1.49872     2.68582e-08               
        1.49994     2.08897e-08               
        1.50116     3.48162e-08               
        1.50239     2.48687e-08               
        1.50361     2.18845e-08               
        1.50483     2.98424e-08               
        1.50605     3.18319e-08               
        1.50727     2.58634e-08               
        1.50849     3.08372e-08               
        1.50971     3.28267e-08               
        1.51093     2.48687e-08               
        1.51215     3.08372e-08               
        1.51337     3.18319e-08               
        1.51459     3.28267e-08               
        1.51581     3.48162e-08               
        1.51703     2.48687e-08               
        1.51825     2.18845e-08               
        1.51947     2.58634e-08               
        1.52069     2.68582e-08               
        1.52191     2.58634e-08               
        1.52313     2.68582e-08               
        1.52435     2.08897e-08               
        1.52557      1.5916e-08               
        1.52679     2.78529e-08               
        1.52801     2.48687e-08               
        1.52923     2.48687e-08               
        1.53045     2.08897e-08               
        1.53167     2.58634e-08               
        1.53289     1.69107e-08               
        1.53411     2.88477e-08               
        1.53533     2.58634e-08               
        1.53656     2.08897e-08               
        1.53778     2.08897e-08               
          1.539     3.87952e-08               
        1.54022     2.88477e-08               
        1.54144     2.58634e-08               
        1.54266     3.28267e-08               
        1.54388     3.08372e-08               
         1.5451     2.68582e-08               
        1.54632     2.28792e-08               
        1.54754     2.48687e-08               
        1.54876     2.18845e-08               
        1.54998     2.98424e-08               
         1.5512     1.49212e-08               
        1.55242     2.48687e-08               
        1.55365     3.48162e-08               
        1.55488     2.28792e-08               
         1.5561     2.58634e-08               
        1.55732     2.58634e-08               
        1.55854     1.69107e-08               
        1.55976     2.58634e-08               
        1.56098     2.58634e-08               
         1.5622     2.48687e-08               
        1.56341     2.18845e-08               
        1.56463     2.28792e-08               
        1.56585     2.98424e-08               
        1.56707     2.38739e-08               
        1.56829     2.88477e-08               
        1.56951     2.48687e-08               
        1.57073     3.08372e-08               
        1.57197     2.18845e-08               
        1.57319      1.9895e-08               
        1.57441     3.08372e-08               
        1.57563     2.38739e-08               
        1.57685     2.28792e-08               
        1.57807     3.87952e-08               
        1.57929     2.58634e-08               
        1.58051     2.28792e-08               
        1.58173     2.38739e-08               
        1.58295     2.88477e-08               
        1.58417     2.18845e-08               
        1.58539     2.98424e-08               
        1.58661      1.9895e-08               
        1.58783     2.58634e-08               
        1.58906     2.58634e-08               
        1.59028     2.78529e-08               
         1.5915     2.48687e-08               
        1.59272      1.9895e-08               
        1.59394     1.89002e-08               
        1.59516      1.5916e-08               
        1.59638     2.18845e-08               
         1.5976     2.58634e-08               
        1.59882     1.89002e-08               
        1.60004     2.78529e-08               
        1.60126     6.36639e-08               
        1.60248      1.5916e-08               
         1.6037     2.78529e-08               
        1.60492     2.38739e-08               
        1.60614     1.49212e-08               
        1.60736     2.18845e-08               
        1.60858      1.9895e-08               
         1.6098     2.08897e-08               
        1.61102     2.48687e-08               
        1.61224     2.18845e-08               
        1.61346     3.08372e-08               
        1.61468     2.98424e-08               
         1.6159     3.68057e-08               
        1.61712     2.18845e-08               
        1.61834     2.78529e-08               
        1.61956     1.89002e-08               
        1.62078     2.38739e-08               
          1.622      1.9895e-08               
        1.62323     2.78529e-08               
        1.62445     2.48687e-08               
        1.62567      1.9895e-08               
        1.62689     3.38214e-08               
        1.62811     2.98424e-08               
        1.62933     2.58634e-08               
        1.63055     2.48687e-08               
        1.63177     3.18319e-08               
        1.63299     2.38739e-08               
        1.63421     2.08897e-08               
        1.63543     2.58634e-08               
        1.63665     2.88477e-08               
        1.63787     1.79055e-08               
        1.63909     3.28267e-08               
        1.64031     2.88477e-08               
        1.64155     2.38739e-08               
        1.64277     2.78529e-08               
        1.64399      1.9895e-08               
        1.64521     2.68582e-08               
        1.64643     1.89002e-08               
        1.64765     3.68057e-08               
        1.64887     2.48687e-08               
        1.65009      1.9895e-08               
        1.65131     2.58634e-08               
        1.65253     2.48687e-08               
        1.65375     2.08897e-08               
        1.65497     2.48687e-08               
        1.65619     2.18845e-08               
        1.65741     2.38739e-08               
        1.65864     2.88477e-08               
        1.65986     1.79055e-08               
        1.66108     2.28792e-08               
         1.6623     2.18845e-08               
        1.66352     1.79055e-08               
        1.66474     1.79055e-08               
        1.66596     2.28792e-08               
        1.66718     2.88477e-08               
         1.6684     2.98424e-08               
        1.66962     1.79055e-08               
        1.67084     2.28792e-08               
        1.67206     2.38739e-08               
        1.67328     2.18845e-08               
         1.6745     1.79055e-08               
        1.67572     2.28792e-08               
        1.67694      1.9895e-08               
        1.67816     2.48687e-08               
        1.67938     2.28792e-08               
         1.6806     2.18845e-08               
        1.68182     1.69107e-08               
        1.68304     3.68057e-08               
        1.68426      1.9895e-08               
        1.68548     2.68582e-08               
         1.6867     2.08897e-08               
        1.68792      1.9895e-08               
        1.68914     2.98424e-08               
        1.69036     2.48687e-08               
        1.69158     2.38739e-08               
        1.69281     3.68057e-08               
        1.69403     2.58634e-08               
        1.69525     1.49212e-08               
        1.69647      1.5916e-08               
        1.69769     2.08897e-08               
        1.69891      1.9895e-08               
        1.70013     1.29317e-08               
        1.70135     2.78529e-08               
        1.70257      1.9895e-08               
        1.70379     2.38739e-08               
        1.70501      1.9895e-08               
        1.70623      1.5916e-08               
        1.70745      1.9895e-08               
        1.70867     2.38739e-08               
         1.7099     2.88477e-08               
        1.71113     2.28792e-08               
        1.71235     3.78004e-08               
        1.71357     2.18845e-08               
        1.71479     2.08897e-08               
        1.71601      1.5916e-08               
        1.71723     2.68582e-08               
        1.71845     2.08897e-08               
        1.71966     2.88477e-08               
        1.72088     1.49212e-08               
         1.7221     2.78529e-08               
        1.72332     2.58634e-08               
        1.72454     2.78529e-08               
        1.72576     1.69107e-08               
        1.72698     2.38739e-08               
        1.72822     1.89002e-08               
        1.72944     2.08897e-08               
        1.73066      1.5916e-08               
        1.73188     1.69107e-08               
         1.7331     2.78529e-08               
        1.73432     2.48687e-08               
        1.73554     2.28792e-08               
        1.73676     1.79055e-08               
        1.73798     3.18319e-08               
         1.7392     1.89002e-08               
        1.74042     2.38739e-08               
        1.74164     1.79055e-08               
        1.74286     3.38214e-08               
        1.74408     2.08897e-08               
        1.74531      1.5916e-08               
        1.74653     2.58634e-08               
        1.74775     2.08897e-08               
        1.74897     2.58634e-08               
        1.75019     2.18845e-08               
        1.75141     1.79055e-08               
        1.75263     2.08897e-08               
        1.75385      1.9895e-08               
        1.75507     2.38739e-08               
        1.75629     1.79055e-08               
        1.75751     2.28792e-08               
        1.75873     2.78529e-08               
        1.75995     1.69107e-08               
        1.76117     2.18845e-08               
        1.76239      1.5916e-08               
        1.76361     2.38739e-08               
        1.76483     2.08897e-08               
        1.76605     1.89002e-08               
        1.76727     2.18845e-08               
        1.76849     2.08897e-08               
        1.76971      1.9895e-08               
        1.77093     2.58634e-08               
        1.77215     2.38739e-08               
        1.77337     1.79055e-08               
        1.77459     1.79055e-08               
        1.77581     1.89002e-08               
        1.77703     1.69107e-08               
        1.77825     2.18845e-08               
        1.77948     2.38739e-08               
         1.7807     2.38739e-08               
        1.78192     2.28792e-08               
        1.78314     2.68582e-08               
        1.78436     2.48687e-08               
        1.78558     1.89002e-08               
         1.7868     2.18845e-08               
        1.78802     3.58109e-08               
        1.78924     1.39265e-08               
        1.79046     2.18845e-08               
        1.79168     2.38739e-08               
         1.7929     2.58634e-08               
        1.79412     2.88477e-08               
        1.79534      1.9895e-08               
        1.79657     2.18845e-08               
         1.7978     2.38739e-08               
        1.79902     2.68582e-08               
        1.80024     2.18845e-08               
        1.80146     2.18845e-08               
        1.80268     1.49212e-08               
         1.8039     2.88477e-08               
        1.80512     2.88477e-08               
        1.80634     2.58634e-08               
        1.80756     2.68582e-08               
        1.80878     2.48687e-08               
           1.81     2.68582e-08               
        1.81122     1.69107e-08               
        1.81244     2.48687e-08               
        1.81366     2.28792e-08               
        1.81489     2.08897e-08               
        1.81611     1.89002e-08               
        1.81733     1.89002e-08               
        1.81855     2.28792e-08               
        1.81977      1.5916e-08               
        1.82099     2.18845e-08               
        1.82221     2.08897e-08               
        1.82343      1.9895e-08               
        1.82465     2.68582e-08               
        1.82587     1.69107e-08               
        1.82709      1.9895e-08               
        1.82831     3.48162e-08               
        1.82953     1.79055e-08               
        1.83075     2.28792e-08               
        1.83197     2.78529e-08               
        1.83319     1.69107e-08               
        1.83441     1.49212e-08               
        1.83563     2.08897e-08               
        1.83685      1.9895e-08               
        1.83807     1.89002e-08               
        1.83929     2.28792e-08               
        1.84051     2.18845e-08               
        1.84173      1.5916e-08               
        1.84295     2.48687e-08               
        1.84417     1.49212e-08               
        1.84539     1.69107e-08               
        1.84661     3.18319e-08               
        1.84783     1.69107e-08               
        1.84906     2.68582e-08               
        1.85028     2.28792e-08               
         1.8515     1.69107e-08               
        1.85272     2.58634e-08               
        1.85394     3.28267e-08               
        1.85516     2.48687e-08               
        1.85638      1.9895e-08               
         1.8576     2.48687e-08               
        1.85882     1.39265e-08               
        1.86004     2.18845e-08               
        1.86126     1.69107e-08               
        1.86248     2.68582e-08               
         1.8637     2.18845e-08               
        1.86492     2.38739e-08               
        1.86615     2.28792e-08               
        1.86738     2.28792e-08               
         1.8686     2.08897e-08               
        1.86982     1.89002e-08               
        1.87104     2.08897e-08               
        1.87226      1.5916e-08               
        1.87348     3.08372e-08               
         1.8747     2.08897e-08               
        1.87591     1.39265e-08               
        1.87713     2.18845e-08               
        1.87835     1.29317e-08               
        1.87957     1.89002e-08               
        1.88079     2.18845e-08               
        1.88201     2.38739e-08               
        1.88323     1.09422e-08               
        1.88447     1.49212e-08               
        1.88569     2.08897e-08               
        1.88691     2.38739e-08               
        1.88813     2.58634e-08               
        1.88935     2.08897e-08               
        1.89057     2.98424e-08               
        1.89179     2.38739e-08               
        1.89301     1.79055e-08               
        1.89423     1.89002e-08               
        1.89545      1.9895e-08               
        1.89667     2.38739e-08               
        1.89789      1.5916e-08               
        1.89911     2.08897e-08               
        1.90033     1.89002e-08               
        1.90156     2.38739e-08               
        1.90278     2.78529e-08               
          1.904     2.98424e-08               
        1.90522     2.08897e-08               
        1.90644     1.79055e-08               
        1.90766     2.18845e-08               
        1.90888      1.5916e-08               
         1.9101     2.38739e-08               
        1.91132     2.58634e-08               
        1.91254      1.5916e-08               
        1.91376      1.5916e-08               
        1.91498     2.28792e-08               
         1.9162     2.08897e-08               
        1.91742     2.28792e-08               
        1.91864     1.89002e-08               
        1.91986     1.69107e-08               
        1.92108     2.08897e-08               
         1.9223     1.89002e-08               
        1.92352      1.9895e-08               
        1.92474     2.18845e-08               
        1.92596     1.79055e-08               
        1.92718      1.9895e-08               
         1.9284     1.49212e-08               
        1.92962     2.28792e-08               
        1.93084      1.5916e-08               
        1.93206     2.38739e-08               
        1.93328     1.39265e-08               
         1.9345     2.38739e-08               
        1.93573     9.94748e-09               
        1.93695     3.68057e-08               
        1.93817     1.79055e-08               
        1.93939      1.5916e-08               
        1.94061     1.79055e-08               
        1.94183     2.78529e-08               
        1.94305     1.49212e-08               
        1.94427      1.9895e-08               
        1.94549     1.29317e-08               
        1.94671     1.89002e-08               
        1.94793     2.18845e-08               
        1.94915      1.5916e-08               
        1.95037     2.81514e-07               
        1.95159       9.848e-08               
        1.95281     1.49212e-08               
        1.95405     1.29317e-08               
        1.95527     2.28792e-08               
        1.95649     1.39265e-08               
        1.95771     1.89002e-08               
        1.95893     1.80049e-07               
        1.96015      1.1937e-08               
        1.96137     1.09422e-08               
        1.96259     2.18845e-08               
        1.96381     1.89002e-08               
        1.96503     2.68582e-08               
        1.96625      1.9895e-08               
        1.96747     1.89002e-08               
        1.96869     1.39265e-08               
        1.96991      1.5916e-08               
        1.97114     2.28792e-08               
        1.97236     2.08897e-08               
        1.97358     2.18845e-08               
         1.9748     3.48162e-08               
        1.97602      1.9895e-08               
        1.97724     2.28792e-08               
        1.97846     1.69107e-08               
        1.97968     2.18845e-08               
         1.9809     2.38739e-08               
        1.98212     2.78529e-08               
        1.98334     2.68582e-08               
        1.98456     1.89002e-08               
        1.98578     1.79055e-08               
          1.987     1.69107e-08               
        1.98822     2.78529e-08               
        1.98944     2.38739e-08               
        1.99066     1.69107e-08               
        1.99188      1.1937e-08               
         1.9931     1.29317e-08               
        1.99432      1.9895e-08               
        1.99554     2.48687e-08               
        1.99676     2.58634e-08               
        1.99798     1.79055e-08               
         1.9992     1.89002e-08               
        2.00042     2.08897e-08               
        2.00164     1.79055e-08               
        2.00286     1.89002e-08               
        2.00408     2.58634e-08               
        2.00531     1.29317e-08               
        2.00653      1.1937e-08               
        2.00775     1.89002e-08               
        2.00897     2.58634e-08               
        2.01019     1.89002e-08               
        2.01141     1.79055e-08               
        2.01263     2.88477e-08               
        2.01385     2.78529e-08               
        2.01507     1.49212e-08               
        2.01629     2.18845e-08               
        2.01751     1.39265e-08               
        2.01873     1.69107e-08               
        2.01995     1.79055e-08               
        2.02117     1.89002e-08               
         2.0224      1.9895e-08               
        2.02363     2.18845e-08               
        2.02485     1.29317e-08               
        2.02607     2.08897e-08               
        2.02729      1.5916e-08               
        2.02851     2.58634e-08               
        2.02973     2.28792e-08               
        2.03095     2.88477e-08               
        2.03216     2.28792e-08               
        2.03338     1.69107e-08               
         2.0346     3.48162e-08               
        2.03582     2.38739e-08               
        2.03704     2.08897e-08               
        2.03826     1.29317e-08               
        2.03948     1.69107e-08               
        2.04072     2.38739e-08               
        2.04194     1.39265e-08               
        2.04316     2.08897e-08               
        2.04438     2.08897e-08               
         2.0456     9.94748e-09               
        2.04682      1.5916e-08               
        2.04804     1.79055e-08               
        2.04926     1.79055e-08               
        2.05048      1.9895e-08               
         2.0517     1.49212e-08               
        2.05292      1.9895e-08               
        2.05414     1.89002e-08               
        2.05536     1.69107e-08               
        2.05658     2.28792e-08               
        2.05781     1.49212e-08               
        2.05903      1.9895e-08               
        2.06025     8.95273e-09               
        2.06147     2.48687e-08               
        2.06269      1.5916e-08               
        2.06391     1.89002e-08               
        2.06513     1.79055e-08               
        2.06635     2.88477e-08               
        2.06757      1.5916e-08               
        2.06879     2.28792e-08               
        2.07001     1.49212e-08               
        2.07123      1.9895e-08               
        2.07245     1.69107e-08               
        2.07367      1.9895e-08               
        2.07489     3.48162e-08               
        2.07612     2.28792e-08               
        2.07734     1.49212e-08               
        2.07856     1.39265e-08               
        2.07978     1.09422e-08               
          2.081     2.98424e-08               
        2.08222     2.48687e-08               
        2.08344     1.69107e-08               
        2.08466     1.79055e-08               
        2.08588      1.9895e-08               
         2.0871      1.5916e-08               
        2.08832     1.39265e-08               
        2.08954     1.39265e-08               
        2.09076     3.08372e-08               
        2.09198     2.18845e-08               
        2.09321     2.18845e-08               
        2.09443     1.79055e-08               
        2.09565     1.69107e-08               
        2.09687     1.09422e-08               
        2.09809     1.69107e-08               
        2.09931     3.18319e-08               
        2.10053     2.18845e-08               
        2.10175      1.5916e-08               
        2.10297     1.29317e-08               
        2.10419      1.9895e-08               
        2.10541      1.5916e-08               
        2.10663      1.5916e-08               
        2.10785     1.89002e-08               
        2.10907     7.95798e-09               
        2.11029      1.9895e-08               
        2.11151      1.5916e-08               
        2.11273     1.79055e-08               
        2.11395     1.69107e-08               
        2.11517      1.9895e-08               
        2.11639     2.78529e-08               
        2.11761     1.89002e-08               
        2.11883     1.89002e-08               
        2.12005     2.18845e-08               
        2.12127     1.69107e-08               
        2.12249     9.94748e-09               
        2.12371     2.08897e-08               
        2.12493     2.38739e-08               
        2.12615     1.79055e-08               
        2.12738     1.79055e-08               
         2.1286      1.1937e-08               
        2.12982      1.9895e-08               
        2.13104      1.5916e-08               
        2.13226     2.58634e-08               
        2.13348     1.89002e-08               
         2.1347     2.58634e-08               
        2.13592     1.39265e-08               
        2.13714      1.9895e-08               
        2.13836     1.49212e-08               
        2.13958     1.69107e-08               
         2.1408     1.89002e-08               
        2.14202     1.79055e-08               
        2.14324     1.79055e-08               
        2.14447     1.09422e-08               
        2.14569      1.5916e-08               
        2.14691     1.79055e-08               
        2.14813     2.48687e-08               
        2.14935     2.08897e-08               
        2.15057     1.49212e-08               
        2.15179     1.69107e-08               
        2.15301     1.69107e-08               
        2.15423     1.49212e-08               
        2.15545     2.18845e-08               
        2.15667     1.89002e-08               
        2.15789     2.38739e-08               
        2.15911     2.08897e-08               
        2.16033      1.1937e-08               
        2.16156     1.79055e-08               
        2.16278     2.18845e-08               
          2.164      1.9895e-08               
        2.16522     1.39265e-08               
        2.16644     2.08897e-08               
        2.16766     9.94748e-09               
        2.16888     1.49212e-08               
         2.1701      1.5916e-08               
        2.17132      1.5916e-08               
        2.17254      1.1937e-08               
        2.17376     1.29317e-08               
        2.17498     1.29317e-08               
         2.1762     1.89002e-08               
        2.17742     1.39265e-08               
        2.17865     1.39265e-08               
        2.17988     1.69107e-08               
         2.1811     1.89002e-08               
        2.18232     1.69107e-08               
        2.18354     1.79055e-08               
        2.18476     1.39265e-08               
        2.18598     1.29317e-08               
         2.1872     1.69107e-08               
        2.18841     2.08897e-08               
        2.18963      1.1937e-08               
        2.19085     1.09422e-08               
        2.19207     1.79055e-08               
        2.19329     1.69107e-08               
        2.19451     1.09422e-08               
        2.19573     1.69107e-08               
        2.19697     2.08897e-08               
        2.19819      1.9895e-08               
        2.19941     2.48687e-08               
        2.20063     1.89002e-08               
        2.20185     2.08897e-08               
        2.20307     2.88477e-08               
        2.20429     1.89002e-08               
        2.20551     2.48687e-08               
        2.20673     2.48687e-08               
        2.20795      1.1937e-08               
        2.20917     2.08897e-08               
        2.21039     1.89002e-08               
        2.21161     1.49212e-08               
        2.21283     1.89002e-08               
        2.21406      1.9895e-08               
        2.21528     1.79055e-08               
         2.2165     2.08897e-08               
        2.21772      1.9895e-08               
        2.21894     2.18845e-08               
        2.22016     1.49212e-08               
        2.22138     1.69107e-08               
         2.2226     4.59772e-06               
        2.22382     2.18845e-08               
        2.22504     1.79055e-08               
        2.22626     1.29317e-08               
        2.22748     6.96323e-09               
         2.2287     2.08897e-08               
        2.22992     2.28792e-08               
        2.23114     1.69107e-08               
        2.23237     6.96323e-09               
        2.23359      1.1937e-08               
        2.23481      1.5916e-08               
        2.23603      1.9895e-08               
        2.23725     2.48687e-08               
        2.23847      1.1937e-08               
        2.23969     2.68582e-08               
        2.24091      1.1937e-08               
        2.24213     1.69107e-08               
        2.24335     1.39265e-08               
        2.24457     1.49212e-08               
        2.24579     1.79055e-08               
        2.24701     1.29317e-08               
        2.24823     1.49212e-08               
        2.24946     1.09422e-08               
        2.25068      1.1937e-08               
         2.2519     1.29317e-08               
        2.25312     2.08897e-08               
        2.25434      1.9895e-08               
        2.25556     8.95273e-09               
        2.25678     1.49212e-08               
          2.258     1.39265e-08               
        2.25922     1.69107e-08               
        2.26044      1.1937e-08               
        2.26166      1.1937e-08               
        2.26288     9.94748e-09               
         2.2641     1.49212e-08               
        2.26532     2.08897e-08               
        2.26654      1.9895e-08               
        2.26776      1.1937e-08               
        2.26898     2.28792e-08               
         2.2702     7.95798e-09               
        2.27142      1.5916e-08               
        2.27264      1.5916e-08               
        2.27386     1.49212e-08               
        2.27508      1.5916e-08               
         2.2763      1.1937e-08               
        2.27752     7.95798e-09               
        2.27874     1.29317e-08               
        2.27996     1.49212e-08               
        2.28118     1.79055e-08               
         2.2824     1.39265e-08               
        2.28363     1.29317e-08               
        2.28485     1.29317e-08               
        2.28607      1.5916e-08               
        2.28729     1.69107e-08               
        2.28851     1.79055e-08               
        2.28973     1.79055e-08               
        2.29095      1.5916e-08               
        2.29217     1.49212e-08               
        2.29339     1.39265e-08               
        2.29461     2.38739e-08               
        2.29583      1.1937e-08               
        2.29705     6.96323e-09               
        2.29827     1.09422e-08               
        2.29949      1.5916e-08               
        2.30072     1.79055e-08               
        2.30194     1.69107e-08               
        2.30316     2.18845e-08               
        2.30438      1.1937e-08               
         2.3056     3.08372e-08               
        2.30682     4.97374e-09               
        2.30804      1.1937e-08               
        2.30926     1.69107e-08               
        2.31048     1.49212e-08               
         2.3117     4.47636e-08               
        2.31292     1.09422e-08               
        2.31414      1.1937e-08               
        2.31536     1.69107e-08               
        2.31658     1.09422e-08               
        2.31781      1.5916e-08               
        2.31903     1.69107e-08               
        2.32025     1.79055e-08               
        2.32147     1.29317e-08               
        2.32269      1.5916e-08               
        2.32391     1.39265e-08               
        2.32513     1.49212e-08               
        2.32635     1.29317e-08               
        2.32757     8.95273e-09               
        2.32879     9.94748e-09               
        2.33001     2.08897e-08               
        2.33123     1.69107e-08               
        2.33245     9.94748e-09               
        2.33367     8.95273e-09               
         2.3349     2.68582e-08               
        2.33613     1.79055e-08               
        2.33735     1.39265e-08               
        2.33857     1.89002e-08               
        2.33979     9.94748e-09               
        2.34101     1.79055e-08               
        2.34223     1.69107e-08               
        2.34345     1.49212e-08               
        2.34466     9.94748e-09               
        2.34588     1.49212e-08               
         2.3471     1.09422e-08               
        2.34832      1.1937e-08               
        2.34954     1.09422e-08               
        2.35076     2.08897e-08               
        2.35198     1.29317e-08               
        2.35322      1.5916e-08               
        2.35444      1.5916e-08               
        2.35566     1.69107e-08               
        2.35688      1.1937e-08               
         2.3581     1.89002e-08               
        2.35932     1.29317e-08               
        2.36054     1.49212e-08               
        2.36176     1.39265e-08               
        2.36298     1.09422e-08               
         2.3642      1.1937e-08               
        2.36542     1.39265e-08               
        2.36664     8.95273e-09               
        2.36786     8.95273e-09               
        2.36908     9.94748e-09               
        2.37031      1.1937e-08               
        2.37153     1.39265e-08               
        2.37275      1.5916e-08               
        2.37397      1.1937e-08               
        2.37519     1.29317e-08               
        2.37641     1.69107e-08               
        2.37763     1.69107e-08               
        2.37885     1.69107e-08               
        2.38007     2.28792e-08               
        2.38129      1.5916e-08               
        2.38251     1.89002e-08               
        2.38373     1.09422e-08               
        2.38495     9.94748e-09               
        2.38617     1.29317e-08               
        2.38739     1.29317e-08               
        2.38862     1.29317e-08               
        2.38984     1.09422e-08               
        2.39106     1.29317e-08               
        2.39228     1.69107e-08               
         2.3935     1.09422e-08               
        2.39472      1.5916e-08               
        2.39594     1.69107e-08               
        2.39716     1.49212e-08               
        2.39838     1.69107e-08               
         2.3996     1.69107e-08               
