       0.296326     2.96037e-07              
       0.297546     2.45106e-07              
       0.298767     2.88079e-07              
       0.299988     2.65797e-07              
       0.301208     2.78529e-07              
       0.302429     3.35827e-07              
        0.30365     2.16457e-07              
        0.30487     2.61022e-07              
       0.306091     2.51472e-07              
       0.307312     2.06908e-07              
       0.308533     2.91262e-07              
       0.309754      3.0877e-07              
       0.310974     2.54655e-07              
       0.312195     2.64205e-07              
       0.313416     2.41923e-07              
       0.314636     2.46697e-07              
       0.315857     1.94175e-07              
       0.317078     2.89671e-07              
       0.318299     2.14866e-07              
       0.319519     2.43514e-07              
        0.32074     2.06908e-07              
        0.32196     1.94175e-07              
       0.323181     2.18049e-07              
       0.324402     2.14866e-07              
       0.325623     1.81442e-07              
       0.326843     2.24415e-07              
       0.328064     2.05316e-07              
       0.329284     2.37148e-07              
       0.330506     2.27598e-07              
       0.331726     1.70301e-07              
       0.332947     2.22823e-07              
       0.334168     2.30781e-07              
       0.335388     2.57839e-07              
       0.336609     1.84625e-07              
        0.33783     1.94175e-07              
        0.33905      2.2919e-07              
       0.340271     2.53064e-07              
       0.341492     2.27598e-07              
       0.342712     2.14866e-07              
       0.343933     2.03724e-07              
       0.345154     1.65526e-07              
       0.346375       1.894e-07              
       0.347595     1.81442e-07              
       0.348816      1.9895e-07              
       0.350036     1.92583e-07              
       0.351257     2.30781e-07              
       0.352478      1.7985e-07              
       0.353699      1.4961e-07              
       0.354919     1.97358e-07              
        0.35614     1.97358e-07              
       0.357361     1.55976e-07              
       0.358581     2.02133e-07              
       0.359802     1.87808e-07              
       0.361023     2.06908e-07              
       0.362243     1.67118e-07              
       0.363464     1.94175e-07              
       0.364685     2.13274e-07              
       0.365906     2.21232e-07              
       0.367127     2.00541e-07              
       0.368347     1.52793e-07              
       0.369568     1.54385e-07              
       0.370788     1.78259e-07              
       0.372009     1.90992e-07              
        0.37323     1.67118e-07              
       0.374451     1.68709e-07              
       0.375671      1.9895e-07              
       0.376892     1.63934e-07              
       0.378113     1.68709e-07              
       0.379333      1.5916e-07              
       0.380554     1.73484e-07              
       0.381775     1.73484e-07              
       0.382995     1.33694e-07              
       0.384216     1.70301e-07              
       0.385437     1.65526e-07              
       0.386658     1.87808e-07              
       0.387879       1.894e-07              
       0.389099     1.63934e-07              
        0.39032      1.9895e-07              
       0.391541     1.67118e-07              
       0.392761     1.83034e-07              
       0.393982     1.52793e-07              
