       0.592956     5.72975e-08              
       0.594177     7.16218e-08              
       0.595398      9.0721e-08              
       0.596618     7.16218e-08              
        0.59784     6.36639e-08              
        0.59906     5.25227e-08              
       0.600281     6.20723e-08              
       0.601501     5.72975e-08              
       0.602722     6.36639e-08              
       0.603943     8.91294e-08              
       0.605163     6.84386e-08              
       0.606384     7.00302e-08              
       0.607605     6.20723e-08              
       0.608826     5.57059e-08              
       0.610046     5.09311e-08              
       0.611267      6.6847e-08              
       0.612488     6.52555e-08              
       0.613708     4.93395e-08              
       0.614929      6.6847e-08              
        0.61615      8.2763e-08              
       0.617371     7.32134e-08              
       0.618591     7.32134e-08              
       0.619812     7.63966e-08              
       0.621033      6.6847e-08              
       0.622254     6.52555e-08              
       0.623474     7.16218e-08              
       0.624695     6.84386e-08              
       0.625916     6.84386e-08              
       0.627136     3.66067e-08              
       0.628357     6.52555e-08              
       0.629578     6.36639e-08              
       0.630799     5.72975e-08              
       0.632019     5.88891e-08              
        0.63324     5.72975e-08              
       0.634461     5.72975e-08              
       0.635681     7.32134e-08              
       0.636902     6.84386e-08              
       0.638122     5.72975e-08              
       0.639343     8.43546e-08              
       0.640564     4.45647e-08              
       0.641784     5.41143e-08              
       0.643006     6.20723e-08              
       0.644226     7.16218e-08              
       0.645447     4.77479e-08              
       0.646667     6.04807e-08              
       0.647888     5.41143e-08              
       0.649109     5.88891e-08              
        0.65033     5.57059e-08              
        0.65155     3.66067e-08              
       0.652771     6.04807e-08              
       0.653992     5.88891e-08              
       0.655212     4.29731e-08              
       0.656433     6.36639e-08              
       0.657654     6.20723e-08              
       0.658875     6.04807e-08              
       0.660095     5.41143e-08              
       0.661316     5.72975e-08              
       0.662537     7.16218e-08              
       0.663757     4.93395e-08              
       0.664978     6.04807e-08              
       0.666199     5.72975e-08              
        0.66742     6.36639e-08              
        0.66864     5.09311e-08              
       0.669861     4.93395e-08              
       0.671081     4.77479e-08              
       0.672302     5.25227e-08              
       0.673523      8.2763e-08              
       0.674743     6.52555e-08              
       0.675965     6.52555e-08              
       0.677185     4.93395e-08              
       0.678406     6.04807e-08              
       0.679626     5.41143e-08              
       0.680847     5.72975e-08              
       0.682068     4.45647e-08              
       0.683288      6.6847e-08              
       0.684509     4.29731e-08              
        0.68573      6.6847e-08              
       0.686951     5.41143e-08              
       0.688171     5.88891e-08              
       0.689392     5.88891e-08              
       0.690613     5.57059e-08              
