        0.49408     1.03454e-07              
         0.4953     1.00271e-07              
       0.496521     9.70874e-08              
       0.497742     1.00271e-07              
       0.498962     1.13003e-07              
       0.500183     1.43244e-07              
       0.501404      9.8679e-08              
       0.502625     1.17778e-07              
       0.503845     1.35286e-07              
       0.505066      1.0982e-07              
       0.506287     1.00271e-07              
       0.507507     1.17778e-07              
       0.508728     1.24145e-07              
       0.509949     1.05045e-07              
        0.51117     5.72975e-06              
        0.51239     9.54958e-08              
       0.513611     7.32134e-08              
       0.514831     9.23126e-08              
       0.516052      8.2763e-08              
       0.517273     8.11714e-08              
       0.518493     8.59462e-08              
       0.519715     9.23126e-08              
       0.520935     8.59462e-08              
       0.522156     9.39042e-08              
       0.523376      8.2763e-08              
       0.524597      7.4805e-08              
       0.525818     6.36639e-08              
       0.527038     7.63966e-08              
       0.528259     8.75378e-08              
        0.52948     6.84386e-08              
       0.530701     8.75378e-08              
       0.531921     7.95798e-08              
       0.533142      9.0721e-08              
       0.534363     1.06637e-07              
       0.535583     9.70874e-08              
       0.536804     1.05045e-07              
       0.538025      8.2763e-08              
       0.539246     6.04807e-08              
       0.540466     8.43546e-08              
       0.541687     8.11714e-08              
       0.542908     7.16218e-08              
       0.544129     1.00271e-07              
       0.545349      7.4805e-08              
        0.54657     7.16218e-08              
       0.547791     7.63966e-08              
       0.549011      9.0721e-08              
       0.550232     7.95798e-08              
       0.551453     7.95798e-08              
       0.552674     1.13003e-07              
       0.553894     7.00302e-08              
       0.555115      8.2763e-08              
       0.556336     7.79882e-08              
       0.557556      9.8679e-08              
       0.558777      6.6847e-08              
       0.559997      7.4805e-08              
       0.561218      1.1937e-07              
       0.562439     1.06637e-07              
       0.563659     7.95798e-08              
       0.564881     7.00302e-08              
       0.566101     5.41143e-08              
       0.567322     7.63966e-08              
       0.568542     8.43546e-08              
       0.569763     7.95798e-08              
       0.570984      7.4805e-08              
       0.572205     9.39042e-08              
       0.573425     5.57059e-08              
       0.574646     1.01862e-07              
       0.575867     9.23126e-08              
       0.577087     7.16218e-08              
       0.578308     7.79882e-08              
       0.579529     7.79882e-08              
        0.58075      9.0721e-08              
        0.58197      6.6847e-08              
       0.583191     8.43546e-08              
       0.584412     6.52555e-08              
       0.585633     8.11714e-08              
       0.586853      6.6847e-08              
       0.588074      6.6847e-08              
       0.589295     7.63966e-08              
       0.590515     7.95798e-08              
       0.591736     8.59462e-08              
