              0     2.54655e-08              
    0.000915526     2.06908e-08              
     0.00213623     4.77479e-09              
     0.00335694      1.5916e-09              
     0.00457764      1.5916e-09              
     0.00579834               0              
     0.00701904     4.77479e-09              
     0.00823974      1.5916e-09              
     0.00946044     6.36639e-09              
      0.0106812     6.36639e-09              
      0.0119019      1.5916e-09              
      0.0131226     6.36639e-09              
      0.0143433     1.11412e-08              
       0.015564     1.75076e-08              
      0.0167846      1.5916e-07              
      0.0180053     2.22823e-07              
      0.0192261     1.90992e-07              
      0.0204468     2.16457e-07              
      0.0216675     1.87808e-07              
      0.0228882     1.83034e-07              
      0.0241089     2.21232e-07              
      0.0253296     2.03724e-07              
      0.0265503     2.80121e-07              
       0.027771     3.19911e-07              
      0.0289917     3.91533e-07              
      0.0302124      4.8862e-07              
      0.0314331     6.25497e-07              
      0.0326538     8.06939e-07              
      0.0338745     8.65828e-07              
      0.0350952      9.7724e-07              
      0.0363159     1.18892e-06              
      0.0375366     1.29078e-06              
      0.0387573     1.39901e-06              
      0.0399781     1.53907e-06              
      0.0411988     1.61388e-06              
      0.0424194     1.69346e-06              
      0.0436402     1.75553e-06              
      0.0448608      1.8001e-06              
      0.0460815     1.80965e-06              
      0.0473023     1.92106e-06              
      0.0485229     1.87808e-06              
      0.0497437     2.00064e-06              
      0.0509644     1.93538e-06              
       0.052185     2.05793e-06              
      0.0534058     1.93061e-06              
      0.0546265     1.94971e-06              
      0.0558471     1.92265e-06              
      0.0570679      1.9688e-06              
      0.0582886     1.91947e-06              
      0.0595093     1.96244e-06              
        0.06073      1.7985e-06              
      0.0619507     1.88922e-06              
      0.0631714     1.96085e-06              
      0.0643921     1.87808e-06              
      0.0656128     1.83829e-06              
      0.0668335     1.86694e-06              
      0.0680542     1.88922e-06              
      0.0692749     1.83034e-06              
      0.0704956     1.72529e-06              
      0.0717163     1.77622e-06              
       0.072937     1.76508e-06              
      0.0741577      1.7046e-06              
      0.0753784     1.69028e-06              
      0.0765991     1.71733e-06              
      0.0778198     1.73643e-06              
      0.0790406     1.69982e-06              
      0.0802613     1.63298e-06              
      0.0814819     1.68232e-06              
      0.0827027     1.60751e-06              
      0.0839234     1.49928e-06              
       0.085144     1.53112e-06              
      0.0863647     1.45154e-06              
      0.0875855     1.62025e-06              
      0.0888062     1.49451e-06              
      0.0900268     1.64253e-06              
      0.0912476     1.48973e-06              
      0.0924683     1.46745e-06              
      0.0936889     1.49769e-06              
      0.0949096     1.51361e-06              
      0.0961304     1.52793e-06              
       0.097351     1.35604e-06              
