      0.0985718     1.41811e-06              
      0.0997927     1.49928e-06              
       0.101013      1.4022e-06              
       0.102234     1.30829e-06              
       0.103455     1.30988e-06              
       0.104675     1.32421e-06              
       0.105896     1.33057e-06              
       0.107117     1.34172e-06              
       0.108338     1.26691e-06              
       0.109558     1.25895e-06              
       0.110779       1.364e-06              
          0.112     1.22871e-06              
        0.11322     1.25099e-06              
       0.114441      1.1364e-06              
       0.115662     1.20802e-06              
       0.116883     1.21439e-06              
       0.118103     1.21916e-06              
       0.119324     1.20802e-06              
       0.120544     1.16505e-06              
       0.121765     1.18892e-06              
       0.122986     1.08865e-06              
       0.124206     1.11253e-06              
       0.125427     1.16187e-06              
       0.126648     1.15868e-06              
       0.127868     1.07751e-06              
        0.12909      9.7724e-07              
        0.13031        1.06e-06              
       0.131531      1.0409e-06              
       0.132752     1.05045e-06              
       0.133972     1.02021e-06              
       0.135193     9.99523e-07              
       0.136414     9.69282e-07              
       0.137634     1.05841e-06              
       0.138855     1.00271e-06              
       0.140076     9.34267e-07              
       0.141296     9.54958e-07              
       0.142517     9.19943e-07              
       0.143738     8.18081e-07              
       0.144958     9.32675e-07              
       0.146179     9.51775e-07              
         0.1474     9.80423e-07              
        0.14862     8.91294e-07              
       0.149841     7.89432e-07              
       0.151062     8.94477e-07              
       0.152283     8.29222e-07              
       0.153504     8.13306e-07              
       0.154724     8.02165e-07              
       0.155945     7.92615e-07              
       0.157166     8.14897e-07              
       0.158386     7.79882e-07              
       0.159607     8.30813e-07              
       0.160828     8.40363e-07              
       0.162048     7.63966e-07              
       0.163269     7.67149e-07              
        0.16449     7.49642e-07              
        0.16571     7.24176e-07              
       0.166931     7.11444e-07              
       0.168152     7.59191e-07              
       0.169372     7.33726e-07              
       0.170593     7.95798e-07              
       0.171814     7.78291e-07              
       0.173034     7.30543e-07              
       0.174256     7.79882e-07              
       0.175476     7.32134e-07              
       0.176697     7.51233e-07              
       0.177918     7.03486e-07              
       0.179138     6.71654e-07              
       0.180359     6.44597e-07              
        0.18158     6.00032e-07              
         0.1828     6.62104e-07              
       0.184021     6.41413e-07              
       0.185242     6.00032e-07              
       0.186462      6.0799e-07              
       0.187683     6.14356e-07              
       0.188904     5.95257e-07              
       0.190124     6.12765e-07              
       0.191345     6.57329e-07              
       0.192566     5.72975e-07              
       0.193786     6.22314e-07              
       0.195007     5.87299e-07              
       0.196228     5.53876e-07              
