       0.790711     4.93395e-08              
       0.791931     4.93395e-08              
       0.793152     3.34235e-08              
       0.794372     4.29731e-08              
       0.795593     3.66067e-08              
       0.796814     5.72975e-08              
       0.798034     4.13815e-08              
       0.799256     5.09311e-08              
       0.800476     5.25227e-08              
       0.801697     5.09311e-08              
       0.802917     4.61563e-08              
       0.804138     5.09311e-08              
       0.805359     4.93395e-08              
        0.80658     3.97899e-08              
         0.8078     4.13815e-08              
       0.809021     5.25227e-08              
       0.810242     6.52555e-08              
       0.811462     4.13815e-08              
       0.812683     4.93395e-08              
       0.813904     3.66067e-08              
       0.815125     4.61563e-08              
       0.816345     5.57059e-08              
       0.817566     3.66067e-08              
       0.818787     4.29731e-08              
       0.820007     4.29731e-08              
       0.821228     6.20723e-08              
       0.822449     3.02403e-08              
        0.82367     4.13815e-08              
        0.82489     4.29731e-08              
       0.826111     3.97899e-08              
       0.827331     5.25227e-08              
       0.828552     2.86487e-08              
       0.829773     5.41143e-08              
       0.830993     4.29731e-08              
       0.832215     4.45647e-08              
       0.833435     4.13815e-08              
       0.834656     5.88891e-08              
       0.835876     4.45647e-08              
       0.837097     3.50151e-08              
       0.838318     5.09311e-08              
       0.839538     4.29731e-08              
       0.840759     3.97899e-08              
        0.84198     4.13815e-08              
       0.843201     4.13815e-08              
       0.844421     5.25227e-08              
       0.845642     3.97899e-08              
       0.846863     4.13815e-08              
       0.848083     5.41143e-08              
       0.849304     3.66067e-08              
       0.850525     4.61563e-08              
       0.851746     6.04807e-08              
       0.852966     5.57059e-08              
       0.854187     4.93395e-08              
       0.855408     3.81983e-08              
       0.856629     4.45647e-08              
       0.857849     3.97899e-08              
        0.85907     5.25227e-08              
       0.860291     6.20723e-08              
       0.861511     5.72975e-08              
       0.862732     5.41143e-08              
       0.863953     5.25227e-08              
       0.865174     5.09311e-08              
       0.866394     3.81983e-08              
       0.867615     4.93395e-08              
       0.868836     3.81983e-08              
       0.870056     2.86487e-08              
       0.871277     2.54655e-08              
       0.872497     3.66067e-08              
       0.873718     3.66067e-08              
       0.874939     3.66067e-08              
       0.876159     3.34235e-08              
       0.877381     4.45647e-08              
       0.878601     3.18319e-08              
       0.879822     4.61563e-08              
       0.881042     2.86487e-08              
       0.882263     2.86487e-08              
       0.883484     3.50151e-08              
       0.884705     3.81983e-08              
       0.885925     4.77479e-08              
       0.887146     3.97899e-08              
       0.888367     4.61563e-08              
