       0.691833     6.84386e-08              
       0.693054     5.88891e-08              
       0.694275     5.09311e-08              
       0.695496     5.88891e-08              
       0.696716     8.59462e-08              
       0.697937     5.41143e-08              
       0.699158     4.45647e-08              
       0.700379     4.77479e-08              
       0.701599     4.61563e-08              
        0.70282     5.88891e-08              
       0.704041     5.88891e-08              
       0.705261     4.61563e-08              
       0.706482     4.45647e-08              
       0.707703     6.52555e-08              
       0.708924     6.20723e-08              
       0.710144     6.52555e-08              
       0.711365     6.52555e-08              
       0.712586     6.20723e-08              
       0.713806     5.72975e-08              
       0.715027     4.93395e-08              
       0.716247     5.41143e-08              
       0.717468     4.13815e-08              
       0.718689     5.09311e-08              
       0.719909     4.61563e-08              
       0.721131     4.29731e-08              
       0.722351     6.52555e-08              
       0.723572     3.97899e-08              
       0.724792     5.41143e-08              
       0.726013     5.09311e-08              
       0.727234     5.88891e-08              
       0.728455     4.29731e-08              
       0.729675     4.45647e-08              
       0.730896     4.45647e-08              
       0.732117     5.09311e-08              
       0.733337     6.04807e-08              
       0.734558     5.41143e-08              
       0.735779     5.25227e-08              
          0.737     4.13815e-08              
        0.73822     5.09311e-08              
       0.739441     5.09311e-08              
       0.740662     4.29731e-08              
       0.741883     5.88891e-08              
       0.743103     5.57059e-08              
       0.744324     6.04807e-08              
       0.745545     5.25227e-08              
       0.746765     5.41143e-08              
       0.747986     6.36639e-08              
       0.749206     4.13815e-08              
       0.750427     4.45647e-08              
       0.751648     5.09311e-08              
       0.752868     4.29731e-08              
        0.75409     4.93395e-08              
        0.75531     6.84386e-08              
       0.756531     4.29731e-08              
       0.757751     4.61563e-08              
       0.758972     4.93395e-08              
       0.760193     7.16218e-08              
       0.761413     5.88891e-08              
       0.762634     4.77479e-08              
       0.763855     5.25227e-08              
       0.765076     5.72975e-08              
       0.766296     4.61563e-08              
       0.767517     4.93395e-08              
       0.768738     2.86487e-08              
       0.769958     5.88891e-08              
       0.771179     3.34235e-08              
         0.7724     5.25227e-08              
       0.773621     3.18319e-08              
       0.774841     3.81983e-08              
       0.776062     3.66067e-08              
       0.777283     6.20723e-08              
       0.778504     5.41143e-08              
       0.779724     3.81983e-08              
       0.780945     3.81983e-08              
       0.782166     5.25227e-08              
       0.783386     5.88891e-08              
       0.784607     3.81983e-08              
       0.785828     6.36639e-08              
       0.787049     3.97899e-08              
       0.788269     4.61563e-08              
        0.78949     4.13815e-08              
