       0.395203     1.63934e-07              
       0.396424      1.5916e-07              
       0.397644     1.67118e-07              
       0.398865     1.60751e-07              
       0.400085     1.33694e-07              
       0.401306     1.46427e-07              
       0.402527     1.55976e-07              
       0.403748     1.52793e-07              
       0.404968     1.27328e-07              
       0.406189     1.43244e-07              
       0.407409     1.84625e-07              
       0.408631     1.62343e-07              
       0.409851     1.63934e-07              
       0.411072      1.1937e-07              
       0.412293     1.33694e-07              
       0.413513     1.57568e-07              
       0.414734     1.33694e-07              
       0.415955     1.60751e-07              
       0.417175     1.78259e-07              
       0.418396     1.60751e-07              
       0.419617     1.14595e-07              
       0.420837     1.55976e-07              
       0.422058     1.36877e-07              
       0.423279     1.22553e-07              
         0.4245     1.27328e-07              
        0.42572     1.25736e-07              
       0.426941     1.32102e-07              
       0.428161     1.32102e-07              
       0.429383     1.30511e-07              
       0.430603     1.57568e-07              
       0.431824     1.24145e-07              
       0.433044     1.17778e-07              
       0.434265     1.17778e-07              
       0.435486     1.48018e-07              
       0.436706     1.32102e-07              
       0.437927     1.06637e-07              
       0.439148     1.38469e-07              
       0.440368      1.4961e-07              
       0.441589     1.71892e-07              
        0.44281     1.22553e-07              
       0.444031     1.55976e-07              
       0.445252     1.38469e-07              
       0.446472     1.14595e-07              
       0.447693      1.1937e-07              
       0.448913     1.14595e-07              
       0.450134     1.20961e-07              
       0.451355     1.11412e-07              
       0.452576     1.14595e-07              
       0.453796     1.25736e-07              
       0.455017     1.25736e-07              
       0.456238     1.35286e-07              
       0.457458     1.54385e-07              
       0.458679     1.33694e-07              
         0.4599     1.28919e-07              
        0.46112     1.33694e-07              
       0.462341     1.24145e-07              
       0.463562     1.36877e-07              
       0.464783     1.22553e-07              
       0.466004     1.35286e-07              
       0.467224     1.11412e-07              
       0.468445     1.24145e-07              
       0.469666      1.4006e-07              
       0.470886     1.33694e-07              
       0.472107     9.54958e-08              
       0.473328     8.43546e-08              
       0.474549     1.38469e-07              
       0.475769     1.22553e-07              
        0.47699     1.06637e-07              
        0.47821     1.32102e-07              
       0.479431     1.28919e-07              
       0.480652     1.43244e-07              
       0.481873     1.20961e-07              
       0.483093     1.20961e-07              
       0.484314      1.1937e-07              
       0.485534     1.28919e-07              
       0.486756     9.23126e-08              
       0.487976     1.28919e-07              
       0.489197     1.20961e-07              
       0.490418     8.59462e-08              
       0.491638     1.13003e-07              
       0.492859      1.0982e-07              
