        1.00067     1.90992e-08               
        1.00189     3.81983e-08               
        1.00311     3.18319e-08               
        1.00433     4.45647e-08               
        1.00555     3.18319e-08               
        1.00677     3.02403e-08               
        1.00799     2.38739e-08               
        1.00921     3.66067e-08               
        1.01043     3.66067e-08               
        1.01165     3.81983e-08               
        1.01287     4.29731e-08               
        1.01409     3.50151e-08               
        1.01531     3.81983e-08               
        1.01655     4.29731e-08               
        1.01777     3.18319e-08               
        1.01899     2.70571e-08               
        1.02021     2.70571e-08               
        1.02143     3.34235e-08               
        1.02265     3.02403e-08               
        1.02387     3.50151e-08               
        1.02509     3.34235e-08               
        1.02631     3.18319e-08               
        1.02753     3.50151e-08               
        1.02875     4.13815e-08               
        1.02997     4.61563e-08               
        1.03119     2.86487e-08               
        1.03241     4.29731e-08               
        1.03364     3.02403e-08               
        1.03486     2.54655e-08               
        1.03608     2.54655e-08               
         1.0373     2.54655e-08               
        1.03852     4.13815e-08               
        1.03974     2.54655e-08               
        1.04096     3.81983e-08               
        1.04218     4.13815e-08               
         1.0434     2.22823e-08               
        1.04462     3.97899e-08               
        1.04584     3.66067e-08               
        1.04706     2.86487e-08               
        1.04828     3.81983e-08               
         1.0495     3.18319e-08               
        1.05072     1.90992e-08               
        1.05194     2.22823e-08               
        1.05316     2.86487e-08               
        1.05438     2.86487e-08               
         1.0556     2.54655e-08               
        1.05682     2.06908e-08               
        1.05804     3.66067e-08               
        1.05926     3.66067e-08               
        1.06048     2.54655e-08               
         1.0617     3.50151e-08               
        1.06292     1.90992e-08               
        1.06414     2.22823e-08               
        1.06536     2.70571e-08               
        1.06658     2.54655e-08               
        1.06781     2.38739e-08               
        1.06903     2.06908e-08               
        1.07025     4.13815e-08               
        1.07147     3.97899e-08               
        1.07269     4.45647e-08               
        1.07391     1.90992e-08               
        1.07513     3.18319e-08               
        1.07635     2.06908e-08               
        1.07757     4.93395e-08               
        1.07879     3.50151e-08               
        1.08001     2.86487e-08               
        1.08123     2.54655e-08               
        1.08245     2.38739e-08               
        1.08367     2.38739e-08               
         1.0849     3.34235e-08               
        1.08613     2.54655e-08               
        1.08735     2.86487e-08               
        1.08857     3.18319e-08               
        1.08979     3.18319e-08               
        1.09101     3.02403e-08               
        1.09223     3.50151e-08               
        1.09345     2.22823e-08               
        1.09466     3.97899e-08               
        1.09588     4.93395e-08               
         1.0971     3.34235e-08               
        1.09832     2.86487e-08               
        1.09954     3.02403e-08               
        1.10076     2.70571e-08               
        1.10198     4.29731e-08               
        1.10322     2.86487e-08               
        1.10444     3.02403e-08               
        1.10566     2.38739e-08               
        1.10688     4.13815e-08               
         1.1081     3.34235e-08               
        1.10932     2.70571e-08               
        1.11054     2.54655e-08               
        1.11176     2.38739e-08               
        1.11298     2.86487e-08               
         1.1142     2.22823e-08               
        1.11542     2.06908e-08               
        1.11664     3.81983e-08               
        1.11786     4.45647e-08               
        1.11908     3.81983e-08               
        1.12031     2.70571e-08               
        1.12153      1.5916e-08               
        1.12275     2.54655e-08               
        1.12397     3.34235e-08               
        1.12519     3.18319e-08               
        1.12641     3.97899e-08               
        1.12763     2.70571e-08               
        1.12885     3.97899e-08               
        1.13007     3.66067e-08               
        1.13129     2.38739e-08               
        1.13251     3.02403e-08               
        1.13373     1.75076e-08               
        1.13495     2.86487e-08               
        1.13617     3.02403e-08               
        1.13739     3.34235e-08               
        1.13861     3.34235e-08               
        1.13983     2.54655e-08               
        1.14105     2.06908e-08               
        1.14227     2.38739e-08               
        1.14349     1.43244e-08               
        1.14471     2.38739e-08               
        1.14593     2.06908e-08               
        1.14715     3.66067e-08               
        1.14837     2.54655e-08               
        1.14959     2.06908e-08               
        1.15081     3.18319e-08               
        1.15203     4.13815e-08               
        1.15325     2.22823e-08               
        1.15448     1.27328e-08               
         1.1557     1.90992e-08               
        1.15692     2.86487e-08               
        1.15814     2.06908e-08               
        1.15936     2.70571e-08               
        1.16058     3.02403e-08               
         1.1618     2.06908e-08               
        1.16302     2.86487e-08               
        1.16424     3.02403e-08               
        1.16546     2.70571e-08               
        1.16668     2.22823e-08               
         1.1679     3.02403e-08               
        1.16912     3.02403e-08               
        1.17034     2.38739e-08               
        1.17157     3.34235e-08               
         1.1728     1.11412e-08               
        1.17402     2.06908e-08               
        1.17524     3.34235e-08               
        1.17646     2.38739e-08               
        1.17768     2.86487e-08               
         1.1789     2.06908e-08               
        1.18012     3.18319e-08               
        1.18134     1.11412e-08               
        1.18256     1.90992e-08               
        1.18378     4.13815e-08               
          1.185     3.02403e-08               
        1.18622     2.22823e-08               
        1.18744     2.54655e-08               
        1.18866     2.38739e-08               
        1.18989     4.45647e-08               
        1.19111     2.86487e-08               
        1.19233     3.81983e-08               
        1.19355     2.86487e-08               
        1.19477     2.54655e-08               
        1.19599     3.18319e-08               
        1.19721     3.02403e-08               
        1.19843     2.86487e-08               
        1.19965     3.66067e-08               
        1.20087     2.70571e-08               
        1.20209     3.18319e-08               
        1.20331     3.18319e-08               
        1.20453     2.38739e-08               
        1.20575     2.38739e-08               
        1.20697     2.22823e-08               
        1.20819     3.81983e-08               
        1.20941     2.54655e-08               
        1.21063     1.75076e-08               
        1.21185     2.06908e-08               
        1.21307     2.22823e-08               
        1.21429     2.22823e-08               
        1.21551     2.22823e-08               
        1.21673      1.5916e-08               
        1.21795     2.54655e-08               
        1.21917     2.06908e-08               
        1.22039     2.70571e-08               
        1.22161     2.54655e-08               
        1.22283     2.86487e-08               
        1.22406     2.38739e-08               
        1.22528     9.54958e-09               
         1.2265     2.38739e-08               
        1.22772     2.54655e-08               
        1.22894     3.02403e-08               
        1.23016     2.70571e-08               
        1.23138     2.38739e-08               
         1.2326     2.86487e-08               
        1.23382     2.86487e-08               
        1.23504     4.77479e-08               
        1.23626     4.45647e-08               
        1.23748     3.81983e-08               
         1.2387      1.5916e-08               
        1.23992     2.06908e-08               
        1.24115     2.22823e-08               
        1.24238     1.75076e-08               
         1.2436     2.54655e-08               
        1.24482     2.38739e-08               
        1.24604     2.70571e-08               
        1.24726     3.02403e-08               
        1.24848     2.54655e-08               
         1.2497     3.81983e-08               
        1.25091     2.06908e-08               
        1.25213     3.34235e-08               
        1.25335     2.54655e-08               
        1.25457     3.18319e-08               
        1.25579     2.06908e-08               
        1.25701     2.54655e-08               
        1.25823     1.90992e-08               
        1.25947     3.34235e-08               
        1.26069     2.86487e-08               
        1.26191     2.86487e-08               
        1.26313     1.43244e-08               
        1.26435     2.06908e-08               
        1.26557     2.54655e-08               
        1.26679     3.18319e-08               
        1.26801     2.38739e-08               
        1.26923     3.02403e-08               
        1.27045      1.5916e-08               
        1.27167     1.90992e-08               
        1.27289     4.29731e-08               
        1.27411     1.75076e-08               
        1.27533      1.5916e-08               
        1.27656     2.38739e-08               
        1.27778     2.38739e-08               
          1.279     2.70571e-08               
        1.28022     2.06908e-08               
        1.28144     3.18319e-08               
        1.28266     2.54655e-08               
        1.28388     2.38739e-08               
         1.2851     3.34235e-08               
        1.28632     4.77479e-08               
        1.28754     1.90992e-08               
        1.28876     2.70571e-08               
        1.28998     1.75076e-08               
         1.2912     2.86487e-08               
        1.29242     2.54655e-08               
        1.29364     2.38739e-08               
        1.29486     2.70571e-08               
        1.29608     2.70571e-08               
         1.2973     2.70571e-08               
        1.29852     2.22823e-08               
        1.29974     2.54655e-08               
        1.30096     3.02403e-08               
        1.30218     1.75076e-08               
         1.3034     2.70571e-08               
        1.30462     2.70571e-08               
        1.30584     3.34235e-08               
        1.30706     3.18319e-08               
        1.30828     2.06908e-08               
         1.3095     3.50151e-08               
        1.31073     2.54655e-08               
        1.31195     1.43244e-08               
        1.31317     2.06908e-08               
        1.31439     1.90992e-08               
        1.31561     2.70571e-08               
        1.31683     2.06908e-08               
        1.31805     2.70571e-08               
        1.31927     1.75076e-08               
        1.32049     2.38739e-08               
        1.32171     2.06908e-08               
        1.32293     2.54655e-08               
        1.32415     2.54655e-08               
        1.32537     1.90992e-08               
        1.32659      1.5916e-08               
        1.32781     2.86487e-08               
        1.32905     2.38739e-08               
        1.33027     3.50151e-08               
        1.33149     3.34235e-08               
        1.33271     2.22823e-08               
        1.33393     2.54655e-08               
        1.33515     2.86487e-08               
        1.33637     2.06908e-08               
        1.33759     3.97899e-08               
        1.33881     2.54655e-08               
        1.34003     2.38739e-08               
        1.34125     2.54655e-08               
        1.34247     3.50151e-08               
        1.34369     3.18319e-08               
        1.34491     2.06908e-08               
        1.34614      1.5916e-08               
        1.34736     2.22823e-08               
        1.34858     2.54655e-08               
         1.3498     2.70571e-08               
        1.35102     2.38739e-08               
        1.35224     2.38739e-08               
        1.35346     2.38739e-08               
        1.35468     2.86487e-08               
         1.3559     3.34235e-08               
        1.35712      1.5916e-08               
        1.35834     1.27328e-08               
        1.35956     3.18319e-08               
        1.36078     2.54655e-08               
          1.362     1.90992e-08               
        1.36322     1.75076e-08               
        1.36444     2.38739e-08               
        1.36566     2.22823e-08               
        1.36688     3.66067e-08               
         1.3681     2.70571e-08               
        1.36932     2.86487e-08               
        1.37054     2.06908e-08               
        1.37176     1.27328e-08               
        1.37298     2.38739e-08               
         1.3742     2.38739e-08               
        1.37542     2.38739e-08               
        1.37664     1.75076e-08               
        1.37786     3.18319e-08               
        1.37908     1.90992e-08               
        1.38031     3.02403e-08               
        1.38153     1.90992e-08               
        1.38275     2.70571e-08               
        1.38397     2.86487e-08               
        1.38519     3.34235e-08               
        1.38641     2.54655e-08               
        1.38763     2.06908e-08               
        1.38885      1.5916e-08               
        1.39007     1.75076e-08               
        1.39129     2.38739e-08               
        1.39251     2.54655e-08               
        1.39373     1.90992e-08               
        1.39495     1.43244e-08               
        1.39617     1.75076e-08               
         1.3974     2.06908e-08               
        1.39863     1.90992e-08               
        1.39985     1.75076e-08               
        1.40107     1.90992e-08               
        1.40229     1.75076e-08               
        1.40351     7.95798e-09               
        1.40473     2.86487e-08               
        1.40595     2.54655e-08               
        1.40716     2.22823e-08               
        1.40838     3.02403e-08               
         1.4096     1.27328e-08               
        1.41082     2.22823e-08               
        1.41204     2.22823e-08               
        1.41326     2.38739e-08               
        1.41448     2.22823e-08               
        1.41572     3.18319e-08               
        1.41694     2.38739e-08               
        1.41816     3.18319e-08               
        1.41938     1.90992e-08               
