        1.00067     4.77479e-08               
        1.00189     3.02403e-08               
        1.00311     4.13815e-08               
        1.00433     4.77479e-08               
        1.00555     3.81983e-08               
        1.00677     4.13815e-08               
        1.00799     4.93395e-08               
        1.00921     3.97899e-08               
        1.01043     4.77479e-08               
        1.01165     4.29731e-08               
        1.01287     4.93395e-08               
        1.01409     3.97899e-08               
        1.01531     4.61563e-08               
        1.01655     3.34235e-08               
        1.01777     4.45647e-08               
        1.01899     3.97899e-08               
        1.02021     4.29731e-08               
        1.02143     5.25227e-08               
        1.02265     5.09311e-08               
        1.02387     5.25227e-08               
        1.02509     4.29731e-08               
        1.02631     4.61563e-08               
        1.02753     3.50151e-08               
        1.02875     4.29731e-08               
        1.02997     3.81983e-08               
        1.03119     3.81983e-08               
        1.03241     3.34235e-08               
        1.03364     3.02403e-08               
        1.03486     4.13815e-08               
        1.03608     3.50151e-08               
         1.0373     4.93395e-08               
        1.03852     4.77479e-08               
        1.03974     4.93395e-08               
        1.04096     3.66067e-08               
        1.04218     3.34235e-08               
         1.0434     3.97899e-08               
        1.04462     4.61563e-08               
        1.04584     4.29731e-08               
        1.04706     5.41143e-08               
        1.04828     4.29731e-08               
         1.0495     5.25227e-08               
        1.05072     3.34235e-08               
        1.05194     3.02403e-08               
        1.05316     5.25227e-08               
        1.05438     4.61563e-08               
         1.0556     4.61563e-08               
        1.05682     3.81983e-08               
        1.05804     4.45647e-08               
        1.05926     3.02403e-08               
        1.06048     4.61563e-08               
         1.0617     3.81983e-08               
        1.06292     4.45647e-08               
        1.06414     4.13815e-08               
        1.06536     3.50151e-08               
        1.06658     2.70571e-08               
        1.06781     3.97899e-08               
        1.06903     3.02403e-08               
        1.07025     4.29731e-08               
        1.07147     3.34235e-08               
        1.07269     4.29731e-08               
        1.07391     2.86487e-08               
        1.07513     3.34235e-08               
        1.07635     3.34235e-08               
        1.07757     3.97899e-08               
        1.07879     3.50151e-08               
        1.08001     2.54655e-08               
        1.08123     4.77479e-08               
        1.08245     3.34235e-08               
        1.08367     4.77479e-08               
         1.0849     4.45647e-08               
        1.08613     3.81983e-08               
        1.08735     4.45647e-08               
        1.08857     3.66067e-08               
        1.08979     3.18319e-08               
        1.09101     2.38739e-08               
        1.09223     3.97899e-08               
        1.09345     3.97899e-08               
        1.09466     5.25227e-08               
        1.09588     3.97899e-08               
         1.0971     2.86487e-08               
        1.09832     5.41143e-08               
        1.09954     4.45647e-08               
        1.10076     4.13815e-08               
        1.10198     3.50151e-08               
        1.10322     3.18319e-08               
        1.10444     3.50151e-08               
        1.10566     4.13815e-08               
        1.10688     4.93395e-08               
         1.1081     3.81983e-08               
        1.10932     3.34235e-08               
        1.11054     3.97899e-08               
        1.11176     2.22823e-08               
        1.11298     3.97899e-08               
         1.1142     3.18319e-08               
        1.11542     3.18319e-08               
        1.11664     4.13815e-08               
        1.11786     2.86487e-08               
        1.11908     4.77479e-08               
        1.12031     4.77479e-08               
        1.12153     3.97899e-08               
        1.12275     4.77479e-08               
        1.12397     1.90992e-08               
        1.12519     3.50151e-08               
        1.12641     3.66067e-08               
        1.12763     4.29731e-08               
        1.12885     3.34235e-08               
        1.13007     4.29731e-08               
        1.13129     3.02403e-08               
        1.13251     3.02403e-08               
        1.13373     3.50151e-08               
        1.13495     3.02403e-08               
        1.13617     2.86487e-08               
        1.13739     3.02403e-08               
        1.13861     4.61563e-08               
        1.13983     4.77479e-08               
        1.14105     3.97899e-08               
        1.14227     3.18319e-08               
        1.14349     2.70571e-08               
        1.14471     3.18319e-08               
        1.14593     3.81983e-08               
        1.14715     3.50151e-08               
        1.14837     4.45647e-08               
        1.14959     1.43244e-08               
        1.15081     3.81983e-08               
        1.15203     3.50151e-08               
        1.15325     4.61563e-08               
        1.15448     4.45647e-08               
         1.1557     2.38739e-08               
        1.15692     3.66067e-08               
        1.15814     4.13815e-08               
        1.15936     3.97899e-08               
        1.16058     3.50151e-08               
         1.1618     3.66067e-08               
        1.16302     3.97899e-08               
        1.16424     2.70571e-08               
        1.16546     2.70571e-08               
        1.16668     2.86487e-08               
         1.1679     4.61563e-08               
        1.16912     3.50151e-08               
        1.17034     2.70571e-08               
        1.17157     5.25227e-08               
         1.1728     3.50151e-08               
        1.17402     3.66067e-08               
        1.17524     2.70571e-08               
        1.17646     3.50151e-08               
        1.17768     4.77479e-08               
         1.1789     3.02403e-08               
        1.18012     4.29731e-08               
        1.18134     3.50151e-08               
        1.18256     3.34235e-08               
        1.18378     3.50151e-08               
          1.185     2.70571e-08               
        1.18622     4.29731e-08               
        1.18744     3.66067e-08               
        1.18866     4.29731e-08               
        1.18989     2.70571e-08               
        1.19111     3.34235e-08               
        1.19233     2.70571e-08               
        1.19355     3.66067e-08               
        1.19477     3.34235e-08               
        1.19599     3.81983e-08               
        1.19721     2.06908e-08               
        1.19843     4.45647e-08               
        1.19965     3.50151e-08               
        1.20087     3.34235e-08               
        1.20209     3.97899e-08               
        1.20331     3.34235e-08               
        1.20453     4.29731e-08               
        1.20575     3.02403e-08               
        1.20697     2.38739e-08               
        1.20819     3.97899e-08               
        1.20941     3.02403e-08               
        1.21063     2.70571e-08               
        1.21185     3.50151e-08               
        1.21307     3.18319e-08               
        1.21429     5.25227e-08               
        1.21551     2.54655e-08               
        1.21673     3.18319e-08               
        1.21795     3.81983e-08               
        1.21917     3.66067e-08               
        1.22039     3.81983e-08               
        1.22161     5.25227e-08               
        1.22283     3.02403e-08               
        1.22406     3.50151e-08               
        1.22528     3.18319e-08               
         1.2265     4.29731e-08               
        1.22772     4.13815e-08               
        1.22894     3.50151e-08               
        1.23016     4.45647e-08               
        1.23138     3.50151e-08               
         1.2326     2.86487e-08               
        1.23382     2.70571e-08               
        1.23504     4.13815e-08               
        1.23626     2.86487e-08               
        1.23748     3.34235e-08               
         1.2387     3.50151e-08               
        1.23992     4.29731e-08               
        1.24115     3.02403e-08               
        1.24238     4.29731e-08               
         1.2436     2.22823e-08               
        1.24482     3.81983e-08               
        1.24604     3.50151e-08               
        1.24726     3.50151e-08               
        1.24848     2.86487e-08               
         1.2497     4.13815e-08               
        1.25091     2.38739e-08               
        1.25213     2.86487e-08               
        1.25335     4.13815e-08               
        1.25457     2.86487e-08               
        1.25579     2.06908e-08               
        1.25701     3.50151e-08               
        1.25823     3.66067e-08               
        1.25947     2.54655e-08               
        1.26069     2.38739e-08               
        1.26191     3.18319e-08               
        1.26313     3.18319e-08               
        1.26435     3.66067e-08               
        1.26557     3.34235e-08               
        1.26679     3.34235e-08               
        1.26801     3.50151e-08               
        1.26923     3.81983e-08               
        1.27045     3.18319e-08               
        1.27167     3.50151e-08               
        1.27289     3.97899e-08               
        1.27411     2.06908e-08               
        1.27533     3.02403e-08               
        1.27656     2.38739e-08               
        1.27778     1.75076e-08               
          1.279     3.81983e-08               
        1.28022     3.02403e-08               
        1.28144     2.86487e-08               
        1.28266     3.34235e-08               
        1.28388     3.18319e-08               
         1.2851     3.66067e-08               
        1.28632     3.02403e-08               
        1.28754     2.86487e-08               
        1.28876     3.81983e-08               
        1.28998     2.70571e-08               
         1.2912     2.86487e-08               
        1.29242     3.81983e-08               
        1.29364     3.18319e-08               
        1.29486     2.70571e-08               
        1.29608     3.81983e-08               
         1.2973     3.34235e-08               
        1.29852     2.24415e-07               
        1.29974     1.90992e-08               
        1.30096     5.09311e-08               
        1.30218     1.75076e-08               
         1.3034     2.38739e-08               
        1.30462     2.86487e-08               
        1.30584     2.86487e-08               
        1.30706     3.81983e-08               
        1.30828     2.86487e-08               
         1.3095     3.66067e-08               
        1.31073     4.61563e-08               
        1.31195     3.81983e-08               
        1.31317     2.06908e-08               
        1.31439     3.18319e-08               
        1.31561     2.22823e-08               
        1.31683     2.22823e-08               
        1.31805     3.18319e-08               
        1.31927     3.50151e-08               
        1.32049     2.54655e-08               
        1.32171     4.29731e-08               
        1.32293     3.02403e-08               
        1.32415     4.13815e-08               
        1.32537     3.50151e-08               
        1.32659     2.86487e-08               
        1.32781     4.29731e-08               
        1.32905     4.29731e-08               
        1.33027     3.66067e-08               
        1.33149     2.38739e-08               
        1.33271     3.50151e-08               
        1.33393     2.70571e-08               
        1.33515     3.81983e-08               
        1.33637     1.90992e-08               
        1.33759     2.70571e-08               
        1.33881     7.00302e-08               
        1.34003     4.61563e-08               
        1.34125     3.66067e-08               
        1.34247     2.06908e-08               
        1.34369     3.02403e-08               
        1.34491     3.81983e-08               
        1.34614     3.18319e-08               
        1.34736     3.97899e-08               
        1.34858     1.90992e-08               
         1.3498     3.66067e-08               
        1.35102     2.22823e-08               
        1.35224     3.50151e-08               
        1.35346     4.13815e-08               
        1.35468     3.34235e-08               
         1.3559     2.06908e-08               
        1.35712     3.97899e-08               
        1.35834     3.34235e-08               
        1.35956     3.18319e-08               
        1.36078     2.54655e-08               
          1.362     2.86487e-08               
        1.36322     4.45647e-08               
        1.36444     3.50151e-08               
        1.36566     4.29731e-08               
        1.36688     2.70571e-08               
         1.3681     2.22823e-08               
        1.36932     3.34235e-08               
        1.37054     3.18319e-08               
        1.37176     2.86487e-08               
        1.37298     1.90992e-08               
         1.3742     2.38739e-08               
        1.37542     2.22823e-08               
        1.37664     3.02403e-08               
        1.37786     2.38739e-08               
        1.37908     2.38739e-08               
        1.38031     2.70571e-08               
        1.38153     2.86487e-08               
        1.38275     2.54655e-08               
        1.38397     1.90992e-08               
        1.38519     2.86487e-08               
        1.38641     2.70571e-08               
        1.38763     3.02403e-08               
        1.38885     3.02403e-08               
        1.39007     2.22823e-08               
        1.39129     1.90992e-08               
        1.39251     3.97899e-08               
        1.39373     3.34235e-08               
        1.39495     3.66067e-08               
        1.39617     3.81983e-08               
         1.3974     2.54655e-08               
        1.39863     2.22823e-08               
        1.39985     3.34235e-08               
        1.40107     2.54655e-08               
        1.40229     3.34235e-08               
        1.40351     3.18319e-08               
        1.40473     2.22823e-08               
        1.40595     3.50151e-08               
        1.40716     1.75076e-08               
        1.40838     2.06908e-08               
         1.4096     2.38739e-08               
        1.41082     2.86487e-08               
        1.41204     3.34235e-08               
        1.41326     2.86487e-08               
        1.41448     2.86487e-08               
        1.41572     3.97899e-08               
        1.41694     2.38739e-08               
        1.41816     3.81983e-08               
        1.41938     2.38739e-08               
