        2.50091     1.11412e-08               
        2.50213     7.95798e-09               
        2.50335     4.77479e-09               
        2.50457     1.43244e-08               
        2.50579     1.27328e-08               
        2.50701     1.11412e-08               
        2.50823     1.11412e-08               
        2.50947     9.54958e-09               
        2.51069     7.95798e-09               
        2.51191     1.75076e-08               
        2.51313     1.11412e-08               
        2.51435     9.54958e-09               
        2.51557     7.95798e-09               
        2.51679     6.36639e-09               
        2.51801     6.36639e-09               
        2.51923      1.5916e-08               
        2.52045     1.27328e-08               
        2.52167     7.95798e-09               
        2.52289     7.95798e-09               
        2.52411      1.5916e-08               
        2.52533     9.54958e-09               
        2.52656     4.77479e-09               
        2.52778     9.54958e-09               
          2.529     1.90992e-08               
        2.53022     6.36639e-09               
        2.53144     1.27328e-08               
        2.53266     1.27328e-08               
        2.53388     2.54655e-08               
         2.5351     1.27328e-08               
        2.53632     9.54958e-09               
        2.53754     7.95798e-09               
        2.53876     1.11412e-08               
        2.53998     1.27328e-08               
         2.5412     1.11412e-08               
        2.54242     6.36639e-09               
        2.54364     9.54958e-09               
        2.54487     1.27328e-08               
        2.54609      1.5916e-08               
        2.54731     9.54958e-09               
        2.54853     2.38739e-08               
        2.54975     1.43244e-08               
        2.55097     1.11412e-08               
        2.55219     1.11412e-08               
        2.55341     9.54958e-09               
        2.55463     1.27328e-08               
        2.55585      1.5916e-08               
        2.55707     2.06908e-08               
        2.55829     1.90992e-08               
        2.55951     7.95798e-09               
        2.56073     1.43244e-08               
        2.56196     1.27328e-08               
        2.56318     1.43244e-08               
         2.5644      1.5916e-08               
        2.56562     9.54958e-09               
        2.56684     7.95798e-09               
        2.56806     1.75076e-08               
        2.56928     1.43244e-08               
         2.5705     1.11412e-08               
        2.57172     1.75076e-08               
        2.57294     9.54958e-09               
        2.57416     6.36639e-09               
        2.57538     1.27328e-08               
         2.5766     1.11412e-08               
        2.57782     1.27328e-08               
        2.57904      1.5916e-08               
        2.58026     4.77479e-09               
        2.58148      1.5916e-08               
         2.5827     7.95798e-09               
        2.58392     1.43244e-08               
        2.58514      1.5916e-08               
        2.58636     7.95798e-09               
        2.58758     1.27328e-08               
         2.5888     9.54958e-09               
        2.59002     7.95798e-09               
        2.59124     9.54958e-09               
        2.59246     1.27328e-08               
        2.59368     1.11412e-08               
         2.5949     4.77479e-09               
        2.59613      1.5916e-09               
        2.59735     1.11412e-08               
        2.59857     1.27328e-08               
        2.59979      1.5916e-08               
        2.60101      1.5916e-08               
        2.60223     1.75076e-08               
        2.60345     1.11412e-08               
        2.60467     1.27328e-08               
        2.60589      1.5916e-08               
        2.60711     7.95798e-09               
        2.60833     1.43244e-08               
        2.60955     4.77479e-09               
        2.61077     7.95798e-09               
        2.61199     9.54958e-09               
        2.61322     6.36639e-09               
        2.61444     1.27328e-08               
        2.61566     1.11412e-08               
        2.61688     7.95798e-09               
         2.6181      1.5916e-09               
        2.61932     1.27328e-08               
        2.62054     1.27328e-08               
        2.62176     1.43244e-08               
        2.62298     1.27328e-08               
         2.6242     9.54958e-09               
        2.62542     1.43244e-08               
        2.62664     1.11412e-08               
        2.62786     1.11412e-08               
        2.62908     9.54958e-09               
        2.63031     1.43244e-08               
        2.63153     9.54958e-09               
        2.63275     1.43244e-08               
        2.63397     1.11412e-08               
        2.63519     1.75076e-08               
        2.63641     6.36639e-09               
        2.63763     4.77479e-09               
        2.63885     1.27328e-08               
        2.64007     1.75076e-08               
        2.64129     1.27328e-08               
        2.64251     1.11412e-08               
        2.64373     4.77479e-09               
        2.64495     1.11412e-08               
        2.64617     1.27328e-08               
         2.6474     9.54958e-09               
        2.64863     9.54958e-09               
        2.64985     1.27328e-08               
        2.65107     1.11412e-08               
        2.65229     1.11412e-08               
        2.65351     4.77479e-09               
        2.65473     1.11412e-08               
        2.65595     1.11412e-08               
        2.65716     1.27328e-08               
        2.65838     1.11412e-08               
         2.6596     1.27328e-08               
        2.66082     4.77479e-09               
        2.66204     1.27328e-08               
        2.66326     4.77479e-09               
        2.66448     1.90992e-08               
        2.66572      1.5916e-09               
        2.66694      1.5916e-08               
        2.66816     9.54958e-09               
        2.66938     1.43244e-08               
         2.6706     9.54958e-09               
        2.67182     1.27328e-08               
        2.67304     4.77479e-09               
        2.67426     1.43244e-08               
        2.67548     1.75076e-08               
         2.6767     1.11412e-08               
        2.67792     1.11412e-08               
        2.67914     3.18319e-09               
        2.68036      1.5916e-08               
        2.68158      1.5916e-08               
        2.68281     1.11412e-08               
        2.68403     1.11412e-08               
        2.68525     1.27328e-08               
        2.68647     7.95798e-09               
        2.68769     1.27328e-08               
        2.68891     4.77479e-09               
        2.69013     7.95798e-09               
        2.69135     7.95798e-09               
        2.69257     9.54958e-09               
        2.69379     1.75076e-08               
        2.69501     1.27328e-08               
        2.69623     1.43244e-08               
        2.69745     4.77479e-09               
        2.69867     2.54655e-08               
        2.69989     1.11412e-08               
        2.70112     4.77479e-09               
        2.70234     1.27328e-08               
        2.70356     4.77479e-09               
        2.70478     1.43244e-08               
          2.706     7.95798e-09               
        2.70722     2.06908e-08               
        2.70844     6.36639e-09               
        2.70966     1.75076e-08               
        2.71088     1.90992e-08               
         2.7121     1.27328e-08               
        2.71332     1.90992e-08               
        2.71454     1.75076e-08               
        2.71576     7.95798e-09               
        2.71698     1.27328e-08               
        2.71821     1.11412e-08               
        2.71943     1.43244e-08               
        2.72065      1.5916e-08               
        2.72187     1.75076e-08               
        2.72309     7.95798e-09               
        2.72431     7.95798e-09               
        2.72553     4.77479e-09               
        2.72675     1.11412e-08               
        2.72797      1.5916e-08               
        2.72919      1.5916e-08               
        2.73041     1.27328e-08               
        2.73163     4.77479e-09               
        2.73285     4.77479e-09               
        2.73407     1.11412e-08               
        2.73529     6.36639e-09               
        2.73651      1.5916e-08               
        2.73773     7.95798e-09               
        2.73895     1.43244e-08               
        2.74017     4.77479e-09               
        2.74139     1.27328e-08               
        2.74261     7.95798e-09               
        2.74383      1.5916e-08               
        2.74505     7.95798e-09               
        2.74627     9.54958e-09               
        2.74749     7.95798e-09               
        2.74871     1.75076e-08               
        2.74993     1.43244e-08               
        2.75115     7.95798e-09               
        2.75238     7.95798e-09               
         2.7536     6.36639e-09               
        2.75482     1.27328e-08               
        2.75604     6.36639e-09               
        2.75726     7.95798e-09               
        2.75848     1.27328e-08               
         2.7597     1.75076e-08               
        2.76092     1.27328e-08               
        2.76214     7.95798e-09               
        2.76336     9.54958e-09               
        2.76458     7.95798e-09               
         2.7658     9.54958e-09               
        2.76702     7.95798e-09               
        2.76824     1.27328e-08               
        2.76947     7.95798e-09               
        2.77069     1.27328e-08               
        2.77191     1.27328e-08               
        2.77313     1.11412e-08               
        2.77435     4.77479e-09               
        2.77557     6.36639e-09               
        2.77679     6.36639e-09               
        2.77801     7.95798e-09               
        2.77923     4.77479e-09               
        2.78045     7.95798e-09               
        2.78167     1.27328e-08               
        2.78289     7.95798e-09               
        2.78411     1.11412e-08               
        2.78533     9.54958e-09               
        2.78656     1.43244e-08               
        2.78778     9.54958e-09               
          2.789     1.75076e-08               
        2.79022     1.11412e-08               
        2.79144      1.5916e-08               
        2.79266     1.75076e-08               
        2.79388     7.95798e-09               
         2.7951     7.95798e-09               
        2.79632     1.27328e-08               
        2.79754     6.36639e-09               
        2.79876     1.11412e-08               
        2.79998     4.77479e-09               
         2.8012     1.11412e-08               
        2.80242     1.27328e-08               
        2.80365     1.90992e-08               
        2.80488     9.54958e-09               
         2.8061     7.95798e-09               
        2.80732     1.11412e-08               
        2.80854     1.75076e-08               
        2.80976     6.36639e-09               
        2.81098     1.11412e-08               
         2.8122     1.27328e-08               
        2.81341     9.54958e-09               
        2.81463     1.27328e-08               
        2.81585     9.54958e-09               
        2.81707     1.27328e-08               
        2.81829     1.27328e-08               
        2.81951     1.11412e-08               
        2.82073     9.54958e-09               
        2.82197     9.54958e-09               
        2.82319     1.43244e-08               
        2.82441     1.11412e-08               
        2.82563     1.11412e-08               
        2.82685     6.36639e-09               
        2.82807     1.11412e-08               
        2.82929      1.5916e-08               
        2.83051     6.36639e-09               
        2.83173     7.95798e-09               
        2.83295      1.5916e-08               
        2.83417     1.43244e-08               
        2.83539     1.43244e-08               
        2.83661     4.77479e-09               
        2.83783     7.95798e-09               
        2.83906     1.75076e-08               
        2.84028     1.11412e-08               
         2.8415     9.54958e-09               
        2.84272     1.11412e-08               
        2.84394     9.54958e-09               
        2.84516     1.27328e-08               
        2.84638     1.11412e-08               
         2.8476     1.11412e-08               
        2.84882     1.27328e-08               
        2.85004     9.54958e-09               
        2.85126     7.95798e-09               
        2.85248     7.95798e-09               
         2.8537     1.11412e-08               
        2.85492     1.43244e-08               
        2.85614     1.43244e-08               
        2.85737     1.75076e-08               
        2.85859     7.95798e-09               
        2.85981     9.54958e-09               
        2.86103     6.36639e-09               
        2.86225     9.54958e-09               
        2.86347     1.11412e-08               
        2.86469     4.77479e-09               
        2.86591     1.27328e-08               
        2.86713     9.54958e-09               
        2.86835     1.27328e-08               
        2.86957     7.95798e-09               
        2.87079     1.11412e-08               
        2.87201     9.54958e-09               
        2.87323     1.11412e-08               
        2.87446     1.75076e-08               
        2.87568     1.90992e-08               
         2.8769     7.95798e-09               
        2.87812     4.77479e-09               
        2.87934     9.54958e-09               
        2.88056     6.36639e-09               
        2.88178     2.38739e-08               
          2.883     4.77479e-09               
        2.88422     4.77479e-09               
        2.88544     1.11412e-08               
        2.88666     9.54958e-09               
        2.88788      1.5916e-08               
         2.8891     7.95798e-09               
        2.89032     3.18319e-09               
        2.89154     4.77479e-09               
        2.89276     3.18319e-09               
        2.89398     1.27328e-08               
         2.8952     1.27328e-08               
        2.89642     4.77479e-09               
        2.89764     9.54958e-09               
        2.89886     9.54958e-09               
        2.90008     9.54958e-09               
         2.9013     1.27328e-08               
        2.90252     4.77479e-09               
        2.90374     7.95798e-09               
        2.90496     9.54958e-09               
        2.90618     9.54958e-09               
         2.9074     1.27328e-08               
        2.90863     7.95798e-09               
        2.90985     1.27328e-08               
        2.91107     1.27328e-08               
        2.91229     6.36639e-09               
        2.91351     6.36639e-09               
        2.91473     1.27328e-08               
        2.91595     1.27328e-08               
        2.91717     6.36639e-09               
        2.91839     1.27328e-08               
        2.91961     1.43244e-08               
        2.92083     1.90992e-08               
        2.92205      1.5916e-08               
        2.92327     1.43244e-08               
        2.92449      1.5916e-08               
        2.92572      1.5916e-08               
        2.92694     3.18319e-09               
        2.92816     6.36639e-09               
        2.92938     7.95798e-09               
         2.9306     1.43244e-08               
        2.93182     9.54958e-09               
        2.93304     9.54958e-09               
        2.93426     4.77479e-09               
        2.93548     1.43244e-08               
         2.9367     4.77479e-09               
        2.93792     1.27328e-08               
        2.93914     4.77479e-09               
        2.94036     1.75076e-08               
        2.94158     2.22823e-08               
        2.94281     1.90992e-08               
        2.94403     9.54958e-09               
        2.94525     1.43244e-08               
        2.94647     6.36639e-09               
        2.94769     9.54958e-09               
        2.94891     1.27328e-08               
        2.95013     9.54958e-09               
        2.95135      1.5916e-08               
        2.95257     1.27328e-08               
        2.95379     1.43244e-08               
        2.95501     6.36639e-09               
        2.95623     4.77479e-09               
        2.95745     1.11412e-08               
        2.95867     1.27328e-08               
         2.9599      8.2763e-08               
        2.96113     5.09311e-08               
        2.96235     2.22823e-08               
        2.96357     9.54958e-09               
        2.96479     1.27328e-08               
        2.96601     1.11412e-08               
        2.96723     1.27328e-08               
        2.96845     6.36639e-09               
        2.96966     1.27328e-08               
        2.97088     6.36639e-09               
         2.9721     1.43244e-08               
        2.97332     4.77479e-09               
        2.97454     7.95798e-09               
        2.97576     1.75076e-08               
        2.97698     1.90992e-08               
        2.97822     6.36639e-09               
        2.97944     9.54958e-09               
        2.98066     3.18319e-09               
        2.98188     9.54958e-09               
         2.9831      1.5916e-08               
        2.98432     1.27328e-08               
        2.98554     3.18319e-09               
        2.98676     7.95798e-09               
        2.98798     7.95798e-09               
         2.9892     1.43244e-08               
        2.99042     7.95798e-09               
        2.99164     6.36639e-09               
        2.99286      1.5916e-09               
        2.99408     6.36639e-09               
        2.99531     7.95798e-09               
        2.99653      1.5916e-09               
        2.99775     1.11412e-08               
        2.99897     7.95798e-09               
        3.00019     1.27328e-08               
        3.00141     7.95798e-09               
        3.00263     1.11412e-08               
        3.00385     1.11412e-08               
        3.00507     1.11412e-08               
        3.00629     1.11412e-08               
        3.00751     1.11412e-08               
        3.00873     6.36639e-09               
        3.00995     1.11412e-08               
        3.01117     1.90992e-08               
        3.01239     9.54958e-09               
        3.01362     6.36639e-09               
        3.01484     1.43244e-08               
        3.01606     7.95798e-09               
        3.01728     2.22823e-08               
         3.0185     7.95798e-09               
        3.01972     1.43244e-08               
        3.02094     1.75076e-08               
        3.02216     1.11412e-08               
        3.02338     1.43244e-08               
         3.0246      1.5916e-08               
        3.02582      1.5916e-08               
        3.02704     1.11412e-08               
        3.02826     1.11412e-08               
        3.02948     1.43244e-08               
        3.03071     1.27328e-08               
        3.03193     7.95798e-09               
        3.03315     7.95798e-09               
        3.03437     1.27328e-08               
        3.03559     1.11412e-08               
        3.03681     1.11412e-08               
        3.03803     4.77479e-09               
        3.03925     7.95798e-09               
        3.04047     1.11412e-08               
        3.04169     3.18319e-09               
        3.04291     6.36639e-09               
        3.04413     6.36639e-09               
        3.04535     7.95798e-09               
        3.04657     4.77479e-09               
        3.04779     1.90992e-08               
        3.04901     1.11412e-08               
        3.05023     1.43244e-08               
        3.05145     2.06908e-08               
        3.05267     6.36639e-09               
        3.05389     1.11412e-08               
        3.05511     7.95798e-09               
        3.05633     9.54958e-09               
        3.05755     2.22823e-08               
        3.05877     1.43244e-08               
        3.05999     7.95798e-09               
        3.06121     9.54958e-09               
        3.06243     1.11412e-08               
        3.06365     1.11412e-08               
        3.06488     4.77479e-09               
         3.0661     6.36639e-09               
        3.06732     9.54958e-09               
        3.06854     1.43244e-08               
        3.06976     3.18319e-09               
        3.07098     1.11412e-08               
         3.0722     6.36639e-09               
        3.07342     7.95798e-09               
        3.07464     4.77479e-09               
        3.07586     9.54958e-09               
        3.07708     1.27328e-08               
         3.0783     1.27328e-08               
        3.07952     1.27328e-08               
        3.08074      1.5916e-08               
        3.08197      1.5916e-08               
        3.08319     9.54958e-09               
        3.08441     9.54958e-09               
        3.08563     6.36639e-09               
        3.08685     1.11412e-08               
        3.08807     9.54958e-09               
        3.08929     7.95798e-09               
        3.09051     9.54958e-09               
        3.09173      1.5916e-08               
        3.09295     7.95798e-09               
        3.09417     4.77479e-09               
        3.09539     1.11412e-08               
        3.09661     7.95798e-09               
        3.09783     4.77479e-09               
        3.09906     7.95798e-09               
        3.10028     7.95798e-09               
         3.1015     9.54958e-09               
        3.10272     9.54958e-09               
        3.10394     4.77479e-09               
        3.10516     1.27328e-08               
        3.10638      1.5916e-09               
         3.1076     2.38739e-08               
        3.10882     1.11412e-08               
        3.11004     3.18319e-09               
        3.11126     9.54958e-09               
        3.11248     4.77479e-09               
         3.1137     1.11412e-08               
        3.11492     1.43244e-08               
        3.11615     1.27328e-08               
        3.11738     4.77479e-09               
         3.1186     1.90992e-08               
        3.11982     1.11412e-08               
        3.12104     1.43244e-08               
        3.12226     6.36639e-09               
        3.12348     1.27328e-08               
         3.1247     1.75076e-08               
        3.12591     1.11412e-08               
        3.12713     1.11412e-08               
        3.12835     9.54958e-09               
        3.12957     7.95798e-09               
        3.13079     7.95798e-09               
        3.13201     1.75076e-08               
        3.13323     9.54958e-09               
        3.13447     1.27328e-08               
        3.13569     1.27328e-08               
        3.13691     1.11412e-08               
        3.13813     1.11412e-08               
        3.13935     7.95798e-09               
        3.14057      1.5916e-08               
        3.14179     3.18319e-09               
        3.14301     7.95798e-09               
        3.14423     6.36639e-09               
        3.14545     1.11412e-08               
        3.14667     9.54958e-09               
        3.14789     1.11412e-08               
        3.14911     7.95798e-09               
        3.15033     6.36639e-09               
        3.15156     9.54958e-09               
        3.15278     9.54958e-09               
          3.154     6.36639e-09               
        3.15522     7.95798e-09               
        3.15644     9.54958e-09               
        3.15766     1.11412e-08               
        3.15888     1.27328e-08               
         3.1601     1.11412e-08               
        3.16132     1.27328e-08               
        3.16254     4.77479e-09               
        3.16376     1.27328e-08               
        3.16498     1.43244e-08               
         3.1662     7.95798e-09               
        3.16742     9.54958e-09               
        3.16864     1.27328e-08               
        3.16987     1.75076e-08               
        3.17109     1.11412e-08               
        3.17231     7.95798e-09               
        3.17353     7.95798e-09               
        3.17475     3.18319e-09               
        3.17597     6.36639e-09               
        3.17719     7.95798e-09               
        3.17841     1.11412e-08               
        3.17963     1.75076e-08               
        3.18085     2.70571e-08               
        3.18207     9.54958e-09               
        3.18329     1.27328e-08               
        3.18451     9.54958e-09               
        3.18573      1.5916e-09               
        3.18696     6.36639e-09               
        3.18818     9.54958e-09               
         3.1894     7.95798e-09               
        3.19062     4.77479e-09               
        3.19184     6.36639e-09               
        3.19306     1.11412e-08               
        3.19428     1.11412e-08               
         3.1955     7.95798e-09               
        3.19672     6.36639e-09               
        3.19794     1.90992e-08               
        3.19916     6.36639e-09               
        3.20038     1.27328e-08               
         3.2016     1.27328e-08               
        3.20282     9.54958e-09               
        3.20404     6.36639e-09               
        3.20526     6.36639e-09               
        3.20648     1.27328e-08               
         3.2077     1.27328e-08               
        3.20892     1.11412e-08               
        3.21014     6.36639e-09               
        3.21136      1.5916e-09               
        3.21258     6.36639e-09               
         3.2138     1.43244e-08               
        3.21502     9.54958e-09               
        3.21624     4.77479e-09               
        3.21746     3.18319e-09               
        3.21868     3.18319e-09               
         3.2199     9.54958e-09               
        3.22113     1.75076e-08               
        3.22235     6.36639e-09               
        3.22357     1.43244e-08               
        3.22479     1.27328e-08               
        3.22601     9.54958e-09               
        3.22723     1.90992e-08               
        3.22845     9.54958e-09               
        3.22967     6.36639e-09               
        3.23089     9.54958e-09               
        3.23211     7.95798e-09               
        3.23333     1.27328e-08               
        3.23455     3.18319e-09               
        3.23577               0               
        3.23699     7.95798e-09               
        3.23822     1.11412e-08               
        3.23944     9.54958e-09               
        3.24066     4.77479e-09               
        3.24188     1.43244e-08               
         3.2431     6.36639e-09               
        3.24432     1.27328e-08               
        3.24554     1.11412e-08               
        3.24676     6.36639e-09               
        3.24798     1.11412e-08               
         3.2492     1.11412e-08               
        3.25042     4.77479e-09               
        3.25164     4.77479e-09               
        3.25286     1.11412e-08               
        3.25408     6.36639e-09               
        3.25531     9.54958e-09               
        3.25653     9.54958e-09               
        3.25775     1.27328e-08               
        3.25897     1.27328e-08               
        3.26019     9.54958e-09               
        3.26141     9.54958e-09               
        3.26263     6.36639e-09               
        3.26385     7.95798e-09               
        3.26507     1.11412e-08               
        3.26629     7.95798e-09               
        3.26751      1.5916e-08               
        3.26873     9.54958e-09               
        3.26995     7.95798e-09               
        3.27117     6.36639e-09               
         3.2724     4.77479e-09               
        3.27363     9.54958e-09               
        3.27485     6.36639e-09               
        3.27607     9.54958e-09               
        3.27729     1.11412e-08               
        3.27851     1.43244e-08               
        3.27973     1.43244e-08               
        3.28095     1.11412e-08               
        3.28216     7.95798e-09               
        3.28338      1.5916e-08               
         3.2846     9.54958e-09               
        3.28582     7.95798e-09               
        3.28704     9.54958e-09               
        3.28826     6.36639e-09               
        3.28948     7.95798e-09               
        3.29072     9.54958e-09               
        3.29194     1.43244e-08               
        3.29316     7.95798e-09               
        3.29438     1.11412e-08               
         3.2956     1.27328e-08               
        3.29682     1.27328e-08               
        3.29804     1.43244e-08               
        3.29926      1.5916e-08               
        3.30048     6.36639e-09               
         3.3017     9.54958e-09               
        3.30292     7.95798e-09               
        3.30414      1.5916e-09               
        3.30536     6.36639e-09               
        3.30658      1.5916e-09               
        3.30781     9.54958e-09               
        3.30903     7.95798e-09               
        3.31025     4.77479e-09               
        3.31147     1.27328e-08               
        3.31269     7.95798e-09               
        3.31391     1.43244e-08               
        3.31513     9.54958e-09               
        3.31635     7.95798e-09               
        3.31757     1.27328e-08               
        3.31879     4.77479e-09               
        3.32001     9.54958e-09               
        3.32123     1.11412e-08               
        3.32245     7.95798e-09               
        3.32367     1.11412e-08               
        3.32489     1.27328e-08               
        3.32612     4.77479e-09               
        3.32734     1.27328e-08               
        3.32856     6.36639e-09               
        3.32978     4.77479e-09               
          3.331     7.95798e-09               
        3.33222     1.43244e-08               
        3.33344     3.18319e-09               
        3.33466     1.27328e-08               
        3.33588     1.43244e-08               
         3.3371      1.5916e-08               
        3.33832     7.95798e-09               
        3.33954     1.43244e-08               
        3.34076     1.27328e-08               
        3.34198     4.77479e-09               
        3.34321     9.54958e-09               
        3.34443     9.54958e-09               
        3.34565     9.54958e-09               
        3.34687     6.36639e-09               
        3.34809     1.11412e-08               
        3.34931     1.27328e-08               
        3.35053     7.95798e-09               
        3.35175     1.11412e-08               
        3.35297     1.11412e-08               
        3.35419     4.77479e-09               
        3.35541     7.95798e-09               
        3.35663     7.95798e-09               
        3.35785     6.36639e-09               
        3.35907     9.54958e-09               
        3.36029     3.18319e-09               
        3.36151     1.27328e-08               
        3.36273     4.77479e-09               
        3.36395     9.54958e-09               
        3.36517     2.54655e-08               
        3.36639     3.18319e-09               
        3.36761     4.77479e-09               
        3.36883     1.27328e-08               
        3.37005     1.11412e-08               
        3.37127     6.36639e-09               
        3.37249     1.11412e-08               
        3.37371      1.5916e-08               
        3.37493     1.90992e-08               
        3.37615     7.95798e-09               
        3.37738     1.11412e-08               
         3.3786     4.77479e-09               
        3.37982     9.54958e-09               
        3.38104     1.27328e-08               
        3.38226     7.95798e-09               
        3.38348     4.77479e-09               
         3.3847     3.18319e-09               
        3.38592     7.95798e-09               
        3.38714     6.36639e-09               
        3.38836     7.95798e-09               
        3.38958     7.95798e-09               
         3.3908     6.36639e-09               
        3.39202     1.11412e-08               
        3.39324     1.11412e-08               
        3.39447     3.18319e-09               
        3.39569     9.54958e-09               
        3.39691     1.27328e-08               
        3.39813     1.11412e-08               
        3.39935     7.95798e-09               
        3.40057     3.18319e-08               
        3.40179     6.36639e-09               
        3.40301     1.75076e-08               
        3.40423     9.54958e-09               
        3.40545     1.11412e-08               
        3.40667     1.11412e-08               
        3.40789     1.43244e-08               
        3.40911     1.75076e-08               
        3.41033     4.77479e-09               
        3.41156     6.36639e-09               
        3.41278     6.36639e-09               
          3.414     9.54958e-09               
        3.41522     9.54958e-09               
        3.41644     6.36639e-09               
        3.41766     1.11412e-08               
        3.41888     7.95798e-09               
         3.4201     1.11412e-08               
        3.42132     6.36639e-09               
        3.42254     1.43244e-08               
        3.42376     1.43244e-08               
        3.42498     9.54958e-09               
         3.4262     1.27328e-08               
        3.42742     7.95798e-09               
        3.42865     7.95798e-09               
        3.42988     6.36639e-09               
         3.4311     1.11412e-08               
        3.43232     4.77479e-09               
        3.43354     4.77479e-09               
        3.43476     1.11412e-08               
        3.43598     4.77479e-09               
         3.4372     7.95798e-09               
        3.43841     3.18319e-09               
        3.43963     4.77479e-09               
        3.44085     1.90992e-08               
        3.44207     1.27328e-08               
        3.44329     6.36639e-09               
        3.44451     1.11412e-08               
        3.44573     6.36639e-09               
        3.44697     1.11412e-08               
        3.44819     6.36639e-09               
        3.44941     3.18319e-09               
        3.45063     9.54958e-09               
        3.45185     6.36639e-09               
        3.45307     6.36639e-09               
        3.45429     9.54958e-09               
        3.45551     6.36639e-09               
        3.45673     7.95798e-09               
        3.45795               0               
        3.45917     6.36639e-09               
        3.46039     1.11412e-08               
        3.46161     9.54958e-09               
        3.46283     3.18319e-09               
        3.46406     1.27328e-08               
        3.46528     1.27328e-08               
         3.4665     1.43244e-08               
        3.46772     1.43244e-08               
        3.46894     4.77479e-09               
        3.47016     6.36639e-09               
        3.47138     1.43244e-08               
         3.4726     1.27328e-08               
        3.47382     6.36639e-09               
        3.47504     6.36639e-09               
        3.47626     3.18319e-09               
        3.47748     7.95798e-09               
         3.4787     1.11412e-08               
        3.47992     1.11412e-08               
        3.48114     7.95798e-09               
        3.48237     4.77479e-09               
        3.48359     6.36639e-09               
        3.48481     7.95798e-09               
        3.48603     6.36639e-09               
        3.48725     9.54958e-09               
        3.48847     9.54958e-09               
        3.48969     4.77479e-09               
        3.49091     1.75076e-08               
        3.49213     6.36639e-09               
        3.49335     4.77479e-09               
        3.49457     3.18319e-09               
        3.49579     7.95798e-09               
        3.49701     4.77479e-09               
        3.49823     7.95798e-09               
        3.49946     6.36639e-09               
