        4.00115     7.95798e-09               
        4.00239     6.36639e-09               
        4.00361     1.11412e-08               
        4.00483     6.36639e-09               
        4.00605     6.36639e-09               
        4.00727     1.11412e-08               
        4.00849     3.18319e-09               
        4.00971     7.95798e-09               
        4.01093     7.95798e-09               
        4.01215     7.95798e-09               
        4.01337     6.36639e-09               
        4.01459     6.36639e-09               
        4.01581     6.36639e-09               
        4.01703     7.95798e-09               
        4.01825      1.5916e-09               
        4.01947     4.77479e-09               
        4.02069     7.95798e-09               
        4.02191     4.77479e-09               
        4.02313     7.95798e-09               
        4.02435     9.54958e-09               
        4.02557     6.36639e-09               
        4.02679     6.36639e-09               
        4.02801     6.36639e-09               
        4.02923     3.18319e-09               
        4.03045     1.75076e-08               
        4.03167     6.36639e-09               
        4.03289     9.54958e-09               
        4.03411     9.54958e-09               
        4.03533     6.36639e-09               
        4.03656     7.95798e-09               
        4.03779     4.77479e-09               
        4.03901     1.11412e-08               
        4.04023      1.5916e-09               
        4.04145     3.18319e-09               
        4.04267     3.18319e-09               
        4.04389     6.36639e-09               
        4.04511     4.77479e-09               
        4.04633      1.5916e-09               
        4.04755     4.77479e-09               
        4.04877     1.11412e-08               
        4.04999      1.5916e-09               
        4.05121     7.95798e-09               
        4.05243     7.95798e-09               
        4.05365     4.77479e-09               
        4.05488     7.95798e-09               
         4.0561     7.95798e-09               
        4.05732     6.36639e-09               
        4.05854     3.18319e-09               
        4.05976     4.77479e-09               
        4.06098     3.18319e-09               
         4.0622     4.77479e-09               
        4.06341     7.95798e-09               
        4.06463     7.95798e-09               
        4.06585     7.95798e-09               
        4.06707     7.95798e-09               
        4.06829     9.54958e-09               
        4.06951     4.77479e-09               
        4.07073     1.27328e-08               
        4.07196     7.95798e-09               
        4.07318     6.36639e-09               
         4.0744     9.54958e-09               
        4.07562     1.11412e-08               
        4.07684     6.36639e-09               
        4.07806     3.18319e-09               
        4.07928     1.11412e-08               
         4.0805     9.54958e-09               
        4.08172     6.36639e-09               
        4.08294     1.75076e-08               
        4.08416     1.27328e-08               
        4.08538     3.18319e-09               
         4.0866     1.11412e-08               
        4.08782     1.11412e-08               
        4.08906     7.95798e-09               
        4.09028     6.36639e-09               
         4.0915     1.11412e-08               
        4.09272     1.27328e-08               
        4.09394      1.5916e-09               
        4.09516     4.77479e-09               
        4.09638     1.27328e-08               
         4.0976     1.27328e-08               
        4.09882     9.54958e-09               
        4.10004     6.36639e-09               
        4.10126      1.5916e-08               
        4.10248     4.77479e-09               
         4.1037     4.77479e-09               
        4.10492     6.36639e-09               
        4.10614     4.77479e-09               
        4.10736     9.54958e-09               
        4.10858     4.77479e-09               
         4.1098     9.54958e-09               
        4.11102     1.27328e-08               
        4.11224     9.54958e-09               
        4.11346     3.18319e-09               
        4.11468     1.43244e-08               
         4.1159     4.77479e-09               
        4.11712      1.5916e-09               
        4.11834     6.36639e-09               
        4.11956     1.11412e-08               
        4.12078     3.18319e-09               
          4.122     4.77479e-09               
        4.12323     1.27328e-08               
        4.12446     1.11412e-08               
        4.12568     6.36639e-09               
         4.1269     1.11412e-08               
        4.12812     1.11412e-08               
        4.12934      1.5916e-08               
        4.13056     6.36639e-09               
        4.13178     4.77479e-09               
          4.133     9.54958e-09               
        4.13422     3.18319e-09               
        4.13544      1.5916e-08               
        4.13666     1.27328e-08               
        4.13788     1.11412e-08               
         4.1391     1.27328e-08               
        4.14032     6.36639e-09               
        4.14154     1.43244e-08               
        4.14276     3.56518e-07               
        4.14398     2.86487e-08               
         4.1452     1.27328e-08               
        4.14642     1.75076e-08               
        4.14764     1.27328e-08               
        4.14886      1.5916e-08               
        4.15008     3.18319e-09               
         4.1513     7.95798e-09               
        4.15252     9.54958e-09               
        4.15374     3.18319e-09               
        4.15496     9.54958e-09               
        4.15618     1.27328e-08               
         4.1574     7.95798e-09               
        4.15864     1.43244e-08               
        4.15986     7.95798e-09               
        4.16108     9.54958e-09               
         4.1623     6.36639e-09               
        4.16352     1.11412e-08               
        4.16474     7.95798e-09               
        4.16596     1.27328e-08               
        4.16718     7.95798e-09               
         4.1684     1.27328e-08               
        4.16962     7.95798e-09               
        4.17084     9.54958e-09               
        4.17206     7.95798e-09               
        4.17328     9.54958e-09               
         4.1745     1.75076e-08               
        4.17572     4.77479e-09               
        4.17694     3.18319e-09               
        4.17816     4.77479e-09               
        4.17938     6.36639e-09               
         4.1806     3.18319e-09               
        4.18182     4.77479e-09               
        4.18304     6.36639e-09               
        4.18426     1.27328e-08               
        4.18548     6.36639e-09               
         4.1867     6.36639e-09               
        4.18792     6.36639e-09               
        4.18914     9.54958e-09               
        4.19036     3.18319e-09               
        4.19158     1.27328e-08               
        4.19281     1.11412e-08               
        4.19404     9.54958e-09               
        4.19526     6.36639e-09               
        4.19648     6.36639e-09               
         4.1977      1.5916e-09               
        4.19892     4.77479e-09               
