        3.25042      1.1937e-08               
        3.25164     6.36639e-09               
        3.25286     6.36639e-09               
        3.25408     1.11412e-08               
        3.25531     1.11412e-08               
        3.25653     9.54958e-09               
        3.25775     7.16218e-09               
        3.25897     1.11412e-08               
        3.26019     1.03454e-08               
        3.26141     4.77479e-09               
        3.26263     8.75378e-09               
        3.26385     8.75378e-09               
        3.26507     6.36639e-09               
        3.26629     7.16218e-09               
        3.26751     7.95798e-09               
        3.26873      1.1937e-08               
        3.26995     1.27328e-08               
        3.27117     7.16218e-09               
         3.2724     6.36639e-09               
        3.27363     6.36639e-09               
        3.27485     1.27328e-08               
        3.27607     4.77479e-09               
        3.27729     9.54958e-09               
        3.27851      1.1937e-08               
        3.27973     6.36639e-09               
        3.28095     5.57059e-09               
        3.28216     1.03454e-08               
        3.28338     1.11412e-08               
         3.2846     9.54958e-09               
        3.28582     1.11412e-08               
        3.28704     6.36639e-09               
        3.28826     1.27328e-08               
        3.28948     1.43244e-08               
        3.29072     1.03454e-08               
        3.29194     8.75378e-09               
        3.29316      1.1937e-08               
        3.29438     8.75378e-09               
         3.2956     1.03454e-08               
        3.29682     9.54958e-09               
        3.29804     9.54958e-09               
        3.29926     5.57059e-09               
        3.30048     7.95798e-09               
         3.3017     1.27328e-08               
        3.30292     7.95798e-09               
        3.30414     7.16218e-09               
        3.30536     1.03454e-08               
        3.30658     1.11412e-08               
        3.30781     1.03454e-08               
        3.30903     1.11412e-08               
        3.31025     4.77479e-09               
        3.31147     7.95798e-09               
        3.31269     1.11412e-08               
        3.31391     9.54958e-09               
        3.31513     6.36639e-09               
        3.31635     6.36639e-09               
        3.31757     4.77479e-09               
        3.31879     8.75378e-09               
        3.32001     7.16218e-09               
        3.32123     8.75378e-09               
        3.32245     3.18319e-09               
        3.32367     1.27328e-08               
        3.32489     1.11412e-08               
        3.32612     8.75378e-09               
        3.32734     5.57059e-09               
        3.32856     5.57059e-09               
        3.32978     7.95798e-09               
          3.331     8.75378e-09               
        3.33222     1.03454e-08               
        3.33344     7.16218e-09               
        3.33466     1.03454e-08               
        3.33588     6.36639e-09               
         3.3371     1.03454e-08               
        3.33832     1.35286e-08               
        3.33954     7.16218e-09               
        3.34076     7.16218e-09               
        3.34198     9.54958e-09               
        3.34321     4.77479e-09               
        3.34443     6.36639e-09               
        3.34565     5.57059e-09               
        3.34687     1.11412e-08               
        3.34809     7.16218e-09               
        3.34931     6.36639e-09               
        3.35053     1.11412e-08               
        3.35175     7.95798e-09               
        3.35297     1.27328e-08               
        3.35419     1.03454e-08               
        3.35541     8.75378e-09               
        3.35663     7.16218e-09               
        3.35785     7.95798e-09               
        3.35907     9.54958e-09               
        3.36029     1.35286e-08               
        3.36151     7.16218e-09               
        3.36273     3.18319e-09               
        3.36395     9.54958e-09               
        3.36517     7.16218e-09               
        3.36639     1.03454e-08               
        3.36761     5.57059e-09               
        3.36883     9.54958e-09               
        3.37005     1.03454e-08               
        3.37127     8.75378e-09               
        3.37249     5.57059e-09               
        3.37371     7.95798e-09               
        3.37493     9.54958e-09               
        3.37615     3.18319e-09               
        3.37738      1.1937e-08               
         3.3786     9.54958e-09               
        3.37982     3.97899e-09               
        3.38104     1.27328e-08               
        3.38226     1.03454e-08               
        3.38348     6.36639e-09               
         3.3847     1.03454e-08               
        3.38592     6.36639e-09               
        3.38714     6.36639e-09               
        3.38836     3.97899e-09               
        3.38958     3.97899e-09               
         3.3908     7.16218e-09               
        3.39202     9.54958e-09               
        3.39324     4.77479e-09               
        3.39447     3.97899e-09               
        3.39569      1.1937e-08               
        3.39691     7.95798e-09               
        3.39813     9.54958e-09               
        3.39935     9.54958e-09               
        3.40057     7.95798e-09               
        3.40179     1.03454e-08               
        3.40301     8.75378e-09               
        3.40423     7.16218e-09               
        3.40545     1.11412e-08               
        3.40667     7.95798e-09               
        3.40789      1.1937e-08               
        3.40911     9.54958e-09               
        3.41033     5.57059e-09               
        3.41156     1.03454e-08               
        3.41278     5.57059e-09               
          3.414     7.16218e-09               
        3.41522     3.18319e-09               
        3.41644     6.36639e-09               
        3.41766     1.67118e-08               
        3.41888     3.18319e-09               
         3.4201     1.03454e-08               
        3.42132     1.11412e-08               
        3.42254     9.54958e-09               
        3.42376     6.36639e-09               
        3.42498      1.1937e-08               
         3.4262     7.16218e-09               
        3.42742      1.1937e-08               
        3.42865     9.54958e-09               
        3.42988     9.54958e-09               
         3.4311     1.11412e-08               
        3.43232     7.95798e-09               
        3.43354     1.27328e-08               
        3.43476     8.75378e-09               
        3.43598     7.16218e-09               
         3.4372     1.11412e-08               
        3.43841     1.35286e-08               
        3.43963      1.1937e-08               
        3.44085     5.57059e-09               
        3.44207     1.83034e-08               
        3.44329     1.67118e-08               
        3.44451     7.95798e-09               
        3.44573     1.03454e-08               
        3.44697     1.03454e-08               
        3.44819     6.36639e-09               
        3.44941     9.54958e-09               
        3.45063     1.35286e-08               
        3.45185     1.03454e-08               
        3.45307     1.11412e-08               
        3.45429     1.11412e-08               
        3.45551     9.54958e-09               
        3.45673     5.57059e-09               
        3.45795     8.75378e-09               
        3.45917     1.27328e-08               
        3.46039     8.75378e-09               
        3.46161      1.1937e-08               
        3.46283     1.03454e-08               
        3.46406     1.11412e-08               
        3.46528     9.54958e-09               
         3.4665     4.77479e-09               
        3.46772     1.03454e-08               
        3.46894     5.57059e-09               
        3.47016     6.36639e-09               
        3.47138     1.11412e-08               
         3.4726     7.16218e-09               
        3.47382     8.75378e-09               
        3.47504     9.54958e-09               
        3.47626     9.54958e-09               
        3.47748     1.03454e-08               
         3.4787     1.27328e-08               
        3.47992     7.95798e-09               
        3.48114     4.77479e-09               
        3.48237     1.51202e-08               
        3.48359     1.35286e-08               
        3.48481     6.36639e-09               
        3.48603     6.36639e-09               
        3.48725     1.11412e-08               
        3.48847     4.77479e-09               
        3.48969     1.03454e-08               
        3.49091     9.54958e-09               
        3.49213     6.36639e-09               
        3.49335     9.54958e-09               
        3.49457     6.36639e-09               
        3.49579      1.1937e-08               
        3.49701     9.54958e-09               
        3.49823     1.11412e-08               
        3.49946     1.11412e-08               
        3.50068     7.95798e-09               
         3.5019     6.36639e-09               
        3.50312     4.77479e-09               
        3.50434     5.57059e-09               
        3.50556     7.95798e-09               
        3.50678     8.75378e-09               
          3.508     1.43244e-08               
        3.50922     3.18319e-09               
        3.51044      1.1937e-08               
        3.51166     3.97899e-09               
        3.51288     6.36639e-09               
         3.5141     7.95798e-09               
        3.51532     1.11412e-08               
        3.51654      1.1937e-08               
        3.51776     4.77479e-09               
        3.51898     7.95798e-09               
         3.5202     3.58109e-08               
        3.52142     9.54958e-09               
        3.52264     1.75076e-08               
        3.52386     1.03454e-08               
        3.52508     4.77479e-09               
         3.5263     7.95798e-09               
        3.52752     6.36639e-09               
        3.52874     1.11412e-08               
        3.52996     2.38739e-09               
        3.53118     5.57059e-09               
         3.5324     7.16218e-09               
        3.53363     8.75378e-09               
        3.53485     1.27328e-08               
        3.53607     1.11412e-08               
        3.53729     7.16218e-09               
        3.53851     7.16218e-09               
        3.53973     6.36639e-09               
        3.54095     1.35286e-08               
        3.54217      1.1937e-08               
        3.54339     7.16218e-09               
        3.54461     1.03454e-08               
        3.54583     1.03454e-08               
        3.54705     7.16218e-09               
        3.54827     1.11412e-08               
        3.54949     1.43244e-08               
        3.55072     7.16218e-09               
        3.55194     3.97899e-09               
        3.55316     3.97899e-09               
        3.55438     8.75378e-09               
         3.5556     1.03454e-08               
        3.55682      1.1937e-08               
        3.55804     9.54958e-09               
        3.55926     9.54958e-09               
        3.56048     5.57059e-09               
         3.5617     8.75378e-09               
        3.56292     8.75378e-09               
        3.56414     6.36639e-09               
        3.56536     7.16218e-09               
        3.56658     7.95798e-09               
        3.56781     9.54958e-09               
        3.56903     5.57059e-09               
        3.57025     1.27328e-08               
        3.57147      1.1937e-08               
        3.57269     7.16218e-09               
        3.57391     5.57059e-09               
        3.57513      1.1937e-08               
        3.57635     6.36639e-09               
        3.57757     9.54958e-09               
        3.57879     6.36639e-09               
        3.58001     1.75076e-08               
        3.58123     6.36639e-09               
        3.58245     9.54958e-09               
        3.58367     7.95798e-09               
         3.5849     7.95798e-09               
        3.58613     8.75378e-09               
        3.58735     5.57059e-09               
        3.58857     1.11412e-08               
        3.58979     6.36639e-09               
        3.59101     8.75378e-09               
        3.59223     8.75378e-09               
        3.59345     7.95798e-09               
        3.59466     7.95798e-09               
        3.59588     5.57059e-09               
         3.5971     3.18319e-09               
        3.59832     1.03454e-08               
        3.59954     6.36639e-09               
        3.60076     7.95798e-09               
        3.60198     3.97899e-09               
        3.60322     8.75378e-09               
        3.60444     7.95798e-09               
        3.60566     8.75378e-09               
        3.60688     8.75378e-09               
         3.6081     5.57059e-09               
        3.60932     7.16218e-09               
        3.61054     8.75378e-09               
        3.61176     7.95798e-09               
        3.61298     1.11412e-08               
         3.6142     5.57059e-09               
        3.61542     1.03454e-08               
        3.61664     7.95798e-09               
        3.61786     7.95798e-09               
        3.61908     9.54958e-09               
        3.62031     6.36639e-09               
        3.62153     7.95798e-09               
        3.62275     8.75378e-09               
        3.62397     7.16218e-09               
        3.62519      1.1937e-08               
        3.62641     1.11412e-08               
        3.62763     8.75378e-09               
        3.62885     8.75378e-09               
        3.63007     3.97899e-09               
        3.63129     7.95798e-09               
        3.63251     1.11412e-08               
        3.63373     6.36639e-09               
        3.63495     5.57059e-09               
        3.63617     4.77479e-09               
        3.63739     1.03454e-08               
        3.63862     1.03454e-08               
        3.63984     6.36639e-09               
        3.64106     1.27328e-08               
        3.64228     1.03454e-08               
         3.6435     5.57059e-09               
        3.64472     8.75378e-09               
        3.64594     4.77479e-09               
        3.64716      1.1937e-08               
        3.64838     9.54958e-09               
         3.6496     1.11412e-08               
        3.65082     8.75378e-09               
        3.65204     7.95798e-09               
        3.65326     3.97899e-09               
        3.65448     7.16218e-09               
        3.65571      1.1937e-08               
        3.65693     3.18319e-09               
        3.65815     6.36639e-09               
        3.65937     5.57059e-09               
        3.66059     5.57059e-09               
        3.66181     8.75378e-09               
        3.66303     7.95798e-09               
        3.66425     1.11412e-08               
        3.66547     7.95798e-09               
        3.66669     9.54958e-09               
        3.66791     8.75378e-09               
        3.66913     5.57059e-09               
        3.67035     9.54958e-09               
        3.67157     3.97899e-09               
        3.67279     6.36639e-09               
        3.67401     6.36639e-09               
        3.67523     8.75378e-09               
        3.67645     6.36639e-09               
        3.67767     4.77479e-09               
        3.67889     1.03454e-08               
        3.68011     7.16218e-09               
        3.68133     4.77479e-09               
        3.68255     9.54958e-09               
        3.68377     3.97899e-09               
        3.68499     7.16218e-09               
        3.68621     7.95798e-09               
        3.68743     7.95798e-09               
        3.68865     9.54958e-09               
        3.68988     8.75378e-09               
         3.6911     8.75378e-09               
        3.69232     1.11412e-08               
        3.69354     1.11412e-08               
        3.69476     1.03454e-08               
        3.69598     7.95798e-09               
         3.6972     7.16218e-09               
        3.69842     8.75378e-09               
        3.69964     8.75378e-09               
