       0.600281     6.20723e-08               
       0.601501     5.72975e-08               
       0.602722     6.36639e-08               
       0.603943     8.91294e-08               
       0.605163     6.84386e-08               
       0.606384     7.00302e-08               
       0.607605     6.20723e-08               
       0.608826     5.57059e-08               
       0.610046     5.09311e-08               
       0.611267      6.6847e-08               
       0.612488     6.52555e-08               
       0.613708     4.93395e-08               
       0.614929      6.6847e-08               
        0.61615      8.2763e-08               
       0.617371     7.32134e-08               
       0.618591     7.32134e-08               
       0.619812     7.63966e-08               
       0.621033      6.6847e-08               
       0.622254     6.52555e-08               
       0.623474     7.16218e-08               
       0.624695     6.84386e-08               
       0.625916     6.84386e-08               
       0.627136     3.66067e-08               
       0.628357     6.52555e-08               
       0.629578     6.36639e-08               
       0.630799     5.72975e-08               
       0.632019     5.88891e-08               
        0.63324     5.72975e-08               
       0.634461     5.72975e-08               
       0.635681     7.32134e-08               
       0.636902     6.84386e-08               
       0.638122     5.72975e-08               
       0.639343     8.43546e-08               
       0.640564     4.45647e-08               
       0.641784     5.41143e-08               
       0.643006     6.20723e-08               
       0.644226     7.16218e-08               
       0.645447     4.77479e-08               
       0.646667     6.04807e-08               
       0.647888     5.41143e-08               
       0.649109     5.88891e-08               
        0.65033     5.57059e-08               
        0.65155     3.66067e-08               
       0.652771     6.04807e-08               
       0.653992     5.88891e-08               
       0.655212     4.29731e-08               
       0.656433     6.36639e-08               
       0.657654     6.20723e-08               
       0.658875     6.04807e-08               
       0.660095     5.41143e-08               
       0.661316     5.72975e-08               
       0.662537     7.16218e-08               
       0.663757     4.93395e-08               
       0.664978     6.04807e-08               
       0.666199     5.72975e-08               
        0.66742     6.36639e-08               
        0.66864     5.09311e-08               
       0.669861     4.93395e-08               
       0.671081     4.77479e-08               
       0.672302     5.25227e-08               
       0.673523      8.2763e-08               
       0.674743     6.52555e-08               
       0.675965     6.52555e-08               
       0.677185     4.93395e-08               
       0.678406     6.04807e-08               
       0.679626     5.41143e-08               
       0.680847     5.72975e-08               
       0.682068     4.45647e-08               
       0.683288      6.6847e-08               
       0.684509     4.29731e-08               
        0.68573      6.6847e-08               
       0.686951     5.41143e-08               
       0.688171     5.88891e-08               
       0.689392     5.88891e-08               
       0.690613     5.57059e-08               
       0.691833     6.84386e-08               
       0.693054     5.88891e-08               
       0.694275     5.09311e-08               
       0.695496     5.88891e-08               
       0.696716     8.59462e-08               
       0.697937     5.41143e-08               
       0.699158     4.45647e-08               
       0.700379     4.77479e-08               
       0.701599     4.61563e-08               
        0.70282     5.88891e-08               
       0.704041     5.88891e-08               
       0.705261     4.61563e-08               
       0.706482     4.45647e-08               
       0.707703     6.52555e-08               
       0.708924     6.20723e-08               
       0.710144     6.52555e-08               
       0.711365     6.52555e-08               
       0.712586     6.20723e-08               
       0.713806     5.72975e-08               
       0.715027     4.93395e-08               
       0.716247     5.41143e-08               
       0.717468     4.13815e-08               
       0.718689     5.09311e-08               
       0.719909     4.61563e-08               
       0.721131     4.29731e-08               
       0.722351     6.52555e-08               
       0.723572     3.97899e-08               
       0.724792     5.41143e-08               
       0.726013     5.09311e-08               
       0.727234     5.88891e-08               
       0.728455     4.29731e-08               
       0.729675     4.45647e-08               
       0.730896     4.45647e-08               
       0.732117     5.09311e-08               
       0.733337     6.04807e-08               
       0.734558     5.41143e-08               
       0.735779     5.25227e-08               
          0.737     4.13815e-08               
        0.73822     5.09311e-08               
       0.739441     5.09311e-08               
       0.740662     4.29731e-08               
       0.741883     5.88891e-08               
       0.743103     5.57059e-08               
       0.744324     6.04807e-08               
       0.745545     5.25227e-08               
       0.746765     5.41143e-08               
       0.747986     6.36639e-08               
       0.749206     4.13815e-08               
       0.750427     4.45647e-08               
       0.751648     5.09311e-08               
       0.752868     4.29731e-08               
        0.75409     4.93395e-08               
        0.75531     6.84386e-08               
       0.756531     4.29731e-08               
       0.757751     4.61563e-08               
       0.758972     4.93395e-08               
       0.760193     7.16218e-08               
       0.761413     5.88891e-08               
       0.762634     4.77479e-08               
       0.763855     5.25227e-08               
       0.765076     5.72975e-08               
       0.766296     4.61563e-08               
       0.767517     4.93395e-08               
       0.768738     2.86487e-08               
       0.769958     5.88891e-08               
       0.771179     3.34235e-08               
         0.7724     5.25227e-08               
       0.773621     3.18319e-08               
       0.774841     3.81983e-08               
       0.776062     3.66067e-08               
       0.777283     6.20723e-08               
       0.778504     5.41143e-08               
       0.779724     3.81983e-08               
       0.780945     3.81983e-08               
       0.782166     5.25227e-08               
       0.783386     5.88891e-08               
       0.784607     3.81983e-08               
       0.785828     6.36639e-08               
       0.787049     3.97899e-08               
       0.788269     4.61563e-08               
        0.78949     4.13815e-08               
       0.790711     4.93395e-08               
       0.791931     4.93395e-08               
       0.793152     3.34235e-08               
       0.794372     4.29731e-08               
       0.795593     3.66067e-08               
       0.796814     5.72975e-08               
       0.798034     4.13815e-08               
       0.799256     5.09311e-08               
       0.800476     5.25227e-08               
       0.801697     5.09311e-08               
       0.802917     4.61563e-08               
       0.804138     5.09311e-08               
       0.805359     4.93395e-08               
        0.80658     3.97899e-08               
         0.8078     4.13815e-08               
       0.809021     5.25227e-08               
       0.810242     6.52555e-08               
       0.811462     4.13815e-08               
       0.812683     4.93395e-08               
       0.813904     3.66067e-08               
       0.815125     4.61563e-08               
       0.816345     5.57059e-08               
       0.817566     3.66067e-08               
       0.818787     4.29731e-08               
       0.820007     4.29731e-08               
       0.821228     6.20723e-08               
       0.822449     3.02403e-08               
        0.82367     4.13815e-08               
        0.82489     4.29731e-08               
       0.826111     3.97899e-08               
       0.827331     5.25227e-08               
       0.828552     2.86487e-08               
       0.829773     5.41143e-08               
       0.830993     4.29731e-08               
       0.832215     4.45647e-08               
       0.833435     4.13815e-08               
       0.834656     5.88891e-08               
       0.835876     4.45647e-08               
       0.837097     3.50151e-08               
       0.838318     5.09311e-08               
       0.839538     4.29731e-08               
       0.840759     3.97899e-08               
        0.84198     4.13815e-08               
       0.843201     4.13815e-08               
       0.844421     5.25227e-08               
       0.845642     3.97899e-08               
       0.846863     4.13815e-08               
       0.848083     5.41143e-08               
       0.849304     3.66067e-08               
       0.850525     4.61563e-08               
       0.851746     6.04807e-08               
       0.852966     5.57059e-08               
       0.854187     4.93395e-08               
       0.855408     3.81983e-08               
       0.856629     4.45647e-08               
       0.857849     3.97899e-08               
        0.85907     5.25227e-08               
       0.860291     6.20723e-08               
       0.861511     5.72975e-08               
       0.862732     5.41143e-08               
       0.863953     5.25227e-08               
       0.865174     5.09311e-08               
       0.866394     3.81983e-08               
       0.867615     4.93395e-08               
       0.868836     3.81983e-08               
       0.870056     2.86487e-08               
       0.871277     2.54655e-08               
       0.872497     3.66067e-08               
       0.873718     3.66067e-08               
       0.874939     3.66067e-08               
       0.876159     3.34235e-08               
       0.877381     4.45647e-08               
       0.878601     3.18319e-08               
       0.879822     4.61563e-08               
       0.881042     2.86487e-08               
       0.882263     2.86487e-08               
       0.883484     3.50151e-08               
       0.884705     3.81983e-08               
       0.885925     4.77479e-08               
       0.887146     3.97899e-08               
       0.888367     4.61563e-08               
       0.889587     3.81983e-08               
       0.890808     3.81983e-08               
       0.892029     3.50151e-08               
        0.89325     2.86487e-08               
        0.89447     3.34235e-08               
       0.895691     3.97899e-08               
       0.896912     4.29731e-08               
       0.898133     4.45647e-08               
       0.899353     3.97899e-08               
       0.900574     4.45647e-08               
       0.901795     3.50151e-08               
       0.903015     3.66067e-08               
       0.904236     3.66067e-08               
       0.905456     4.77479e-08               
       0.906677     4.77479e-08               
       0.907898     3.50151e-08               
       0.909118     3.81983e-08               
        0.91034     2.86487e-08               
        0.91156     3.81983e-08               
       0.912781     4.13815e-08               
       0.914001     3.97899e-08               
       0.915222     4.61563e-08               
       0.916443     4.29731e-08               
       0.917663     4.45647e-08               
       0.918884     5.72975e-08               
       0.920105     3.50151e-08               
       0.921326     2.06908e-08               
       0.922546     2.54655e-08               
       0.923767     3.97899e-08               
       0.924988     3.18319e-08               
       0.926208     4.29731e-08               
       0.927429     2.22823e-08               
        0.92865     3.81983e-08               
       0.929871     2.38739e-08               
       0.931091     3.97899e-08               
       0.932312     3.97899e-08               
       0.933533     2.86487e-08               
       0.934754     2.70571e-08               
       0.935974     3.34235e-08               
       0.937195     2.70571e-08               
       0.938416     2.54655e-08               
       0.939636     3.50151e-08               
       0.940857     2.70571e-08               
       0.942078     4.29731e-08               
       0.943299     3.34235e-08               
       0.944519     3.97899e-08               
        0.94574     3.02403e-08               
       0.946961     5.25227e-08               
       0.948181     4.13815e-08               
       0.949402     3.02403e-08               
       0.950622     2.54655e-08               
       0.951843     4.45647e-08               
       0.953064     3.34235e-08               
       0.954284     4.61563e-08               
       0.955506     4.29731e-08               
       0.956726     3.97899e-08               
       0.957947     2.22823e-08               
       0.959167     2.38739e-08               
       0.960388     4.13815e-08               
       0.961609     3.97899e-08               
        0.96283     3.34235e-08               
        0.96405     3.66067e-08               
       0.965271     4.13815e-08               
       0.966492     3.81983e-08               
       0.967712     4.93395e-08               
       0.968933     5.09311e-08               
       0.970154     4.93395e-08               
       0.971375     3.18319e-08               
       0.972595     3.18319e-08               
       0.973816     3.50151e-08               
       0.975037     3.66067e-08               
       0.976257     3.02403e-08               
       0.977478     2.86487e-08               
       0.978699     3.97899e-08               
        0.97992     3.34235e-08               
        0.98114     2.70571e-08               
       0.982361     2.38739e-08               
       0.983581     3.02403e-08               
       0.984802     3.81983e-08               
       0.986023     3.18319e-08               
       0.987243     3.18319e-08               
       0.988465     3.18319e-08               
       0.989685     3.18319e-08               
       0.990906     3.18319e-08               
       0.992126     3.50151e-08               
       0.993347     3.02403e-08               
       0.994568     2.70571e-08               
       0.995788     4.13815e-08               
       0.997009     2.70571e-08               
        0.99823     4.45647e-08               
       0.999451     3.18319e-08               
        1.00067     1.90992e-08               
        1.00189     3.81983e-08               
        1.00311     3.18319e-08               
        1.00433     4.45647e-08               
        1.00555     3.18319e-08               
        1.00677     3.02403e-08               
        1.00799     2.38739e-08               
        1.00921     3.66067e-08               
        1.01043     3.66067e-08               
        1.01165     3.81983e-08               
        1.01287     4.29731e-08               
        1.01409     3.50151e-08               
        1.01531     3.81983e-08               
        1.01655     4.29731e-08               
        1.01777     3.18319e-08               
        1.01899     2.70571e-08               
        1.02021     2.70571e-08               
        1.02143     3.34235e-08               
        1.02265     3.02403e-08               
        1.02387     3.50151e-08               
        1.02509     3.34235e-08               
        1.02631     3.18319e-08               
        1.02753     3.50151e-08               
        1.02875     4.13815e-08               
        1.02997     4.61563e-08               
        1.03119     2.86487e-08               
        1.03241     4.29731e-08               
        1.03364     3.02403e-08               
        1.03486     2.54655e-08               
        1.03608     2.54655e-08               
         1.0373     2.54655e-08               
        1.03852     4.13815e-08               
        1.03974     2.54655e-08               
        1.04096     3.81983e-08               
        1.04218     4.13815e-08               
         1.0434     2.22823e-08               
        1.04462     3.97899e-08               
        1.04584     3.66067e-08               
        1.04706     2.86487e-08               
        1.04828     3.81983e-08               
         1.0495     3.18319e-08               
        1.05072     1.90992e-08               
        1.05194     2.22823e-08               
        1.05316     2.86487e-08               
        1.05438     2.86487e-08               
         1.0556     2.54655e-08               
        1.05682     2.06908e-08               
        1.05804     3.66067e-08               
        1.05926     3.66067e-08               
        1.06048     2.54655e-08               
         1.0617     3.50151e-08               
        1.06292     1.90992e-08               
        1.06414     2.22823e-08               
        1.06536     2.70571e-08               
        1.06658     2.54655e-08               
        1.06781     2.38739e-08               
        1.06903     2.06908e-08               
        1.07025     4.13815e-08               
        1.07147     3.97899e-08               
        1.07269     4.45647e-08               
        1.07391     1.90992e-08               
        1.07513     3.18319e-08               
        1.07635     2.06908e-08               
        1.07757     4.93395e-08               
        1.07879     3.50151e-08               
        1.08001     2.86487e-08               
        1.08123     2.54655e-08               
        1.08245     2.38739e-08               
        1.08367     2.38739e-08               
         1.0849     3.34235e-08               
        1.08613     2.54655e-08               
        1.08735     2.86487e-08               
        1.08857     3.18319e-08               
        1.08979     3.18319e-08               
        1.09101     3.02403e-08               
        1.09223     3.50151e-08               
        1.09345     2.22823e-08               
        1.09466     3.97899e-08               
        1.09588     4.93395e-08               
         1.0971     3.34235e-08               
        1.09832     2.86487e-08               
        1.09954     3.02403e-08               
        1.10076     2.70571e-08               
        1.10198     4.29731e-08               
        1.10322     2.86487e-08               
        1.10444     3.02403e-08               
        1.10566     2.38739e-08               
        1.10688     4.13815e-08               
         1.1081     3.34235e-08               
        1.10932     2.70571e-08               
        1.11054     2.54655e-08               
        1.11176     2.38739e-08               
        1.11298     2.86487e-08               
         1.1142     2.22823e-08               
        1.11542     2.06908e-08               
        1.11664     3.81983e-08               
        1.11786     4.45647e-08               
        1.11908     3.81983e-08               
        1.12031     2.70571e-08               
        1.12153      1.5916e-08               
        1.12275     2.54655e-08               
        1.12397     3.34235e-08               
        1.12519     3.18319e-08               
        1.12641     3.97899e-08               
        1.12763     2.70571e-08               
        1.12885     3.97899e-08               
        1.13007     3.66067e-08               
        1.13129     2.38739e-08               
        1.13251     3.02403e-08               
        1.13373     1.75076e-08               
        1.13495     2.86487e-08               
        1.13617     3.02403e-08               
        1.13739     3.34235e-08               
        1.13861     3.34235e-08               
        1.13983     2.54655e-08               
        1.14105     2.06908e-08               
        1.14227     2.38739e-08               
        1.14349     1.43244e-08               
        1.14471     2.38739e-08               
        1.14593     2.06908e-08               
        1.14715     3.66067e-08               
        1.14837     2.54655e-08               
        1.14959     2.06908e-08               
        1.15081     3.18319e-08               
        1.15203     4.13815e-08               
        1.15325     2.22823e-08               
        1.15448     1.27328e-08               
         1.1557     1.90992e-08               
        1.15692     2.86487e-08               
        1.15814     2.06908e-08               
        1.15936     2.70571e-08               
        1.16058     3.02403e-08               
         1.1618     2.06908e-08               
        1.16302     2.86487e-08               
        1.16424     3.02403e-08               
        1.16546     2.70571e-08               
        1.16668     2.22823e-08               
         1.1679     3.02403e-08               
        1.16912     3.02403e-08               
        1.17034     2.38739e-08               
        1.17157     3.34235e-08               
         1.1728     1.11412e-08               
        1.17402     2.06908e-08               
        1.17524     3.34235e-08               
        1.17646     2.38739e-08               
        1.17768     2.86487e-08               
         1.1789     2.06908e-08               
        1.18012     3.18319e-08               
        1.18134     1.11412e-08               
        1.18256     1.90992e-08               
        1.18378     4.13815e-08               
          1.185     3.02403e-08               
        1.18622     2.22823e-08               
        1.18744     2.54655e-08               
        1.18866     2.38739e-08               
        1.18989     4.45647e-08               
        1.19111     2.86487e-08               
        1.19233     3.81983e-08               
        1.19355     2.86487e-08               
        1.19477     2.54655e-08               
        1.19599     3.18319e-08               
        1.19721     3.02403e-08               
        1.19843     2.86487e-08               
        1.19965     3.66067e-08               
        1.20087     2.70571e-08               
        1.20209     3.18319e-08               
        1.20331     3.18319e-08               
        1.20453     2.38739e-08               
        1.20575     2.38739e-08               
        1.20697     2.22823e-08               
        1.20819     3.81983e-08               
        1.20941     2.54655e-08               
        1.21063     1.75076e-08               
        1.21185     2.06908e-08               
        1.21307     2.22823e-08               
        1.21429     2.22823e-08               
        1.21551     2.22823e-08               
        1.21673      1.5916e-08               
        1.21795     2.54655e-08               
        1.21917     2.06908e-08               
        1.22039     2.70571e-08               
        1.22161     2.54655e-08               
        1.22283     2.86487e-08               
        1.22406     2.38739e-08               
        1.22528     9.54958e-09               
         1.2265     2.38739e-08               
        1.22772     2.54655e-08               
        1.22894     3.02403e-08               
        1.23016     2.70571e-08               
        1.23138     2.38739e-08               
         1.2326     2.86487e-08               
        1.23382     2.86487e-08               
        1.23504     4.77479e-08               
        1.23626     4.45647e-08               
        1.23748     3.81983e-08               
         1.2387      1.5916e-08               
        1.23992     2.06908e-08               
        1.24115     2.22823e-08               
        1.24238     1.75076e-08               
         1.2436     2.54655e-08               
        1.24482     2.38739e-08               
        1.24604     2.70571e-08               
        1.24726     3.02403e-08               
        1.24848     2.54655e-08               
         1.2497     3.81983e-08               
        1.25091     2.06908e-08               
        1.25213     3.34235e-08               
        1.25335     2.54655e-08               
        1.25457     3.18319e-08               
        1.25579     2.06908e-08               
        1.25701     2.54655e-08               
        1.25823     1.90992e-08               
        1.25947     3.34235e-08               
        1.26069     2.86487e-08               
        1.26191     2.86487e-08               
        1.26313     1.43244e-08               
        1.26435     2.06908e-08               
        1.26557     2.54655e-08               
        1.26679     3.18319e-08               
        1.26801     2.38739e-08               
        1.26923     3.02403e-08               
        1.27045      1.5916e-08               
        1.27167     1.90992e-08               
        1.27289     4.29731e-08               
        1.27411     1.75076e-08               
        1.27533      1.5916e-08               
        1.27656     2.38739e-08               
        1.27778     2.38739e-08               
          1.279     2.70571e-08               
        1.28022     2.06908e-08               
        1.28144     3.18319e-08               
        1.28266     2.54655e-08               
        1.28388     2.38739e-08               
         1.2851     3.34235e-08               
        1.28632     4.77479e-08               
        1.28754     1.90992e-08               
        1.28876     2.70571e-08               
        1.28998     1.75076e-08               
         1.2912     2.86487e-08               
        1.29242     2.54655e-08               
        1.29364     2.38739e-08               
        1.29486     2.70571e-08               
        1.29608     2.70571e-08               
         1.2973     2.70571e-08               
        1.29852     2.22823e-08               
        1.29974     2.54655e-08               
        1.30096     3.02403e-08               
        1.30218     1.75076e-08               
         1.3034     2.70571e-08               
        1.30462     2.70571e-08               
        1.30584     3.34235e-08               
        1.30706     3.18319e-08               
        1.30828     2.06908e-08               
         1.3095     3.50151e-08               
        1.31073     2.54655e-08               
        1.31195     1.43244e-08               
        1.31317     2.06908e-08               
        1.31439     1.90992e-08               
        1.31561     2.70571e-08               
        1.31683     2.06908e-08               
        1.31805     2.70571e-08               
        1.31927     1.75076e-08               
        1.32049     2.38739e-08               
        1.32171     2.06908e-08               
        1.32293     2.54655e-08               
        1.32415     2.54655e-08               
        1.32537     1.90992e-08               
        1.32659      1.5916e-08               
        1.32781     2.86487e-08               
        1.32905     2.38739e-08               
        1.33027     3.50151e-08               
        1.33149     3.34235e-08               
        1.33271     2.22823e-08               
        1.33393     2.54655e-08               
        1.33515     2.86487e-08               
        1.33637     2.06908e-08               
        1.33759     3.97899e-08               
        1.33881     2.54655e-08               
        1.34003     2.38739e-08               
        1.34125     2.54655e-08               
        1.34247     3.50151e-08               
        1.34369     3.18319e-08               
        1.34491     2.06908e-08               
        1.34614      1.5916e-08               
        1.34736     2.22823e-08               
        1.34858     2.54655e-08               
         1.3498     2.70571e-08               
        1.35102     2.38739e-08               
        1.35224     2.38739e-08               
        1.35346     2.38739e-08               
        1.35468     2.86487e-08               
         1.3559     3.34235e-08               
        1.35712      1.5916e-08               
        1.35834     1.27328e-08               
        1.35956     3.18319e-08               
        1.36078     2.54655e-08               
          1.362     1.90992e-08               
        1.36322     1.75076e-08               
        1.36444     2.38739e-08               
        1.36566     2.22823e-08               
        1.36688     3.66067e-08               
         1.3681     2.70571e-08               
        1.36932     2.86487e-08               
        1.37054     2.06908e-08               
        1.37176     1.27328e-08               
        1.37298     2.38739e-08               
         1.3742     2.38739e-08               
        1.37542     2.38739e-08               
        1.37664     1.75076e-08               
        1.37786     3.18319e-08               
        1.37908     1.90992e-08               
        1.38031     3.02403e-08               
        1.38153     1.90992e-08               
        1.38275     2.70571e-08               
        1.38397     2.86487e-08               
        1.38519     3.34235e-08               
        1.38641     2.54655e-08               
        1.38763     2.06908e-08               
        1.38885      1.5916e-08               
        1.39007     1.75076e-08               
        1.39129     2.38739e-08               
        1.39251     2.54655e-08               
        1.39373     1.90992e-08               
        1.39495     1.43244e-08               
        1.39617     1.75076e-08               
         1.3974     2.06908e-08               
        1.39863     1.90992e-08               
        1.39985     1.75076e-08               
