        5.99854     3.18319e-09              
        5.99915     3.18319e-09              
        5.99976               0              
        6.00037     3.18319e-09              
        6.00098               0              
        6.00159               0              
         6.0022               0              
        6.00281     3.18319e-09              
        6.00342               0              
        6.00403               0              
        6.00464     3.18319e-09              
        6.00525     3.18319e-09              
        6.00586     3.18319e-09              
        6.00647               0              
        6.00708     3.18319e-09              
        6.00769     3.18319e-09              
         6.0083     6.36639e-09              
        6.00891     3.18319e-09              
        6.00952     3.18319e-09              
        6.01013     6.36639e-09              
        6.01074               0              
        6.01135               0              
        6.01196     9.54958e-09              
        6.01257               0              
        6.01318               0              
        6.01379     3.18319e-09              
         6.0144               0              
        6.01501     6.36639e-09              
        6.01562     3.18319e-09              
        6.01624     3.18319e-09              
        6.01685     6.36639e-09              
        6.01746               0              
        6.01807               0              
        6.01868     3.18319e-09              
        6.01929               0              
         6.0199     3.18319e-09              
        6.02051     3.18319e-09              
        6.02112     3.18319e-09              
        6.02173               0              
        6.02234     3.18319e-09              
        6.02295     6.36639e-09              
        6.02356     3.18319e-09              
        6.02417     3.18319e-09              
        6.02478               0              
        6.02539               0              
          6.026               0              
        6.02661     9.54958e-09              
        6.02722               0              
        6.02783     3.18319e-09              
        6.02844     3.18319e-09              
        6.02905               0              
        6.02966               0              
        6.03027     3.18319e-09              
        6.03088     9.54958e-09              
        6.03149     3.18319e-09              
         6.0321               0              
        6.03271     3.18319e-09              
        6.03333               0              
        6.03394               0              
        6.03455               0              
        6.03516     6.36639e-09              
        6.03577     9.54958e-09              
        6.03638     3.18319e-09              
        6.03699     6.36639e-09              
         6.0376               0              
        6.03821               0              
        6.03882               0              
        6.03943     9.54958e-09              
        6.04004               0              
        6.04065     9.54958e-09              
        6.04126     3.18319e-09              
        6.04187     3.18319e-09              
        6.04248     3.18319e-09              
        6.04309               0              
         6.0437     9.54958e-09              
        6.04431     3.18319e-09              
        6.04492               0              
        6.04553     6.36639e-09              
        6.04614     3.18319e-09              
        6.04675     6.36639e-09              
        6.04736               0              
        6.04797     3.18319e-09              
        6.04858               0              
        6.04919     3.18319e-09              
         6.0498     6.36639e-09              
        6.05042     6.36639e-09              
        6.05103     6.36639e-09              
        6.05164               0              
        6.05225     3.18319e-09              
        6.05286     6.36639e-09              
        6.05347     3.18319e-09              
        6.05408               0              
        6.05469               0              
         6.0553               0              
        6.05591     9.54958e-09              
        6.05652               0              
        6.05713               0              
        6.05774     9.54958e-09              
        6.05835     9.54958e-09              
        6.05896               0              
        6.05957     3.18319e-09              
        6.06018     3.18319e-09              
        6.06079     3.18319e-09              
         6.0614     3.18319e-09              
        6.06201     3.18319e-09              
        6.06262     3.18319e-09              
        6.06323               0              
        6.06384     6.36639e-09              
        6.06445               0              
        6.06506     3.18319e-09              
        6.06567               0              
        6.06628               0              
        6.06689     3.18319e-09              
         6.0675               0              
        6.06812               0              
        6.06873     3.18319e-09              
        6.06934               0              
        6.06995               0              
        6.07056               0              
        6.07117     3.18319e-09              
        6.07178               0              
        6.07239               0              
          6.073     3.18319e-09              
        6.07361               0              
        6.07422               0              
        6.07483               0              
        6.07544               0              
        6.07605     3.18319e-09              
        6.07666     6.36639e-09              
        6.07727     3.18319e-09              
        6.07788               0              
        6.07849     3.18319e-09              
         6.0791     3.18319e-09              
        6.07971               0              
        6.08032               0              
        6.08093               0              
        6.08154     3.18319e-09              
        6.08215     6.36639e-09              
        6.08276     3.18319e-09              
        6.08337     3.18319e-09              
        6.08398               0              
        6.08459     3.18319e-09              
        6.08521     3.18319e-09              
        6.08582               0              
        6.08643     2.86487e-08              
        6.08704     3.18319e-09              
        6.08765     3.18319e-09              
        6.08826     3.18319e-09              
        6.08887     3.18319e-09              
        6.08948     6.36639e-09              
        6.09009               0              
         6.0907     3.18319e-09              
        6.09131     3.18319e-09              
        6.09192     3.18319e-09              
        6.09253               0              
        6.09314               0              
        6.09375     6.36639e-09              
        6.09436               0              
        6.09497     6.36639e-09              
        6.09558     3.18319e-09              
        6.09619               0              
         6.0968     3.18319e-09              
        6.09741     3.18319e-09              
        6.09802     3.18319e-09              
        6.09863     3.18319e-09              
        6.09924               0              
        6.09985     6.36639e-09              
        6.10046               0              
        6.10107     3.18319e-09              
        6.10168               0              
        6.10229               0              
        6.10291               0              
        6.10352     3.18319e-09              
        6.10413               0              
        6.10474     6.36639e-09              
        6.10535     3.18319e-09              
        6.10596               0              
        6.10657     3.18319e-09              
        6.10718     6.36639e-09              
        6.10779     6.36639e-09              
         6.1084     3.18319e-09              
        6.10901               0              
        6.10962     3.18319e-09              
        6.11023               0              
        6.11084      6.8757e-07              
        6.11145     3.18319e-09              
        6.11206               0              
        6.11267     6.36639e-09              
        6.11328               0              
        6.11389               0              
         6.1145               0              
        6.11511     6.36639e-09              
        6.11572     3.18319e-09              
        6.11633     6.36639e-09              
        6.11694     6.36639e-09              
        6.11755               0              
        6.11816     3.18319e-09              
        6.11877               0              
        6.11938     3.18319e-09              
           6.12     3.18319e-09              
        6.12061               0              
        6.12122     6.36639e-09              
        6.12183               0              
        6.12244     3.18319e-09              
        6.12305               0              
        6.12366               0              
        6.12427               0              
        6.12488               0              
        6.12549     3.18319e-09              
         6.1261     3.18319e-09              
        6.12671               0              
        6.12732               0              
        6.12793     3.18319e-09              
        6.12854               0              
        6.12915     6.36639e-09              
        6.12976               0              
        6.13037     3.18319e-09              
        6.13098               0              
        6.13159               0              
         6.1322     3.18319e-09              
        6.13281               0              
        6.13342               0              
        6.13403               0              
        6.13464     6.36639e-09              
        6.13525     3.18319e-09              
        6.13586               0              
        6.13647     6.36639e-09              
        6.13708     3.18319e-09              
         6.1377               0              
        6.13831               0              
        6.13892               0              
        6.13953               0              
        6.14014     3.18319e-09              
        6.14075               0              
        6.14136     3.18319e-09              
        6.14197     3.18319e-09              
        6.14258     6.36639e-09              
        6.14319     6.36639e-09              
         6.1438               0              
        6.14441     3.18319e-09              
        6.14502               0              
        6.14563     9.54958e-09              
        6.14624     6.36639e-09              
        6.14685     3.18319e-09              
        6.14746               0              
        6.14807     6.36639e-09              
        6.14868               0              
        6.14929               0              
         6.1499               0              
        6.15051               0              
        6.15112               0              
        6.15173               0              
        6.15234     3.18319e-09              
        6.15295     3.18319e-09              
        6.15356               0              
        6.15417               0              
        6.15479               0              
         6.1554     3.18319e-09              
        6.15601               0              
        6.15662     3.18319e-09              
        6.15723               0              
        6.15784               0              
        6.15845               0              
        6.15906               0              
        6.15967     3.18319e-09              
        6.16028     9.54958e-09              
        6.16089               0              
         6.1615               0              
        6.16211               0              
        6.16272               0              
        6.16333     3.18319e-09              
        6.16394     3.18319e-09              
        6.16455               0              
        6.16516               0              
        6.16577     3.18319e-09              
        6.16638     6.36639e-09              
        6.16699     9.54958e-09              
         6.1676     6.36639e-09              
        6.16821     3.18319e-09              
        6.16882     3.18319e-09              
        6.16943     3.18319e-09              
        6.17004     3.18319e-09              
        6.17065     3.18319e-09              
        6.17126     3.18319e-09              
        6.17188     3.18319e-09              
        6.17249               0              
         6.1731     3.18319e-09              
        6.17371               0              
        6.17432     3.18319e-09              
        6.17493     3.18319e-09              
        6.17554     3.18319e-09              
        6.17615     3.18319e-09              
        6.17676     3.18319e-09              
        6.17737     3.18319e-09              
        6.17798               0              
        6.17859               0              
         6.1792     3.18319e-09              
        6.17981               0              
        6.18042     3.18319e-09              
        6.18103     6.36639e-09              
        6.18164      1.5916e-08              
        6.18225               0              
        6.18286               0              
        6.18347               0              
        6.18408     6.36639e-09              
        6.18469     3.18319e-09              
         6.1853               0              
        6.18591               0              
        6.18652               0              
        6.18713     3.18319e-09              
        6.18774     3.18319e-09              
        6.18835     3.18319e-09              
        6.18896               0              
        6.18958               0              
        6.19019     3.18319e-09              
         6.1908               0              
        6.19141     3.18319e-09              
        6.19202               0              
        6.19263               0              
        6.19324               0              
        6.19385     3.18319e-09              
        6.19446               0              
        6.19507     3.18319e-09              
        6.19568               0              
        6.19629     3.18319e-09              
         6.1969     3.18319e-09              
        6.19751     3.18319e-09              
        6.19812               0              
        6.19873               0              
        6.19934     9.54958e-09              
        6.19995     3.18319e-09              
        6.20056               0              
        6.20117     3.18319e-09              
        6.20178               0              
        6.20239     6.36639e-09              
          6.203               0              
        6.20361     9.54958e-09              
        6.20422     3.18319e-09              
        6.20483     3.18319e-09              
        6.20544     3.18319e-09              
        6.20605               0              
        6.20667               0              
        6.20728               0              
        6.20789               0              
         6.2085               0              
        6.20911               0              
        6.20972               0              
        6.21033               0              
        6.21094               0              
        6.21155               0              
        6.21216               0              
        6.21277     3.18319e-09              
        6.21338               0              
        6.21399     3.18319e-09              
         6.2146               0              
        6.21521     3.18319e-09              
        6.21582     3.18319e-09              
        6.21643     3.18319e-09              
        6.21704     3.18319e-09              
        6.21765               0              
        6.21826     3.18319e-09              
        6.21887     3.18319e-09              
        6.21948               0              
        6.22009               0              
         6.2207               0              
        6.22131     9.54958e-09              
        6.22192     3.18319e-09              
        6.22253     3.18319e-09              
        6.22314               0              
        6.22375               0              
        6.22437               0              
        6.22498               0              
        6.22559               0              
         6.2262     3.18319e-09              
        6.22681     3.18319e-09              
        6.22742     6.36639e-09              
        6.22803               0              
        6.22864     6.36639e-09              
        6.22925     3.18319e-09              
        6.22986     3.18319e-09              
        6.23047               0              
        6.23108               0              
        6.23169               0              
         6.2323               0              
        6.23291     6.36639e-09              
        6.23352               0              
        6.23413               0              
        6.23474               0              
        6.23535     6.36639e-09              
        6.23596     6.36639e-09              
        6.23657     6.36639e-09              
        6.23718     3.18319e-09              
        6.23779               0              
         6.2384               0              
        6.23901     3.18319e-09              
        6.23962               0              
        6.24023     9.54958e-09              
        6.24084     3.18319e-09              
        6.24146               0              
        6.24207     3.18319e-09              
        6.24268     6.36639e-09              
        6.24329     3.18319e-09              
         6.2439     3.18319e-09              
        6.24451     6.36639e-09              
        6.24512               0              
        6.24573               0              
        6.24634               0              
        6.24695     3.18319e-09              
        6.24756     3.18319e-09              
        6.24817               0              
        6.24878               0              
        6.24939               0              
           6.25               0              
        6.25061     3.18319e-09              
        6.25122     6.36639e-09              
        6.25183     1.90992e-08              
        6.25244      1.5916e-08              
        6.25305     6.36639e-09              
        6.25366               0              
        6.25427               0              
        6.25488     3.18319e-09              
        6.25549               0              
         6.2561     3.18319e-09              
        6.25671     3.18319e-09              
        6.25732               0              
        6.25793               0              
        6.25854               0              
        6.25916     3.18319e-09              
        6.25977     3.18319e-09              
        6.26038               0              
        6.26099               0              
         6.2616     3.18319e-09              
        6.26221               0              
        6.26282     3.18319e-09              
        6.26343     9.54958e-09              
        6.26404     3.18319e-09              
        6.26465     3.18319e-09              
        6.26526     6.36639e-09              
        6.26587               0              
        6.26648               0              
        6.26709     9.54958e-09              
         6.2677     3.18319e-09              
        6.26831     3.18319e-09              
        6.26892     3.18319e-09              
        6.26953               0              
        6.27014               0              
        6.27075     3.18319e-09              
        6.27136               0              
        6.27197               0              
        6.27258     3.18319e-09              
        6.27319     3.18319e-09              
         6.2738     3.18319e-09              
        6.27441     6.36639e-09              
        6.27502               0              
        6.27563     6.36639e-09              
        6.27625     3.18319e-09              
        6.27686     3.18319e-09              
        6.27747               0              
        6.27808     9.54958e-09              
        6.27869               0              
         6.2793     6.36639e-09              
        6.27991               0              
        6.28052     3.18319e-09              
        6.28113     3.18319e-09              
        6.28174     3.18319e-09              
        6.28235               0              
        6.28296               0              
        6.28357               0              
        6.28418               0              
        6.28479               0              
         6.2854     3.18319e-09              
        6.28601     3.18319e-09              
        6.28662     9.54958e-09              
        6.28723               0              
        6.28784     9.54958e-09              
        6.28845               0              
        6.28906               0              
        6.28967     3.18319e-09              
        6.29028     3.18319e-09              
        6.29089     6.36639e-09              
         6.2915               0              
        6.29211     3.18319e-09              
        6.29272     9.54958e-09              
        6.29333     3.18319e-09              
        6.29395     3.18319e-09              
        6.29456               0              
        6.29517               0              
        6.29578     6.36639e-09              
        6.29639     3.18319e-09              
          6.297     3.18319e-09              
        6.29761               0              
        6.29822     3.18319e-09              
        6.29883     6.36639e-09              
        6.29944     3.18319e-09              
        6.30005     3.18319e-09              
        6.30066     6.36639e-09              
        6.30127     3.18319e-09              
        6.30188               0              
        6.30249               0              
         6.3031     3.18319e-09              
        6.30371               0              
        6.30432               0              
        6.30493     3.18319e-09              
        6.30554               0              
        6.30615               0              
        6.30676     3.18319e-09              
        6.30737     6.36639e-09              
        6.30798               0              
        6.30859     3.18319e-09              
         6.3092               0              
        6.30981               0              
        6.31042     3.18319e-09              
        6.31104               0              
        6.31165     3.18319e-09              
        6.31226     6.36639e-09              
        6.31287     6.36639e-09              
        6.31348               0              
        6.31409     6.36639e-09              
         6.3147     9.54958e-09              
        6.31531               0              
        6.31592     3.18319e-09              
        6.31653               0              
        6.31714     6.36639e-09              
        6.31775               0              
        6.31836               0              
        6.31897     3.18319e-09              
        6.31958     6.36639e-09              
        6.32019               0              
         6.3208               0              
        6.32141               0              
        6.32202               0              
        6.32263     3.18319e-09              
        6.32324               0              
        6.32385     6.36639e-09              
        6.32446     3.18319e-09              
        6.32507               0              
        6.32568     6.36639e-09              
        6.32629     3.18319e-09              
         6.3269               0              
        6.32751               0              
        6.32812     6.36639e-09              
        6.32874     3.18319e-09              
        6.32935               0              
        6.32996               0              
        6.33057     3.18319e-09              
        6.33118               0              
        6.33179               0              
         6.3324     3.18319e-09              
        6.33301               0              
        6.33362               0              
        6.33423     6.36639e-09              
        6.33484     6.36639e-09              
        6.33545               0              
        6.33606     6.36639e-09              
        6.33667     9.54958e-09              
        6.33728               0              
        6.33789               0              
         6.3385     3.18319e-09              
        6.33911     9.54958e-09              
        6.33972               0              
        6.34033     3.18319e-09              
        6.34094     6.36639e-09              
        6.34155     6.36639e-09              
        6.34216     3.18319e-09              
        6.34277     3.18319e-09              
        6.34338               0              
        6.34399               0              
         6.3446               0              
        6.34521               0              
        6.34583               0              
        6.34644               0              
        6.34705     3.18319e-09              
        6.34766     9.54958e-09              
        6.34827               0              
        6.34888               0              
        6.34949               0              
         6.3501               0              
        6.35071     6.36639e-09              
        6.35132               0              
        6.35193               0              
        6.35254               0              
        6.35315     6.36639e-09              
        6.35376     3.18319e-09              
        6.35437               0              
        6.35498               0              
        6.35559     6.36639e-09              
         6.3562               0              
        6.35681     3.18319e-09              
        6.35742               0              
        6.35803     3.18319e-09              
        6.35864     3.18319e-09              
        6.35925     3.18319e-09              
        6.35986     3.18319e-09              
        6.36047               0              
        6.36108               0              
        6.36169               0              
         6.3623     6.36639e-09              
        6.36292     3.18319e-09              
        6.36353               0              
        6.36414               0              
        6.36475     6.36639e-09              
        6.36536     3.18319e-09              
        6.36597     3.18319e-09              
        6.36658               0              
        6.36719               0              
         6.3678     3.18319e-09              
        6.36841     6.36639e-09              
        6.36902     3.18319e-09              
        6.36963     6.36639e-09              
        6.37024     3.18319e-09              
        6.37085     6.36639e-09              
        6.37146     3.18319e-09              
        6.37207     6.36639e-09              
        6.37268               0              
        6.37329     3.18319e-09              
         6.3739               0              
        6.37451     3.18319e-09              
        6.37512     3.18319e-09              
        6.37573     3.18319e-09              
        6.37634               0              
        6.37695     6.36639e-09              
        6.37756     9.54958e-09              
        6.37817     3.18319e-09              
        6.37878     1.27328e-08              
        6.37939               0              
           6.38               0              
        6.38062     3.18319e-09              
        6.38123               0              
        6.38184               0              
        6.38245     3.18319e-09              
        6.38306               0              
        6.38367     3.18319e-09              
        6.38428     1.27328e-08              
        6.38489               0              
         6.3855     6.36639e-09              
        6.38611     3.18319e-09              
        6.38672               0              
        6.38733     6.36639e-09              
        6.38794     6.36639e-09              
        6.38855     3.18319e-09              
        6.38916     3.18319e-09              
        6.38977     3.18319e-09              
        6.39038               0              
        6.39099     3.18319e-09              
         6.3916               0              
        6.39221     3.18319e-09              
        6.39282               0              
        6.39343               0              
        6.39404               0              
        6.39465               0              
        6.39526               0              
        6.39587               0              
        6.39648     3.18319e-09              
        6.39709               0              
        6.39771     3.18319e-09              
        6.39832     3.18319e-09              
        6.39893     3.18319e-09              
        6.39954               0              
        6.40015     3.18319e-09              
        6.40076               0              
        6.40137     3.18319e-09              
        6.40198     6.36639e-09              
        6.40259               0              
         6.4032     3.18319e-09              
        6.40381     3.18319e-09              
        6.40442     3.18319e-09              
        6.40503     3.18319e-09              
        6.40564     3.18319e-09              
        6.40625     3.18319e-09              
        6.40686     3.18319e-09              
        6.40747               0              
        6.40808               0              
        6.40869               0              
         6.4093               0              
        6.40991               0              
        6.41052               0              
        6.41113     3.18319e-09              
        6.41174               0              
        6.41235               0              
        6.41296     3.18319e-09              
        6.41357     9.54958e-09              
        6.41418               0              
        6.41479     6.36639e-09              
        6.41541     3.18319e-09              
        6.41602               0              
        6.41663               0              
        6.41724     3.18319e-09              
        6.41785               0              
        6.41846     3.18319e-09              
        6.41907               0              
        6.41968     3.18319e-09              
        6.42029     3.18319e-09              
         6.4209               0              
        6.42151     9.54958e-09              
        6.42212               0              
        6.42273     9.54958e-09              
        6.42334               0              
        6.42395               0              
        6.42456     3.18319e-09              
        6.42517               0              
        6.42578               0              
        6.42639               0              
          6.427               0              
        6.42761     6.36639e-09              
        6.42822               0              
        6.42883               0              
        6.42944     3.18319e-09              
        6.43005     3.18319e-09              
        6.43066     3.18319e-09              
        6.43127     3.18319e-09              
        6.43188     3.18319e-09              
         6.4325               0              
        6.43311               0              
        6.43372     3.18319e-09              
        6.43433     3.18319e-09              
        6.43494     3.18319e-09              
        6.43555               0              
        6.43616     3.18319e-09              
        6.43677               0              
        6.43738     6.36639e-09              
        6.43799               0              
         6.4386               0              
        6.43921     3.18319e-09              
        6.43982               0              
        6.44043     6.36639e-09              
        6.44104               0              
        6.44165     3.18319e-09              
        6.44226     3.18319e-09              
        6.44287     1.27328e-08              
        6.44348               0              
        6.44409               0              
         6.4447     6.36639e-09              
        6.44531     3.18319e-09              
        6.44592     3.18319e-09              
        6.44653     3.18319e-09              
        6.44714               0              
        6.44775     3.18319e-09              
        6.44836     3.18319e-09              
        6.44897               0              
        6.44958               0              
         6.4502     3.18319e-09              
        6.45081               0              
        6.45142     3.18319e-09              
        6.45203     3.18319e-09              
        6.45264               0              
        6.45325               0              
        6.45386     9.54958e-09              
        6.45447     3.18319e-09              
        6.45508               0              
        6.45569     6.36639e-09              
         6.4563               0              
        6.45691     6.36639e-09              
        6.45752               0              
        6.45813     3.18319e-09              
        6.45874     3.18319e-09              
        6.45935               0              
        6.45996               0              
        6.46057               0              
        6.46118     3.18319e-09              
        6.46179               0              
         6.4624               0              
        6.46301               0              
        6.46362     3.18319e-09              
        6.46423     3.18319e-09              
        6.46484     3.18319e-09              
        6.46545     6.36639e-09              
        6.46606     3.18319e-09              
        6.46667               0              
        6.46729     6.36639e-09              
         6.4679     6.36639e-09              
        6.46851               0              
        6.46912               0              
        6.46973               0              
        6.47034     3.18319e-09              
        6.47095     3.18319e-09              
        6.47156     3.18319e-09              
        6.47217     3.18319e-09              
        6.47278               0              
        6.47339     3.18319e-09              
          6.474     3.18319e-09              
        6.47461               0              
        6.47522     9.54958e-09              
        6.47583     6.36639e-09              
        6.47644     6.36639e-09              
        6.47705     6.36639e-09              
        6.47766               0              
        6.47827               0              
        6.47888               0              
        6.47949     3.18319e-09              
         6.4801     3.18319e-09              
        6.48071     6.36639e-09              
        6.48132               0              
        6.48193     3.18319e-09              
        6.48254     3.18319e-09              
        6.48315               0              
        6.48376               0              
        6.48438     3.18319e-09              
        6.48499     3.18319e-09              
         6.4856     6.36639e-09              
        6.48621               0              
        6.48682               0              
        6.48743     6.36639e-09              
        6.48804     6.36639e-09              
        6.48865     3.18319e-09              
        6.48926     6.36639e-09              
        6.48987     3.18319e-09              
        6.49048               0              
        6.49109     6.36639e-09              
         6.4917               0              
        6.49231               0              
        6.49292     3.18319e-09              
        6.49353     3.18319e-09              
        6.49414     3.18319e-09              
        6.49475     3.18319e-09              
        6.49536               0              
        6.49597               0              
        6.49658     3.18319e-09              
        6.49719     9.54958e-09              
         6.4978               0              
        6.49841     3.18319e-09              
        6.49902               0              
        6.49963               0              
        6.50024     3.18319e-09              
        6.50085               0              
        6.50146     6.36639e-09              
        6.50208     3.18319e-09              
        6.50269     3.18319e-09              
         6.5033               0              
        6.50391     3.18319e-09              
        6.50452     3.18319e-09              
        6.50513     9.54958e-09              
        6.50574     3.18319e-09              
        6.50635     3.18319e-09              
        6.50696     3.18319e-09              
        6.50757               0              
        6.50818     6.36639e-09              
        6.50879               0              
         6.5094               0              
        6.51001     9.54958e-09              
        6.51062               0              
        6.51123     6.36639e-09              
        6.51184     3.18319e-09              
        6.51245     3.18319e-09              
        6.51306     6.36639e-09              
        6.51367     3.18319e-09              
        6.51428               0              
        6.51489     6.36639e-09              
         6.5155               0              
        6.51611               0              
        6.51672               0              
        6.51733               0              
        6.51794               0              
        6.51855               0              
        6.51917     3.18319e-09              
        6.51978               0              
        6.52039               0              
          6.521               0              
        6.52161     3.18319e-09              
        6.52222     3.18319e-09              
        6.52283     3.18319e-09              
        6.52344     3.18319e-09              
        6.52405     3.18319e-09              
        6.52466               0              
        6.52527     3.18319e-09              
        6.52588               0              
        6.52649     3.18319e-09              
         6.5271               0              
        6.52771               0              
        6.52832               0              
        6.52893               0              
        6.52954               0              
        6.53015     3.18319e-09              
        6.53076               0              
        6.53137               0              
        6.53198               0              
        6.53259               0              
         6.5332               0              
        6.53381               0              
        6.53442     3.18319e-09              
        6.53503     3.18319e-09              
        6.53564     9.54958e-09              
        6.53625     3.18319e-09              
        6.53687               0              
        6.53748               0              
        6.53809     3.18319e-09              
         6.5387               0              
        6.53931     6.36639e-09              
        6.53992     6.36639e-09              
        6.54053     3.18319e-09              
        6.54114               0              
        6.54175               0              
        6.54236     3.18319e-09              
        6.54297     3.18319e-09              
        6.54358     6.36639e-09              
        6.54419     3.18319e-09              
         6.5448     3.18319e-09              
        6.54541     6.36639e-09              
        6.54602     3.18319e-09              
        6.54663     6.36639e-09              
        6.54724     3.18319e-09              
        6.54785               0              
        6.54846     6.36639e-09              
        6.54907               0              
        6.54968     3.18319e-09              
        6.55029     6.36639e-09              
         6.5509               0              
        6.55151               0              
        6.55212     3.18319e-09              
        6.55273               0              
        6.55334     3.18319e-09              
        6.55396               0              
        6.55457     3.18319e-09              
        6.55518               0              
        6.55579     3.18319e-09              
         6.5564               0              
        6.55701     3.18319e-09              
        6.55762               0              
        6.55823               0              
        6.55884     6.36639e-09              
        6.55945     6.36639e-09              
        6.56006     3.18319e-09              
        6.56067               0              
        6.56128               0              
        6.56189     3.18319e-09              
         6.5625               0              
        6.56311     3.18319e-09              
        6.56372     9.54958e-09              
        6.56433               0              
        6.56494               0              
        6.56555               0              
        6.56616               0              
        6.56677               0              
        6.56738               0              
        6.56799               0              
         6.5686     3.18319e-09              
        6.56921               0              
        6.56982               0              
        6.57043     9.54958e-09              
        6.57104               0              
        6.57166     3.18319e-09              
        6.57227               0              
        6.57288     3.18319e-09              
        6.57349     3.18319e-09              
         6.5741               0              
        6.57471               0              
        6.57532               0              
        6.57593     3.18319e-09              
        6.57654     3.18319e-09              
        6.57715     9.54958e-09              
        6.57776     3.18319e-09              
        6.57837               0              
        6.57898     3.18319e-09              
        6.57959     9.54958e-09              
         6.5802               0              
        6.58081     6.36639e-09              
        6.58142     3.18319e-09              
        6.58203               0              
        6.58264     3.18319e-09              
        6.58325     3.18319e-09              
        6.58386               0              
        6.58447               0              
        6.58508     3.18319e-09              
        6.58569     3.18319e-09              
         6.5863               0              
        6.58691     3.18319e-09              
        6.58752     6.36639e-09              
        6.58813     3.18319e-09              
        6.58875               0              
        6.58936     3.18319e-09              
        6.58997               0              
        6.59058     3.18319e-09              
        6.59119               0              
         6.5918     3.18319e-09              
        6.59241     3.18319e-09              
        6.59302               0              
        6.59363     3.18319e-09              
        6.59424     6.36639e-09              
        6.59485     3.18319e-09              
        6.59546               0              
        6.59607     6.36639e-09              
        6.59668     6.36639e-09              
        6.59729               0              
         6.5979               0              
        6.59851     6.36639e-09              
        6.59912               0              
        6.59973               0              
        6.60034     6.36639e-09              
        6.60095               0              
        6.60156     3.18319e-09              
        6.60217               0              
        6.60278               0              
        6.60339     3.18319e-09              
          6.604     3.18319e-09              
        6.60461               0              
        6.60522     6.36639e-09              
        6.60583               0              
        6.60645     6.36639e-09              
        6.60706     3.18319e-09              
        6.60767     6.36639e-09              
        6.60828     3.18319e-09              
        6.60889               0              
         6.6095               0              
        6.61011     3.18319e-09              
        6.61072               0              
        6.61133               0              
        6.61194     3.18319e-09              
        6.61255     3.18319e-09              
        6.61316     3.18319e-09              
        6.61377     3.18319e-09              
        6.61438               0              
        6.61499               0              
         6.6156     3.18319e-09              
        6.61621     6.36639e-09              
        6.61682               0              
        6.61743               0              
        6.61804     6.36639e-09              
        6.61865               0              
        6.61926      3.0877e-07              
        6.61987     3.18319e-09              
        6.62048               0              
        6.62109               0              
         6.6217               0              
        6.62231               0              
        6.62292               0              
        6.62354               0              
        6.62415               0              
        6.62476               0              
        6.62537               0              
        6.62598     3.18319e-09              
        6.62659               0              
         6.6272               0              
        6.62781     1.65526e-07              
        6.62842               0              
        6.62903               0              
        6.62964     3.18319e-09              
        6.63025               0              
        6.63086               0              
        6.63147     3.18319e-09              
        6.63208               0              
        6.63269               0              
         6.6333               0              
        6.63391               0              
        6.63452               0              
        6.63513               0              
        6.63574               0              
        6.63635     6.36639e-09              
        6.63696     3.18319e-09              
        6.63757     3.18319e-09              
        6.63818     6.36639e-09              
        6.63879               0              
         6.6394     3.18319e-09              
        6.64001               0              
        6.64062     3.18319e-09              
        6.64124     6.36639e-09              
        6.64185     9.54958e-09              
        6.64246     3.18319e-09              
        6.64307     3.18319e-09              
        6.64368     3.18319e-09              
        6.64429               0              
         6.6449     3.18319e-09              
        6.64551               0              
        6.64612     3.18319e-09              
        6.64673               0              
        6.64734               0              
        6.64795     6.36639e-09              
        6.64856     3.18319e-09              
        6.64917               0              
        6.64978               0              
        6.65039     3.18319e-09              
          6.651               0              
        6.65161               0              
        6.65222               0              
        6.65283               0              
        6.65344     3.18319e-09              
        6.65405               0              
        6.65466               0              
        6.65527               0              
        6.65588     6.36639e-09              
        6.65649               0              
         6.6571               0              
        6.65771               0              
        6.65833     6.36639e-09              
        6.65894               0              
        6.65955               0              
        6.66016               0              
        6.66077               0              
        6.66138               0              
        6.66199               0              
         6.6626               0              
        6.66321     3.18319e-09              
        6.66382               0              
        6.66443     3.18319e-09              
        6.66504               0              
        6.66565     3.18319e-09              
        6.66626               0              
        6.66687     3.18319e-09              
        6.66748               0              
        6.66809               0              
         6.6687               0              
        6.66931               0              
        6.66992               0              
        6.67053               0              
        6.67114               0              
        6.67175     6.36639e-09              
        6.67236     3.18319e-09              
        6.67297     3.18319e-09              
        6.67358     6.36639e-09              
        6.67419               0              
         6.6748               0              
        6.67542               0              
        6.67603               0              
        6.67664               0              
        6.67725               0              
        6.67786               0              
        6.67847               0              
        6.67908               0              
        6.67969     3.18319e-09              
         6.6803     3.18319e-09              
        6.68091     9.54958e-09              
        6.68152               0              
        6.68213               0              
        6.68274               0              
        6.68335     3.18319e-09              
        6.68396     3.18319e-09              
        6.68457     3.18319e-09              
        6.68518     6.36639e-09              
        6.68579     3.18319e-09              
         6.6864               0              
        6.68701               0              
        6.68762     3.18319e-09              
        6.68823     6.36639e-09              
        6.68884     6.36639e-09              
        6.68945               0              
        6.69006     3.18319e-09              
        6.69067               0              
        6.69128               0              
        6.69189               0              
         6.6925               0              
        6.69312               0              
        6.69373               0              
        6.69434     3.18319e-09              
        6.69495     9.54958e-09              
        6.69556     3.18319e-09              
        6.69617               0              
        6.69678               0              
        6.69739     3.18319e-09              
          6.698               0              
        6.69861               0              
        6.69922     3.18319e-09              
        6.69983     3.18319e-09              
        6.70044     3.18319e-09              
        6.70105     6.36639e-09              
        6.70166               0              
        6.70227     3.18319e-09              
        6.70288     3.18319e-09              
        6.70349     3.18319e-09              
         6.7041     6.36639e-09              
        6.70471     3.18319e-09              
        6.70532     3.18319e-09              
        6.70593               0              
        6.70654     6.36639e-09              
        6.70715     9.54958e-09              
        6.70776               0              
        6.70837     6.36639e-09              
        6.70898     3.18319e-09              
        6.70959               0              
        6.71021     3.18319e-09              
        6.71082     6.36639e-09              
        6.71143     3.18319e-09              
        6.71204     3.18319e-09              
        6.71265     3.18319e-09              
        6.71326     3.18319e-09              
        6.71387               0              
        6.71448     6.36639e-09              
        6.71509     3.18319e-09              
         6.7157               0              
        6.71631               0              
        6.71692               0              
        6.71753     3.18319e-09              
        6.71814     3.18319e-09              
        6.71875               0              
        6.71936     3.18319e-09              
        6.71997               0              
        6.72058     3.18319e-09              
        6.72119     3.18319e-09              
         6.7218     9.54958e-09              
        6.72241               0              
        6.72302     3.18319e-09              
        6.72363               0              
        6.72424     6.36639e-09              
        6.72485     3.18319e-09              
        6.72546               0              
        6.72607               0              
        6.72668               0              
        6.72729               0              
        6.72791               0              
        6.72852     3.18319e-09              
        6.72913               0              
        6.72974               0              
        6.73035     3.18319e-09              
        6.73096               0              
        6.73157               0              
        6.73218     3.18319e-09              
        6.73279               0              
         6.7334     3.18319e-09              
        6.73401     3.18319e-09              
        6.73462     3.18319e-09              
        6.73523               0              
        6.73584               0              
        6.73645     3.18319e-09              
        6.73706     6.36639e-09              
        6.73767               0              
        6.73828               0              
        6.73889     3.18319e-09              
         6.7395     3.18319e-09              
        6.74011               0              
        6.74072               0              
        6.74133     3.18319e-09              
        6.74194     3.18319e-09              
        6.74255               0              
        6.74316     9.54958e-09              
        6.74377     6.36639e-09              
        6.74438     3.18319e-09              
          6.745               0              
        6.74561     6.36639e-09              
        6.74622               0              
        6.74683               0              
        6.74744               0              
        6.74805     3.18319e-09              
        6.74866               0              
        6.74927               0              
        6.74988     6.36639e-09              
        6.75049     3.18319e-09              
         6.7511               0              
        6.75171     3.18319e-09              
        6.75232     3.18319e-09              
        6.75293     3.18319e-09              
        6.75354     3.18319e-09              
        6.75415     3.18319e-09              
        6.75476               0              
        6.75537     9.54958e-09              
        6.75598               0              
        6.75659     3.18319e-09              
         6.7572               0              
        6.75781     6.36639e-09              
        6.75842               0              
        6.75903     3.18319e-09              
        6.75964               0              
        6.76025     3.18319e-09              
        6.76086     3.18319e-09              
        6.76147               0              
        6.76208               0              
         6.7627     3.18319e-09              
        6.76331               0              
        6.76392     3.18319e-09              
        6.76453     3.18319e-09              
        6.76514               0              
        6.76575     3.18319e-09              
        6.76636     3.18319e-09              
        6.76697               0              
        6.76758     3.18319e-09              
        6.76819               0              
         6.7688               0              
        6.76941               0              
        6.77002     3.18319e-09              
        6.77063     3.18319e-09              
        6.77124     6.36639e-09              
        6.77185               0              
        6.77246               0              
        6.77307     3.18319e-09              
        6.77368               0              
        6.77429               0              
         6.7749     3.18319e-09              
        6.77551               0              
        6.77612     3.18319e-09              
        6.77673               0              
        6.77734               0              
        6.77795               0              
        6.77856               0              
        6.77917               0              
        6.77979     3.18319e-09              
         6.7804               0              
        6.78101               0              
        6.78162               0              
        6.78223               0              
        6.78284               0              
        6.78345     3.18319e-09              
        6.78406     3.18319e-09              
        6.78467     3.18319e-09              
        6.78528     3.18319e-09              
        6.78589               0              
         6.7865               0              
        6.78711               0              
        6.78772               0              
        6.78833     3.18319e-09              
        6.78894               0              
        6.78955     3.18319e-09              
        6.79016     3.18319e-09              
        6.79077     3.18319e-09              
        6.79138               0              
        6.79199               0              
         6.7926     3.18319e-09              
        6.79321     3.18319e-09              
        6.79382               0              
        6.79443               0              
        6.79504               0              
        6.79565               0              
        6.79626               0              
        6.79688               0              
        6.79749     6.36639e-09              
         6.7981               0              
        6.79871               0              
        6.79932     6.36639e-09              
        6.79993     6.36639e-09              
        6.80054     6.36639e-09              
        6.80115     3.18319e-09              
        6.80176               0              
        6.80237               0              
        6.80298               0              
        6.80359     3.18319e-09              
         6.8042     9.54958e-09              
        6.80481     3.18319e-09              
        6.80542     3.18319e-09              
        6.80603               0              
        6.80664     3.18319e-09              
        6.80725     3.18319e-09              
        6.80786               0              
        6.80847     3.18319e-09              
        6.80908     3.18319e-09              
        6.80969     3.18319e-09              
         6.8103               0              
        6.81091               0              
        6.81152               0              
        6.81213     6.36639e-09              
        6.81274               0              
        6.81335               0              
        6.81396               0              
        6.81458     3.18319e-09              
        6.81519               0              
         6.8158               0              
        6.81641               0              
        6.81702               0              
        6.81763     3.18319e-09              
        6.81824               0              
        6.81885               0              
        6.81946               0              
        6.82007               0              
        6.82068               0              
        6.82129     9.54958e-09              
         6.8219     3.18319e-09              
        6.82251     3.18319e-09              
        6.82312     3.18319e-09              
        6.82373               0              
        6.82434               0              
        6.82495     3.18319e-09              
        6.82556               0              
        6.82617               0              
        6.82678     6.36639e-09              
        6.82739     6.36639e-09              
          6.828               0              
        6.82861               0              
        6.82922               0              
        6.82983               0              
        6.83044               0              
        6.83105     3.18319e-09              
        6.83167     3.18319e-09              
        6.83228               0              
        6.83289     3.18319e-09              
         6.8335               0              
        6.83411               0              
        6.83472     3.18319e-09              
        6.83533     3.18319e-09              
        6.83594               0              
        6.83655     3.18319e-09              
        6.83716               0              
        6.83777               0              
        6.83838               0              
        6.83899     3.18319e-09              
         6.8396               0              
        6.84021               0              
        6.84082     3.18319e-09              
        6.84143     3.18319e-09              
        6.84204               0              
        6.84265     6.36639e-09              
        6.84326     3.18319e-09              
        6.84387               0              
        6.84448               0              
        6.84509     6.36639e-09              
         6.8457               0              
        6.84631               0              
        6.84692               0              
        6.84753               0              
        6.84814     6.36639e-09              
        6.84875               0              
        6.84937     9.54958e-09              
        6.84998               0              
        6.85059     3.18319e-09              
         6.8512     3.18319e-09              
        6.85181               0              
        6.85242               0              
        6.85303     3.18319e-09              
        6.85364     3.18319e-09              
        6.85425               0              
        6.85486               0              
        6.85547               0              
        6.85608     6.36639e-09              
        6.85669     3.18319e-09              
         6.8573     3.18319e-09              
        6.85791               0              
        6.85852     3.18319e-09              
        6.85913     3.18319e-09              
        6.85974     3.18319e-09              
        6.86035               0              
        6.86096     3.18319e-09              
        6.86157               0              
        6.86218     3.18319e-09              
        6.86279               0              
         6.8634               0              
        6.86401     3.18319e-09              
        6.86462               0              
        6.86523     3.18319e-09              
        6.86584               0              
        6.86646               0              
        6.86707     9.54958e-09              
        6.86768     6.36639e-09              
        6.86829               0              
         6.8689     3.18319e-09              
        6.86951     3.18319e-09              
        6.87012               0              
        6.87073               0              
        6.87134     3.18319e-09              
        6.87195               0              
        6.87256               0              
        6.87317               0              
        6.87378     6.36639e-09              
        6.87439     3.18319e-09              
          6.875     3.18319e-09              
        6.87561     6.36639e-09              
        6.87622     3.18319e-09              
        6.87683               0              
        6.87744               0              
        6.87805     6.36639e-09              
        6.87866     3.18319e-09              
        6.87927               0              
        6.87988               0              
        6.88049               0              
         6.8811     3.18319e-09              
        6.88171               0              
        6.88232     3.18319e-09              
        6.88293               0              
        6.88354               0              
        6.88416     6.36639e-09              
        6.88477     3.18319e-09              
        6.88538     3.18319e-09              
        6.88599               0              
         6.8866               0              
        6.88721               0              
        6.88782     3.18319e-09              
        6.88843     3.18319e-09              
        6.88904     6.36639e-09              
        6.88965     3.18319e-09              
        6.89026               0              
        6.89087               0              
        6.89148     3.18319e-09              
        6.89209     3.18319e-09              
         6.8927     3.18319e-09              
        6.89331     3.18319e-09              
        6.89392               0              
        6.89453               0              
        6.89514     3.18319e-09              
        6.89575               0              
        6.89636     3.18319e-09              
        6.89697               0              
        6.89758               0              
        6.89819     6.36639e-09              
         6.8988     6.36639e-09              
        6.89941     6.36639e-09              
        6.90002     3.18319e-09              
        6.90063               0              
        6.90125     3.18319e-09              
        6.90186     3.18319e-09              
        6.90247               0              
        6.90308               0              
        6.90369     3.18319e-09              
         6.9043               0              
        6.90491               0              
        6.90552     6.36639e-09              
        6.90613     6.36639e-09              
        6.90674               0              
        6.90735     6.36639e-09              
        6.90796     3.18319e-09              
        6.90857     6.36639e-09              
        6.90918               0              
        6.90979               0              
         6.9104               0              
        6.91101     3.18319e-09              
        6.91162               0              
        6.91223               0              
        6.91284     3.18319e-09              
        6.91345               0              
        6.91406               0              
        6.91467               0              
        6.91528     6.36639e-09              
        6.91589               0              
         6.9165     6.36639e-09              
        6.91711     6.36639e-09              
        6.91772               0              
        6.91833     6.36639e-09              
        6.91895               0              
        6.91956     3.18319e-09              
        6.92017     3.18319e-09              
        6.92078               0              
        6.92139     6.36639e-09              
          6.922     3.18319e-09              
        6.92261               0              
        6.92322     3.18319e-09              
        6.92383               0              
        6.92444               0              
        6.92505     3.18319e-09              
        6.92566               0              
        6.92627               0              
        6.92688     3.18319e-09              
        6.92749               0              
         6.9281               0              
        6.92871               0              
        6.92932     3.18319e-09              
        6.92993               0              
        6.93054               0              
        6.93115               0              
        6.93176     6.36639e-09              
        6.93237     3.18319e-09              
        6.93298     3.18319e-09              
        6.93359     6.36639e-09              
         6.9342               0              
        6.93481               0              
        6.93542     3.18319e-09              
        6.93604     6.36639e-09              
        6.93665               0              
        6.93726     3.18319e-09              
        6.93787     3.18319e-09              
        6.93848               0              
        6.93909     3.18319e-09              
         6.9397               0              
        6.94031               0              
        6.94092     3.18319e-09              
        6.94153     3.18319e-09              
        6.94214               0              
        6.94275               0              
        6.94336     3.18319e-09              
        6.94397               0              
        6.94458               0              
        6.94519     6.36639e-09              
         6.9458     9.54958e-09              
        6.94641     3.18319e-09              
        6.94702               0              
        6.94763     3.18319e-09              
        6.94824     3.18319e-09              
        6.94885     6.36639e-09              
        6.94946     3.18319e-09              
        6.95007               0              
        6.95068               0              
        6.95129     3.18319e-09              
         6.9519     3.18319e-09              
        6.95251               0              
        6.95312     3.18319e-09              
        6.95374     3.18319e-09              
        6.95435     6.36639e-09              
        6.95496               0              
        6.95557     6.36639e-09              
        6.95618               0              
        6.95679               0              
         6.9574     3.18319e-09              
        6.95801               0              
        6.95862               0              
        6.95923     3.18319e-09              
        6.95984               0              
        6.96045               0              
        6.96106               0              
        6.96167     3.18319e-09              
        6.96228               0              
        6.96289     3.18319e-09              
         6.9635     3.18319e-09              
        6.96411     3.18319e-09              
        6.96472               0              
        6.96533     3.18319e-09              
        6.96594     3.18319e-09              
        6.96655     3.18319e-09              
        6.96716               0              
        6.96777               0              
        6.96838               0              
        6.96899     6.36639e-09              
         6.9696     3.18319e-09              
        6.97021               0              
        6.97083               0              
        6.97144     6.36639e-09              
        6.97205               0              
        6.97266               0              
        6.97327     6.36639e-09              
        6.97388               0              
        6.97449     3.18319e-09              
         6.9751     3.18319e-09              
        6.97571               0              
        6.97632     6.36639e-09              
        6.97693               0              
        6.97754     7.95798e-08              
        6.97815               0              
        6.97876               0              
        6.97937     6.36639e-09              
        6.97998               0              
        6.98059     3.18319e-09              
         6.9812               0              
        6.98181               0              
        6.98242               0              
        6.98303               0              
        6.98364               0              
        6.98425     1.27328e-08              
        6.98486     3.18319e-09              
        6.98547     3.18319e-09              
        6.98608               0              
        6.98669               0              
         6.9873     3.18319e-09              
        6.98792     6.36639e-09              
        6.98853               0              
        6.98914     6.36639e-09              
        6.98975               0              
        6.99036     3.18319e-09              
        6.99097     3.18319e-09              
        6.99158     6.36639e-09              
        6.99219     3.18319e-09              
         6.9928               0              
        6.99341               0              
        6.99402               0              
        6.99463               0              
        6.99524               0              
        6.99585     3.18319e-09              
        6.99646               0              
        6.99707     3.18319e-09              
        6.99768               0              
