              0     9.54958e-09              
    0.000610352     3.18319e-09              
      0.0012207     3.18319e-09              
     0.00183105               0              
     0.00244141     6.36639e-09              
     0.00305176               0              
     0.00366211               0              
     0.00427246     3.18319e-09              
     0.00488281     3.18319e-09              
     0.00549316               0              
     0.00610352               0              
     0.00671387     3.18319e-09              
     0.00732422               0              
     0.00793457               0              
     0.00854492               0              
     0.00915527     6.36639e-09              
     0.00976562     6.36639e-09              
       0.010376               0              
      0.0109863     6.36639e-09              
      0.0115967               0              
       0.012207     6.36639e-09              
      0.0128174               0              
      0.0134277               0              
      0.0140381               0              
      0.0146484               0              
      0.0152588     6.36639e-09              
      0.0158691     6.36639e-09              
      0.0164795      1.5916e-08              
      0.0170898     1.14595e-07              
      0.0177002     1.20961e-07              
      0.0183105     1.30511e-07              
      0.0189209     1.17778e-07              
      0.0195312      9.8679e-08              
      0.0201416     1.08229e-07              
       0.020752     9.23126e-08              
      0.0213623     1.20961e-07              
      0.0219727     7.95798e-08              
       0.022583     9.23126e-08              
      0.0231934     1.11412e-07              
      0.0238037     8.91294e-08              
      0.0244141     1.01862e-07              
      0.0250244     1.17778e-07              
      0.0256348     1.11412e-07              
      0.0262451     1.52793e-07              
      0.0268555      1.4006e-07              
      0.0274658     1.55976e-07              
      0.0280762     1.94175e-07              
      0.0286865     1.75076e-07              
      0.0292969      2.1964e-07              
      0.0299072     2.67388e-07              
      0.0305176     2.54655e-07              
      0.0311279     2.89671e-07              
      0.0317383     3.40602e-07              
      0.0323486     4.42464e-07              
       0.032959     5.02944e-07              
      0.0335693     4.01082e-07              
      0.0341797     5.47509e-07              
        0.03479     5.25227e-07              
      0.0354004     5.31593e-07              
      0.0360107      5.2841e-07              
      0.0366211     6.27089e-07              
      0.0372314     6.90753e-07              
      0.0378418     7.51233e-07              
      0.0384521     7.25768e-07              
      0.0390625     7.89432e-07              
      0.0396729     7.44867e-07              
      0.0402832     8.56279e-07              
      0.0408936     8.30813e-07              
      0.0415039     8.33996e-07              
      0.0421143     8.78561e-07              
      0.0427246      9.0721e-07              
       0.043335     1.01544e-06              
      0.0439453     9.74057e-07              
      0.0445557     9.93156e-07              
       0.045166     9.61324e-07              
      0.0457764     1.05682e-06              
      0.0463867     1.08547e-06              
      0.0469971     1.04727e-06              
      0.0476074     9.29492e-07              
      0.0482178     1.03135e-06              
      0.0488281     9.51775e-07              
      0.0494385     1.01544e-06              
      0.0500488      1.0218e-06              
      0.0506592     1.18733e-06              
      0.0512695     1.09502e-06              
      0.0518799     9.58141e-07              
      0.0524902      1.0409e-06              
      0.0531006     1.09184e-06              
      0.0537109     1.03135e-06              
      0.0543213     9.83607e-07              
      0.0549316      1.0982e-06              
       0.055542     9.48591e-07              
      0.0561523     1.10775e-06              
      0.0567627     1.16823e-06              
       0.057373     9.67691e-07              
      0.0579834     1.03772e-06              
      0.0585938     1.04727e-06              
      0.0592041     9.83607e-07              
      0.0598145     1.05045e-06              
      0.0604248     1.01862e-06              
      0.0610352     1.08865e-06              
      0.0616455     1.01226e-06              
      0.0622559     1.05682e-06              
      0.0628662     1.02499e-06              
      0.0634766     9.48591e-07              
      0.0640869     1.10775e-06              
      0.0646973      9.8679e-07              
      0.0653076     1.06955e-06              
       0.065918      9.8679e-07              
      0.0665283     9.83607e-07              
      0.0671387     9.58141e-07              
       0.067749     9.29492e-07              
      0.0683594     1.10457e-06              
      0.0689697     9.80423e-07              
      0.0695801     1.02817e-06              
      0.0701904     9.35859e-07              
      0.0708008     9.54958e-07              
      0.0714111     9.35859e-07              
      0.0720215     1.06955e-06              
      0.0726318     9.96339e-07              
      0.0732422     9.29492e-07              
      0.0738525     1.07592e-06              
      0.0744629     8.11714e-07              
      0.0750732     7.98981e-07              
      0.0756836     9.45408e-07              
      0.0762939     8.91294e-07              
      0.0769043     9.00844e-07              
      0.0775146     9.54958e-07              
       0.078125     9.26309e-07              
      0.0787354     8.78561e-07              
      0.0793457     8.49912e-07              
      0.0799561     9.13576e-07              
      0.0805664     9.39042e-07              
      0.0811768     8.65828e-07              
      0.0817871     8.59462e-07              
      0.0823975     8.59462e-07              
      0.0830078     8.65828e-07              
      0.0836182     8.40363e-07              
      0.0842285     8.40363e-07              
      0.0848389     9.99523e-07              
      0.0854492     9.61324e-07              
      0.0860596      8.2763e-07              
      0.0866699      8.2763e-07              
      0.0872803     8.65828e-07              
      0.0878906     8.75378e-07              
       0.088501     8.78561e-07              
      0.0891113     8.11714e-07              
      0.0897217     7.83065e-07              
       0.090332     9.00844e-07              
      0.0909424     7.44867e-07              
      0.0915527     7.86249e-07              
      0.0921631     8.02165e-07              
      0.0927734     7.28951e-07              
      0.0933838     7.76699e-07              
      0.0939941     8.88111e-07              
      0.0946045     7.63966e-07              
      0.0952148     8.33996e-07              
      0.0958252     8.56279e-07              
      0.0964355     7.67149e-07              
      0.0970459     7.92615e-07              
      0.0976562       7.576e-07              
      0.0982666     7.28951e-07              
       0.098877      7.4805e-07              
      0.0994873     8.05348e-07              
       0.100098     6.52555e-07              
       0.100708     7.89432e-07              
       0.101318     7.13035e-07              
       0.101929     7.16218e-07              
       0.102539      6.8757e-07              
       0.103149     7.35318e-07              
        0.10376     7.09852e-07              
        0.10437      6.7802e-07              
        0.10498     6.93936e-07              
       0.105591     6.58921e-07              
       0.106201     7.28951e-07              
       0.106812     6.36639e-07              
       0.107422     6.93936e-07              
       0.108032     6.90753e-07              
       0.108643      6.6847e-07              
       0.109253     6.97119e-07              
       0.109863     6.23906e-07              
       0.110474     6.97119e-07              
       0.111084     7.06669e-07              
       0.111694     6.20723e-07              
       0.112305     7.25768e-07              
       0.112915     6.62104e-07              
       0.113525     7.00302e-07              
       0.114136     6.43005e-07              
       0.114746     6.17539e-07              
       0.115356     5.66608e-07              
       0.115967     7.25768e-07              
       0.116577     6.36639e-07              
       0.117188     6.84386e-07              
       0.117798     6.14356e-07              
       0.118408     7.09852e-07              
       0.119019     6.71654e-07              
       0.119629     7.03486e-07              
       0.120239     5.25227e-07              
        0.12085     6.01623e-07              
        0.12146     5.25227e-07              
        0.12207     5.53876e-07              
       0.122681     5.60242e-07              
       0.123291     6.01623e-07              
       0.123901     5.82524e-07              
       0.124512      4.5838e-07              
       0.125122      5.1886e-07              
       0.125732     7.35318e-07              
       0.126343     7.19402e-07              
       0.126953     5.41143e-07              
       0.127563     5.88891e-07              
       0.128174     5.02944e-07              
       0.128784     5.31593e-07              
       0.129395     5.60242e-07              
       0.130005     6.01623e-07              
       0.130615     5.25227e-07              
       0.131226     4.99761e-07              
       0.131836      6.6847e-07              
       0.132446     6.43005e-07              
       0.133057     5.63425e-07              
       0.133667     5.50692e-07              
       0.134277     4.71113e-07              
       0.134888      5.2841e-07              
       0.135498     5.47509e-07              
       0.136108     4.67929e-07              
       0.136719     4.74296e-07              
       0.137329     5.41143e-07              
       0.137939     5.72975e-07              
        0.13855     5.09311e-07              
        0.13916     4.64746e-07              
       0.139771      5.2841e-07              
       0.140381      5.1886e-07              
       0.140991     5.66608e-07              
       0.141602     5.41143e-07              
       0.142212     4.87028e-07              
       0.142822      4.5838e-07              
       0.143433     5.34776e-07              
       0.144043     4.87028e-07              
       0.144653     3.56518e-07              
       0.145264     4.61563e-07              
       0.145874     4.26548e-07              
       0.146484     5.12494e-07              
       0.147095     5.25227e-07              
       0.147705     4.77479e-07              
       0.148315     4.90212e-07              
       0.148926     4.36097e-07              
       0.149536      4.5838e-07              
       0.150146     5.09311e-07              
       0.150757     4.26548e-07              
       0.151367     5.15677e-07              
       0.151978     4.36097e-07              
       0.152588     5.69792e-07              
       0.153198     4.64746e-07              
       0.153809     4.45647e-07              
       0.154419     4.39281e-07              
       0.155029     3.97899e-07              
        0.15564     3.85166e-07              
        0.15625     4.26548e-07              
        0.15686     4.52013e-07              
       0.157471     4.67929e-07              
       0.158081     4.23365e-07              
       0.158691     4.16998e-07              
       0.159302     3.97899e-07              
       0.159912     3.94716e-07              
       0.160522     4.13815e-07              
       0.161133     4.10632e-07              
       0.161743     4.93395e-07              
       0.162354     3.66067e-07              
       0.162964     4.26548e-07              
       0.163574     4.13815e-07              
       0.164185     3.81983e-07              
       0.164795     3.50151e-07              
       0.165405     4.20181e-07              
       0.166016     3.59701e-07              
       0.166626     3.94716e-07              
       0.167236     4.07449e-07              
       0.167847     4.04265e-07              
       0.168457     4.07449e-07              
       0.169067     3.50151e-07              
       0.169678       3.788e-07              
       0.170288     4.01082e-07              
       0.170898     4.04265e-07              
       0.171509      3.8835e-07              
       0.172119      3.6925e-07              
       0.172729     4.10632e-07              
        0.17334     3.72434e-07              
        0.17395     3.72434e-07              
       0.174561       3.788e-07              
       0.175171      3.8835e-07              
       0.175781     3.97899e-07              
       0.176392     3.94716e-07              
       0.177002     3.37418e-07              
       0.177612     4.04265e-07              
       0.178223      3.6925e-07              
       0.178833     3.56518e-07              
       0.179443     3.15136e-07              
       0.180054      3.6925e-07              
       0.180664      3.6925e-07              
       0.181274     3.85166e-07              
       0.181885     3.40602e-07              
       0.182495     3.59701e-07              
       0.183105     3.94716e-07              
       0.183716     3.66067e-07              
       0.184326     3.59701e-07              
       0.184937     3.11953e-07              
       0.185547       3.788e-07              
       0.186157     3.53334e-07              
       0.186768     3.11953e-07              
       0.187378     4.16998e-07              
       0.187988     2.38739e-07              
       0.188599     2.76938e-07              
       0.189209     2.83304e-07              
       0.189819     3.72434e-07              
        0.19043     3.21502e-07              
        0.19104     3.43785e-07              
        0.19165     3.46968e-07              
       0.192261     2.80121e-07              
       0.192871     2.41923e-07              
       0.193481     3.85166e-07              
       0.194092     3.56518e-07              
       0.194702     3.62884e-07              
       0.195312     2.61022e-07              
       0.195923     3.37418e-07              
       0.196533     2.67388e-07              
       0.197144      2.9922e-07              
       0.197754     3.53334e-07              
       0.198364     3.53334e-07              
       0.198975     2.83304e-07              
       0.199585     2.67388e-07              
       0.200195     3.21502e-07              
       0.200806      3.0877e-07              
       0.201416      2.9922e-07              
       0.202026     3.24686e-07              
       0.202637     2.80121e-07              
       0.203247     2.48289e-07              
       0.203857     3.15136e-07              
       0.204468     3.24686e-07              
       0.205078     3.40602e-07              
       0.205688     2.96037e-07              
       0.206299     2.45106e-07              
       0.206909     2.80121e-07              
        0.20752     2.96037e-07              
        0.20813     2.57839e-07              
        0.20874     3.15136e-07              
       0.209351     2.16457e-07              
       0.209961     2.22823e-07              
       0.210571     2.67388e-07              
       0.211182     2.92854e-07              
       0.211792     2.76938e-07              
       0.212402     2.83304e-07              
       0.213013     2.45106e-07              
       0.213623     2.54655e-07              
       0.214233     2.41923e-07              
       0.214844     2.70571e-07              
       0.215454     2.54655e-07              
       0.216064     2.38739e-07              
       0.216675     2.64205e-07              
       0.217285     2.51472e-07              
       0.217896     2.64205e-07              
       0.218506      2.2919e-07              
       0.219116     2.10091e-07              
       0.219727     2.86487e-07              
       0.220337      2.2919e-07              
       0.220947     2.35556e-07              
       0.221558     2.51472e-07              
       0.222168      2.1964e-07              
       0.222778     2.67388e-07              
       0.223389     2.61022e-07              
       0.223999     2.16457e-07              
       0.224609     2.76938e-07              
        0.22522     1.90992e-07              
        0.22583     2.22823e-07              
        0.22644     2.61022e-07              
       0.227051     2.61022e-07              
       0.227661     2.06908e-07              
       0.228271      2.1964e-07              
       0.228882     2.13274e-07              
       0.229492     1.94175e-07              
       0.230103     2.41923e-07              
       0.230713     1.78259e-07              
       0.231323     2.41923e-07              
       0.231934      2.1964e-07              
       0.232544     2.54655e-07              
       0.233154     2.13274e-07              
       0.233765      2.1964e-07              
       0.234375     2.41923e-07              
       0.234985     2.45106e-07              
       0.235596     2.32373e-07              
       0.236206     2.03724e-07              
       0.236816     1.75076e-07              
       0.237427     1.78259e-07              
       0.238037     2.35556e-07              
       0.238647     2.32373e-07              
       0.239258     2.45106e-07              
       0.239868     2.03724e-07              
       0.240479     2.03724e-07              
       0.241089     2.80121e-07              
       0.241699     1.65526e-07              
        0.24231     2.22823e-07              
        0.24292      1.4961e-07              
        0.24353     1.97358e-07              
       0.244141     2.06908e-07              
       0.244751     2.32373e-07              
       0.245361     1.90992e-07              
       0.245972     2.13274e-07              
       0.246582     2.06908e-07              
       0.247192     2.13274e-07              
       0.247803     2.00541e-07              
       0.248413     2.13274e-07              
       0.249023     2.00541e-07              
       0.249634     2.67388e-07              
       0.250244     1.87808e-07              
       0.250854     2.32373e-07              
       0.251465     1.65526e-07              
       0.252075     1.87808e-07              
       0.252686     2.64205e-07              
       0.253296     1.81442e-07              
       0.253906     1.78259e-07              
       0.254517     1.81442e-07              
       0.255127     2.38739e-07              
       0.255737     1.97358e-07              
       0.256348     1.62343e-07              
       0.256958     1.71892e-07              
       0.257568     1.94175e-07              
       0.258179     1.78259e-07              
       0.258789     2.13274e-07              
       0.259399     2.57839e-07              
        0.26001     1.81442e-07              
        0.26062     1.94175e-07              
        0.26123     1.71892e-07              
       0.261841     1.84625e-07              
       0.262451     1.24145e-07              
       0.263062      1.5916e-07              
       0.263672     2.22823e-07              
       0.264282     1.20961e-07              
       0.264893     1.78259e-07              
       0.265503     1.84625e-07              
       0.266113      2.1964e-07              
       0.266724      1.4961e-07              
       0.267334     1.78259e-07              
       0.267944     2.38739e-07              
       0.268555     1.87808e-07              
       0.269165     1.52793e-07              
       0.269775     1.65526e-07              
       0.270386      1.5916e-07              
       0.270996     1.68709e-07              
       0.271606     1.90992e-07              
       0.272217      1.4006e-07              
       0.272827      2.1964e-07              
       0.273438      1.4006e-07              
       0.274048     1.71892e-07              
       0.274658     1.81442e-07              
       0.275269     1.62343e-07              
       0.275879     1.55976e-07              
       0.276489     1.71892e-07              
         0.2771     2.16457e-07              
        0.27771     1.65526e-07              
        0.27832     1.43244e-07              
       0.278931     1.30511e-07              
       0.279541      1.5916e-07              
       0.280151     1.36877e-07              
       0.280762     1.87808e-07              
       0.281372     1.97358e-07              
       0.281982     1.78259e-07              
       0.282593     1.75076e-07              
       0.283203     1.46427e-07              
       0.283813     1.20961e-07              
       0.284424     2.38739e-07              
       0.285034     1.75076e-07              
       0.285645     1.36877e-07              
       0.286255     1.84625e-07              
       0.286865     1.75076e-07              
       0.287476     1.68709e-07              
       0.288086     1.68709e-07              
       0.288696      1.4961e-07              
       0.289307     1.27328e-07              
       0.289917     1.43244e-07              
       0.290527     1.62343e-07              
       0.291138     1.30511e-07              
       0.291748     1.78259e-07              
       0.292358     1.30511e-07              
       0.292969     1.24145e-07              
       0.293579     1.52793e-07              
       0.294189     1.17778e-07              
         0.2948     1.43244e-07              
        0.29541     2.10091e-07              
       0.296021     1.46427e-07              
       0.296631     1.27328e-07              
       0.297241     1.81442e-07              
       0.297852     1.36877e-07              
       0.298462     1.24145e-07              
       0.299072     2.03724e-07              
       0.299683     1.78259e-07              
       0.300293     1.33694e-07              
       0.300903     1.24145e-07              
       0.301514     1.43244e-07              
       0.302124     1.11412e-07              
       0.302734     1.43244e-07              
       0.303345     1.36877e-07              
       0.303955     1.33694e-07              
       0.304565     1.17778e-07              
       0.305176      1.4961e-07              
       0.305786     1.43244e-07              
       0.306396     1.36877e-07              
       0.307007     8.59462e-08              
       0.307617     1.08229e-07              
       0.308228     1.36877e-07              
       0.308838     1.46427e-07              
       0.309448     1.87808e-07              
       0.310059     1.17778e-07              
       0.310669     1.52793e-07              
       0.311279     1.65526e-07              
        0.31189     1.14595e-07              
         0.3125     1.43244e-07              
        0.31311     1.33694e-07              
       0.313721     1.62343e-07              
       0.314331     1.52793e-07              
       0.314941      8.2763e-08              
       0.315552     1.24145e-07              
       0.316162     1.11412e-07              
       0.316772     1.17778e-07              
       0.317383     1.81442e-07              
       0.317993      1.4006e-07              
       0.318604     9.23126e-08              
       0.319214     1.30511e-07              
       0.319824      1.4006e-07              
       0.320435     1.33694e-07              
       0.321045     1.14595e-07              
       0.321655     1.08229e-07              
       0.322266     1.05045e-07              
       0.322876     1.01862e-07              
       0.323486     1.46427e-07              
       0.324097     1.14595e-07              
       0.324707     1.17778e-07              
       0.325317     1.20961e-07              
       0.325928     1.36877e-07              
       0.326538     9.54958e-08              
       0.327148     1.08229e-07              
       0.327759      1.4961e-07              
       0.328369     1.11412e-07              
       0.328979     1.14595e-07              
        0.32959     1.11412e-07              
         0.3302     1.01862e-07              
       0.330811     1.24145e-07              
       0.331421     1.05045e-07              
       0.332031     1.36877e-07              
       0.332642     9.23126e-08              
       0.333252     1.43244e-07              
       0.333862     1.27328e-07              
       0.334473     1.17778e-07              
       0.335083     1.27328e-07              
       0.335693     9.54958e-08              
       0.336304     1.27328e-07              
       0.336914     1.27328e-07              
       0.337524     1.27328e-07              
       0.338135     1.27328e-07              
       0.338745     1.33694e-07              
       0.339355     1.27328e-07              
       0.339966     9.23126e-08              
       0.340576     1.33694e-07              
       0.341187     1.20961e-07              
       0.341797      9.8679e-08              
       0.342407     1.17778e-07              
       0.343018     1.11412e-07              
       0.343628     1.08229e-07              
       0.344238     1.27328e-07              
       0.344849      1.4006e-07              
       0.345459     1.08229e-07              
       0.346069     1.27328e-07              
        0.34668     1.27328e-07              
        0.34729      8.2763e-08              
         0.3479     1.24145e-07              
       0.348511      1.4006e-07              
       0.349121     1.01862e-07              
       0.349731      8.2763e-08              
       0.350342     1.36877e-07              
       0.350952     1.05045e-07              
       0.351562     6.36639e-08              
       0.352173     8.59462e-08              
       0.352783     9.23126e-08              
       0.353394     9.54958e-08              
       0.354004     1.01862e-07              
       0.354614     7.95798e-08              
       0.355225     1.11412e-07              
       0.355835     1.17778e-07              
       0.356445     7.63966e-08              
       0.357056     7.95798e-08              
       0.357666     1.43244e-07              
       0.358276     1.30511e-07              
       0.358887     1.11412e-07              
       0.359497     1.17778e-07              
       0.360107     1.11412e-07              
       0.360718     1.05045e-07              
       0.361328      8.2763e-08              
       0.361938     1.11412e-07              
       0.362549     9.54958e-08              
       0.363159     6.36639e-08              
        0.36377     1.08229e-07              
        0.36438     7.63966e-08              
        0.36499     1.24145e-07              
       0.365601     1.17778e-07              
       0.366211      8.2763e-08              
       0.366821      6.6847e-08              
       0.367432      8.2763e-08              
       0.368042     7.95798e-08              
       0.368652     1.01862e-07              
       0.369263      9.8679e-08              
       0.369873      8.2763e-08              
       0.370483     1.14595e-07              
       0.371094     8.59462e-08              
       0.371704     1.01862e-07              
       0.372314     9.54958e-08              
       0.372925     1.11412e-07              
       0.373535     9.23126e-08              
       0.374146      9.8679e-08              
       0.374756     1.14595e-07              
       0.375366     8.91294e-08              
       0.375977     1.01862e-07              
       0.376587     7.63966e-08              
       0.377197     7.00302e-08              
       0.377808     6.04807e-08              
       0.378418     7.32134e-08              
       0.379028     8.91294e-08              
       0.379639     7.63966e-08              
       0.380249     8.91294e-08              
       0.380859     8.59462e-08              
        0.38147     1.11412e-07              
        0.38208     1.05045e-07              
        0.38269     9.54958e-08              
       0.383301     7.63966e-08              
       0.383911     1.05045e-07              
       0.384521     9.23126e-08              
       0.385132     9.23126e-08              
       0.385742     8.91294e-08              
       0.386353     8.91294e-08              
       0.386963     1.01862e-07              
       0.387573     8.91294e-08              
       0.388184     7.32134e-08              
       0.388794     1.08229e-07              
       0.389404     7.00302e-08              
       0.390015     9.23126e-08              
       0.390625     7.00302e-08              
       0.391235     7.63966e-08              
       0.391846     1.05045e-07              
       0.392456     5.72975e-08              
       0.393066     9.23126e-08              
       0.393677     8.59462e-08              
       0.394287     1.08229e-07              
       0.394897     9.54958e-08              
       0.395508     1.01862e-07              
       0.396118     5.09311e-08              
       0.396729     7.95798e-08              
       0.397339     5.09311e-08              
       0.397949     8.59462e-08              
        0.39856     7.95798e-08              
        0.39917      9.8679e-08              
        0.39978     1.08229e-07              
       0.400391     9.23126e-08              
       0.401001     7.63966e-08              
       0.401611      9.8679e-08              
       0.402222     7.32134e-08              
       0.402832     5.72975e-08              
       0.403442     1.01862e-07              
       0.404053     1.05045e-07              
       0.404663     7.63966e-08              
       0.405273     5.72975e-08              
       0.405884     9.23126e-08              
       0.406494      9.8679e-08              
       0.407104      9.8679e-08              
       0.407715     1.11412e-07              
       0.408325      6.6847e-08              
       0.408936      6.6847e-08              
       0.409546     1.14595e-07              
       0.410156     7.63966e-08              
       0.410767     7.00302e-08              
       0.411377     7.00302e-08              
       0.411987     7.95798e-08              
       0.412598     9.54958e-08              
       0.413208     1.05045e-07              
       0.413818     8.91294e-08              
       0.414429     7.63966e-08              
       0.415039     4.13815e-08              
       0.415649     7.00302e-08              
        0.41626     5.72975e-08              
        0.41687     7.63966e-08              
        0.41748      6.6847e-08              
       0.418091     1.08229e-07              
       0.418701     1.01862e-07              
       0.419312     1.01862e-07              
       0.419922      9.8679e-08              
       0.420532     7.00302e-08              
       0.421143     1.01862e-07              
       0.421753     9.23126e-08              
       0.422363     1.05045e-07              
       0.422974      8.2763e-08              
       0.423584     7.63966e-08              
       0.424194     6.36639e-08              
       0.424805     7.95798e-08              
       0.425415     9.23126e-08              
       0.426025     7.63966e-08              
       0.426636     7.00302e-08              
       0.427246     7.32134e-08              
       0.427856     7.95798e-08              
       0.428467     7.63966e-08              
       0.429077     8.91294e-08              
       0.429688      6.6847e-08              
       0.430298     7.63966e-08              
       0.430908     7.32134e-08              
       0.431519     6.04807e-08              
       0.432129     8.59462e-08              
       0.432739      6.6847e-08              
        0.43335     1.01862e-07              
        0.43396     7.63966e-08              
        0.43457     7.00302e-08              
       0.435181     5.41143e-08              
       0.435791     7.32134e-08              
       0.436401     7.95798e-08              
       0.437012      6.6847e-08              
       0.437622     1.05045e-07              
       0.438232     7.63966e-08              
       0.438843     7.00302e-08              
       0.439453     7.00302e-08              
       0.440063     7.95798e-08              
       0.440674      8.2763e-08              
       0.441284     7.00302e-08              
       0.441895     9.23126e-08              
       0.442505     7.00302e-08              
       0.443115     7.32134e-08              
       0.443726     7.95798e-08              
       0.444336      8.2763e-08              
       0.444946     7.63966e-08              
       0.445557     5.09311e-08              
       0.446167     7.00302e-08              
       0.446777     6.36639e-08              
       0.447388     7.32134e-08              
       0.447998      6.6847e-08              
       0.448608     4.77479e-08              
       0.449219     7.00302e-08              
       0.449829      6.6847e-08              
       0.450439     5.72975e-08              
        0.45105     6.36639e-08              
        0.45166     9.23126e-08              
       0.452271      8.2763e-08              
       0.452881     4.13815e-08              
       0.453491      6.6847e-08              
       0.454102     5.09311e-08              
       0.454712     6.36639e-08              
       0.455322     6.04807e-08              
       0.455933     7.32134e-08              
       0.456543     7.32134e-08              
       0.457153     1.01862e-07              
       0.457764     7.95798e-08              
       0.458374     4.13815e-08              
       0.458984     4.45647e-08              
       0.459595     5.09311e-08              
       0.460205     8.91294e-08              
       0.460815     6.04807e-08              
       0.461426     6.36639e-08              
       0.462036     6.36639e-08              
       0.462646     7.63966e-08              
       0.463257     6.04807e-08              
       0.463867     5.09311e-08              
       0.464478     1.11412e-07              
       0.465088     7.00302e-08              
       0.465698      6.6847e-08              
       0.466309     5.72975e-08              
       0.466919      6.6847e-08              
       0.467529     9.23126e-08              
        0.46814     7.00302e-08              
        0.46875     7.63966e-08              
        0.46936     8.59462e-08              
       0.469971     5.41143e-08              
       0.470581     5.72975e-08              
       0.471191     7.63966e-08              
       0.471802     5.09311e-08              
       0.472412     6.36639e-08              
       0.473022     7.00302e-08              
       0.473633     4.45647e-08              
       0.474243     5.09311e-08              
       0.474854      8.2763e-08              
       0.475464     3.81983e-08              
       0.476074     4.45647e-08              
       0.476685     6.04807e-08              
       0.477295     7.63966e-08              
       0.477905     7.63966e-08              
       0.478516     6.04807e-08              
       0.479126      8.2763e-08              
       0.479736     5.72975e-08              
       0.480347      6.6847e-08              
       0.480957      6.6847e-08              
       0.481567      6.6847e-08              
       0.482178     5.72975e-08              
       0.482788     8.91294e-08              
       0.483398     7.32134e-08              
       0.484009     6.04807e-08              
       0.484619     5.09311e-08              
       0.485229     7.63966e-08              
        0.48584     5.72975e-08              
        0.48645     6.04807e-08              
       0.487061     6.36639e-08              
       0.487671     6.04807e-08              
       0.488281     4.13815e-08              
       0.488892      6.6847e-08              
       0.489502     5.72975e-08              
       0.490112     7.00302e-08              
       0.490723      6.6847e-08              
       0.491333     7.32134e-08              
       0.491943      8.2763e-08              
       0.492554     5.41143e-08              
       0.493164     6.36639e-08              
       0.493774     4.45647e-08              
       0.494385     3.81983e-08              
       0.494995     5.09311e-08              
       0.495605     7.32134e-08              
       0.496216     5.72975e-08              
       0.496826     7.63966e-08              
       0.497437     5.41143e-08              
       0.498047     5.72975e-08              
       0.498657     5.72975e-08              
       0.499268     4.45647e-08              
       0.499878     5.72975e-08              
       0.500488     7.00302e-08              
       0.501099     7.63966e-08              
       0.501709     6.36639e-08              
       0.502319     6.36639e-08              
        0.50293      9.8679e-08              
        0.50354     7.00302e-08              
        0.50415     5.41143e-08              
       0.504761     3.81983e-08              
       0.505371      6.6847e-08              
       0.505981     3.81983e-08              
       0.506592     5.09311e-08              
       0.507202     8.59462e-08              
       0.507812     6.36639e-08              
       0.508423     5.72975e-08              
       0.509033     5.72975e-08              
       0.509644     5.09311e-08              
       0.510254     4.13815e-08              
       0.510864     5.75521e-06              
       0.511475     3.18319e-08              
       0.512085      8.2763e-08              
       0.512695     4.77479e-08              
       0.513306     3.18319e-08              
       0.513916     5.41143e-08              
       0.514526      6.6847e-08              
       0.515137     7.32134e-08              
       0.515747     5.09311e-08              
       0.516357     3.50151e-08              
       0.516968     1.14595e-07              
       0.517578     5.72975e-08              
       0.518188     4.45647e-08              
       0.518799     6.04807e-08              
       0.519409     5.09311e-08              
        0.52002     5.09311e-08              
        0.52063     4.13815e-08              
        0.52124     3.50151e-08              
       0.521851     1.27328e-08              
       0.522461     4.45647e-08              
       0.523071     4.77479e-08              
       0.523682     6.36639e-08              
       0.524292     3.18319e-08              
       0.524902     5.41143e-08              
       0.525513     5.72975e-08              
       0.526123     6.04807e-08              
       0.526733     2.22823e-08              
       0.527344     5.72975e-08              
       0.527954      8.2763e-08              
       0.528564     2.22823e-08              
       0.529175     3.81983e-08              
       0.529785     4.77479e-08              
       0.530396     4.13815e-08              
       0.531006     5.72975e-08              
       0.531616     4.45647e-08              
       0.532227     4.13815e-08              
       0.532837     2.86487e-08              
       0.533447     3.81983e-08              
       0.534058     4.77479e-08              
       0.534668     5.09311e-08              
       0.535278     2.86487e-08              
       0.535889     4.45647e-08              
       0.536499     4.13815e-08              
       0.537109     3.50151e-08              
        0.53772     4.45647e-08              
        0.53833     5.72975e-08              
        0.53894     7.95798e-08              
       0.539551     2.86487e-08              
       0.540161     4.77479e-08              
       0.540771     3.81983e-08              
       0.541382     4.45647e-08              
       0.541992     5.09311e-08              
       0.542603     3.50151e-08              
       0.543213     5.09311e-08              
       0.543823     3.18319e-08              
       0.544434      6.6847e-08              
       0.545044     3.50151e-08              
       0.545654     4.13815e-08              
       0.546265     3.81983e-08              
       0.546875     2.86487e-08              
       0.547485     3.50151e-08              
       0.548096     3.81983e-08              
       0.548706     4.13815e-08              
       0.549316     4.13815e-08              
       0.549927     2.22823e-08              
       0.550537     3.50151e-08              
       0.551147     3.50151e-08              
       0.551758      1.5916e-08              
       0.552368     6.36639e-08              
       0.552979     4.77479e-08              
       0.553589     5.09311e-08              
       0.554199     3.18319e-08              
        0.55481     5.09311e-08              
        0.55542     5.72975e-08              
        0.55603     3.18319e-08              
       0.556641     3.50151e-08              
       0.557251     6.04807e-08              
       0.557861     2.86487e-08              
       0.558472     6.04807e-08              
       0.559082     2.54655e-08              
       0.559692     5.41143e-08              
       0.560303     5.09311e-08              
       0.560913     5.41143e-08              
       0.561523      6.6847e-08              
       0.562134      6.6847e-08              
       0.562744     1.90992e-08              
       0.563354     2.22823e-08              
       0.563965     3.18319e-08              
       0.564575     4.13815e-08              
       0.565186     2.54655e-08              
       0.565796     2.22823e-08              
       0.566406     4.13815e-08              
       0.567017     3.81983e-08              
       0.567627     3.81983e-08              
       0.568237     1.90992e-08              
       0.568848     5.72975e-08              
       0.569458     2.86487e-08              
       0.570068     2.86487e-08              
       0.570679     5.72975e-08              
       0.571289     2.54655e-08              
       0.571899     7.63966e-08              
        0.57251     3.50151e-08              
        0.57312     3.50151e-08              
        0.57373     5.41143e-08              
       0.574341     7.00302e-08              
       0.574951     4.45647e-08              
       0.575562     3.50151e-08              
       0.576172     4.13815e-08              
       0.576782     5.72975e-08              
       0.577393     2.54655e-08              
       0.578003     3.81983e-08              
       0.578613     3.18319e-08              
       0.579224     5.72975e-08              
       0.579834     2.86487e-08              
       0.580444     3.81983e-08              
       0.581055     5.09311e-08              
       0.581665     6.36639e-08              
       0.582275     2.22823e-08              
       0.582886     5.41143e-08              
       0.583496     5.41143e-08              
       0.584106     4.13815e-08              
       0.584717     3.18319e-08              
       0.585327     1.90992e-08              
       0.585938     4.77479e-08              
       0.586548     2.86487e-08              
       0.587158     1.27328e-08              
       0.587769     4.77479e-08              
       0.588379     2.86487e-08              
       0.588989     3.81983e-08              
         0.5896     4.13815e-08              
        0.59021     1.27328e-08              
        0.59082     4.45647e-08              
       0.591431     3.50151e-08              
       0.592041     3.50151e-08              
       0.592651     2.86487e-08              
       0.593262     3.81983e-08              
       0.593872     4.77479e-08              
       0.594482     2.54655e-08              
       0.595093     1.90992e-08              
       0.595703     7.32134e-08              
       0.596313     1.90992e-08              
       0.596924     3.18319e-08              
       0.597534     3.18319e-08              
       0.598145     5.09311e-08              
       0.598755     6.04807e-08              
       0.599365     4.13815e-08              
       0.599976     3.50151e-08              
       0.600586     4.13815e-08              
       0.601196     1.90992e-08              
       0.601807     2.86487e-08              
       0.602417     3.81983e-08              
       0.603027     3.18319e-08              
       0.603638     3.81983e-08              
       0.604248     6.04807e-08              
       0.604858     4.45647e-08              
       0.605469     3.50151e-08              
       0.606079     3.81983e-08              
       0.606689     2.54655e-08              
         0.6073     3.50151e-08              
        0.60791     3.50151e-08              
       0.608521     5.09311e-08              
       0.609131     2.86487e-08              
       0.609741     4.77479e-08              
       0.610352     4.13815e-08              
       0.610962     4.45647e-08              
       0.611572     3.81983e-08              
       0.612183     3.50151e-08              
       0.612793     2.86487e-08              
       0.613403     1.90992e-08              
       0.614014     4.13815e-08              
       0.614624     4.13815e-08              
       0.615234     5.09311e-08              
       0.615845     2.86487e-08              
       0.616455     3.18319e-08              
       0.617065     2.54655e-08              
       0.617676     3.18319e-08              
       0.618286     2.86487e-08              
       0.618896     2.54655e-08              
       0.619507     4.77479e-08              
       0.620117     4.77479e-08              
       0.620728     2.22823e-08              
       0.621338     2.86487e-08              
       0.621948     4.13815e-08              
       0.622559     3.18319e-08              
       0.623169     5.41143e-08              
       0.623779     4.13815e-08              
        0.62439     2.54655e-08              
          0.625     3.81983e-08              
        0.62561     5.09311e-08              
       0.626221     3.81983e-08              
       0.626831     2.86487e-08              
       0.627441     4.13815e-08              
       0.628052     3.18319e-08              
       0.628662     3.18319e-08              
       0.629272     2.54655e-08              
       0.629883     3.81983e-08              
       0.630493     1.90992e-08              
       0.631104     4.13815e-08              
       0.631714     3.18319e-08              
       0.632324     4.13815e-08              
       0.632935     3.81983e-08              
       0.633545     4.13815e-08              
       0.634155     4.77479e-08              
       0.634766     2.54655e-08              
       0.635376     4.45647e-08              
       0.635986     3.18319e-08              
       0.636597     4.13815e-08              
       0.637207     2.54655e-08              
       0.637817     4.13815e-08              
       0.638428     2.22823e-08              
       0.639038     3.81983e-08              
       0.639648     4.45647e-08              
       0.640259     3.18319e-08              
       0.640869     2.86487e-08              
       0.641479     3.18319e-08              
        0.64209     2.86487e-08              
         0.6427     3.18319e-08              
       0.643311     4.13815e-08              
       0.643921     3.50151e-08              
       0.644531     2.54655e-08              
       0.645142     3.81983e-08              
       0.645752     3.50151e-08              
       0.646362     3.81983e-08              
       0.646973     1.90992e-08              
       0.647583     1.90992e-08              
       0.648193     3.50151e-08              
       0.648804     3.18319e-08              
       0.649414     6.04807e-08              
       0.650024     2.54655e-08              
       0.650635     1.90992e-08              
       0.651245     4.13815e-08              
       0.651855     3.18319e-08              
       0.652466     2.54655e-08              
       0.653076     4.13815e-08              
       0.653687     4.45647e-08              
       0.654297     2.86487e-08              
       0.654907     3.81983e-08              
       0.655518     3.50151e-08              
       0.656128     3.81983e-08              
       0.656738     4.45647e-08              
       0.657349     4.45647e-08              
       0.657959     3.81983e-08              
       0.658569     2.22823e-08              
        0.65918     3.18319e-08              
        0.65979     6.04807e-08              
         0.6604     5.09311e-08              
       0.661011      1.5916e-08              
       0.661621     5.09311e-08              
       0.662231     4.45647e-08              
       0.662842      1.5916e-08              
       0.663452     2.22823e-08              
       0.664062     4.13815e-08              
       0.664673     2.86487e-08              
       0.665283     4.13815e-08              
       0.665894     2.86487e-08              
       0.666504     3.50151e-08              
       0.667114     3.18319e-08              
       0.667725     2.54655e-08              
       0.668335     2.22823e-08              
       0.668945     2.86487e-08              
       0.669556     2.86487e-08              
       0.670166     5.41143e-08              
       0.670776     3.50151e-08              
       0.671387      1.5916e-08              
       0.671997     3.18319e-08              
       0.672607     2.22823e-08              
       0.673218      6.6847e-08              
       0.673828     2.54655e-08              
       0.674438     3.81983e-08              
       0.675049     5.41143e-08              
       0.675659     3.18319e-08              
        0.67627     2.54655e-08              
        0.67688     3.81983e-08              
        0.67749     2.54655e-08              
       0.678101      1.5916e-08              
       0.678711     3.50151e-08              
       0.679321     3.18319e-08              
       0.679932     3.50151e-08              
       0.680542     3.18319e-08              
       0.681152     2.86487e-08              
       0.681763     2.86487e-08              
       0.682373     2.86487e-08              
       0.682983     3.81983e-08              
       0.683594     3.50151e-08              
       0.684204     5.72975e-08              
       0.684814     3.50151e-08              
       0.685425     3.18319e-08              
       0.686035     2.86487e-08              
       0.686646     1.90992e-08              
       0.687256     3.50151e-08              
       0.687866     3.18319e-08              
       0.688477     3.81983e-08              
       0.689087     4.45647e-08              
       0.689697     3.50151e-08              
       0.690308      1.5916e-08              
       0.690918     1.27328e-08              
       0.691528     3.50151e-08              
       0.692139     4.13815e-08              
       0.692749     2.54655e-08              
       0.693359     1.90992e-08              
        0.69397     3.18319e-08              
        0.69458     3.81983e-08              
        0.69519     2.54655e-08              
       0.695801     9.54958e-09              
       0.696411     3.81983e-08              
       0.697021     2.86487e-08              
       0.697632     3.81983e-08              
       0.698242     2.86487e-08              
       0.698853     2.22823e-08              
       0.699463     1.90992e-08              
       0.700073     3.18319e-08              
       0.700684     2.54655e-08              
       0.701294     4.13815e-08              
       0.701904     2.54655e-08              
       0.702515     3.18319e-08              
       0.703125     3.18319e-08              
       0.703735     1.27328e-08              
       0.704346     1.90992e-08              
       0.704956     2.22823e-08              
       0.705566     2.54655e-08              
       0.706177     2.22823e-08              
       0.706787     3.18319e-08              
       0.707397     3.18319e-08              
       0.708008     5.41143e-08              
       0.708618     5.41143e-08              
       0.709229     3.18319e-08              
       0.709839      1.5916e-08              
       0.710449     2.54655e-08              
        0.71106     3.18319e-08              
        0.71167     5.41143e-08              
        0.71228     2.22823e-08              
       0.712891     3.18319e-08              
       0.713501     2.54655e-08              
       0.714111     3.18319e-08              
       0.714722     2.86487e-08              
       0.715332     3.50151e-08              
       0.715942      1.5916e-08              
       0.716553     4.13815e-08              
       0.717163     3.50151e-08              
       0.717773     3.18319e-08              
       0.718384     2.54655e-08              
       0.718994     3.81983e-08              
       0.719604     4.45647e-08              
       0.720215     3.18319e-08              
       0.720825     2.86487e-08              
       0.721436     4.45647e-08              
       0.722046     3.18319e-08              
       0.722656     1.90992e-08              
       0.723267     3.50151e-08              
       0.723877     3.50151e-08              
       0.724487     3.50151e-08              
       0.725098     3.18319e-08              
       0.725708     2.54655e-08              
       0.726318     3.18319e-08              
       0.726929     5.09311e-08              
       0.727539     3.81983e-08              
       0.728149     3.18319e-08              
        0.72876     2.86487e-08              
        0.72937     2.22823e-08              
        0.72998     3.81983e-08              
       0.730591     2.86487e-08              
       0.731201     3.50151e-08              
       0.731812      1.5916e-08              
       0.732422     2.22823e-08              
       0.733032     1.90992e-08              
       0.733643     2.86487e-08              
       0.734253     5.09311e-08              
       0.734863     3.18319e-08              
       0.735474     3.50151e-08              
       0.736084     3.50151e-08              
       0.736694     2.22823e-08              
       0.737305     2.22823e-08              
       0.737915     4.13815e-08              
       0.738525     9.54958e-09              
       0.739136     1.27328e-08              
       0.739746     2.86487e-08              
       0.740356     3.50151e-08              
       0.740967     3.50151e-08              
       0.741577     3.18319e-08              
       0.742188     3.50151e-08              
       0.742798     2.22823e-08              
       0.743408     4.13815e-08              
       0.744019     3.18319e-08              
       0.744629     3.50151e-08              
       0.745239     1.90992e-08              
        0.74585     1.27328e-08              
        0.74646     2.22823e-08              
        0.74707     2.86487e-08              
       0.747681     2.22823e-08              
       0.748291     3.50151e-08              
       0.748901     1.90992e-08              
       0.749512     1.90992e-08              
       0.750122     4.13815e-08              
       0.750732     3.18319e-08              
       0.751343     4.45647e-08              
       0.751953     1.90992e-08              
       0.752563     2.86487e-08              
       0.753174     3.18319e-09              
       0.753784     2.54655e-08              
       0.754395     9.54958e-09              
       0.755005     1.71892e-07              
       0.755615     4.13815e-08              
       0.756226     9.54958e-09              
       0.756836     1.90992e-08              
       0.757446      1.5916e-08              
       0.758057     9.54958e-09              
       0.758667     2.86487e-08              
       0.759277     2.86487e-08              
       0.759888     2.54655e-08              
       0.760498     2.54655e-08              
       0.761108     4.77479e-08              
       0.761719     1.27328e-08              
       0.762329     2.86487e-08              
       0.762939     2.22823e-08              
        0.76355     3.18319e-08              
        0.76416     2.54655e-08              
       0.764771     3.50151e-08              
       0.765381     3.81983e-08              
       0.765991     1.27328e-08              
       0.766602     3.50151e-08              
       0.767212     2.22823e-08              
       0.767822     1.90992e-08              
       0.768433     2.86487e-08              
       0.769043     2.54655e-08              
       0.769653     1.90992e-08              
       0.770264     4.45647e-08              
       0.770874     1.90992e-08              
       0.771484     2.22823e-08              
       0.772095     2.22823e-08              
       0.772705     1.90992e-08              
       0.773315     3.18319e-08              
       0.773926     2.86487e-08              
       0.774536     1.90992e-08              
       0.775146     2.54655e-08              
       0.775757     2.54655e-08              
       0.776367     1.90992e-08              
       0.776978     3.81983e-08              
       0.777588     1.27328e-08              
       0.778198     1.90992e-08              
       0.778809     2.22823e-08              
       0.779419     2.22823e-08              
       0.780029      1.5916e-08              
        0.78064     3.81983e-08              
        0.78125     2.54655e-08              
        0.78186     6.36639e-09              
       0.782471      1.5916e-08              
       0.783081     1.90992e-08              
       0.783691     9.54958e-09              
       0.784302     3.18319e-08              
       0.784912     4.13815e-08              
       0.785522     3.50151e-08              
       0.786133     7.00302e-08              
       0.786743     3.81983e-08              
       0.787354     4.77479e-08              
       0.787964     1.11412e-07              
       0.788574     3.50151e-08              
       0.789185     2.22823e-08              
       0.789795     3.50151e-08              
       0.790405     3.50151e-08              
       0.791016     6.36639e-09              
       0.791626     3.81983e-08              
       0.792236     3.18319e-08              
       0.792847      1.5916e-08              
       0.793457     9.54958e-09              
       0.794067     2.22823e-08              
       0.794678     2.54655e-08              
       0.795288      1.5916e-08              
       0.795898     1.90992e-08              
       0.796509     3.81983e-08              
       0.797119     2.22823e-08              
       0.797729     3.18319e-08              
        0.79834     3.81983e-08              
        0.79895     3.50151e-08              
       0.799561     2.86487e-08              
       0.800171     2.54655e-08              
       0.800781     1.90992e-08              
       0.801392     2.54655e-08              
       0.802002     4.13815e-08              
       0.802612     2.54655e-08              
       0.803223     1.27328e-08              
       0.803833     1.27328e-08              
       0.804443      1.5916e-08              
       0.805054      1.5916e-08              
       0.805664      1.5916e-08              
       0.806274     2.86487e-08              
       0.806885      1.5916e-08              
       0.807495     2.22823e-08              
       0.808105     4.13815e-08              
       0.808716     2.54655e-08              
       0.809326     2.22823e-08              
       0.809937     1.27328e-08              
       0.810547     2.22823e-08              
       0.811157     3.50151e-08              
       0.811768     1.90992e-08              
       0.812378     1.27328e-08              
       0.812988     3.18319e-08              
       0.813599     1.27328e-08              
       0.814209     1.27328e-08              
       0.814819     1.90992e-08              
        0.81543     2.22823e-08              
        0.81604     2.22823e-08              
        0.81665     2.86487e-08              
       0.817261     1.27328e-08              
       0.817871     2.54655e-08              
       0.818481     3.81983e-08              
       0.819092     3.18319e-08              
       0.819702     1.90992e-08              
       0.820312     2.86487e-08              
       0.820923     2.22823e-08              
       0.821533     3.50151e-08              
       0.822144     1.90992e-08              
       0.822754     3.81983e-08              
       0.823364     3.50151e-08              
       0.823975     3.50151e-08              
       0.824585     3.18319e-08              
       0.825195     1.90992e-08              
       0.825806     2.54655e-08              
       0.826416     2.54655e-08              
       0.827026     2.86487e-08              
       0.827637      1.5916e-08              
       0.828247     3.18319e-08              
       0.828857     1.90992e-08              
       0.829468     2.54655e-08              
       0.830078      1.5916e-08              
       0.830688     1.90992e-08              
       0.831299      1.5916e-08              
       0.831909     6.36639e-09              
        0.83252     1.90992e-08              
        0.83313     2.86487e-08              
        0.83374      1.5916e-08              
       0.834351     2.54655e-08              
       0.834961     9.54958e-09              
       0.835571     3.50151e-08              
       0.836182     2.86487e-08              
       0.836792     2.54655e-08              
       0.837402     2.86487e-08              
       0.838013     6.36639e-09              
       0.838623     1.27328e-08              
       0.839233     2.54655e-08              
       0.839844     2.22823e-08              
       0.840454     1.90992e-08              
       0.841064     3.18319e-08              
       0.841675     1.90992e-08              
       0.842285     4.13815e-08              
       0.842896     1.90992e-08              
       0.843506     1.90992e-08              
       0.844116     3.50151e-08              
       0.844727     1.27328e-08              
       0.845337     2.22823e-08              
       0.845947     2.54655e-08              
       0.846558      1.5916e-08              
       0.847168     3.18319e-08              
       0.847778     3.81983e-08              
       0.848389     9.54958e-09              
       0.848999     4.77479e-08              
       0.849609      1.5916e-08              
        0.85022     2.22823e-08              
        0.85083     2.54655e-08              
        0.85144     2.22823e-08              
       0.852051     1.27328e-08              
       0.852661     3.81983e-08              
       0.853271     2.54655e-08              
       0.853882     1.27328e-08              
       0.854492     2.22823e-08              
       0.855103      1.5916e-08              
       0.855713     2.86487e-08              
       0.856323     2.22823e-08              
       0.856934     1.90992e-08              
       0.857544     1.27328e-08              
       0.858154     2.54655e-08              
       0.858765     6.36639e-09              
       0.859375     1.27328e-08              
       0.859985     1.90992e-08              
       0.860596      1.5916e-08              
       0.861206     2.22823e-08              
       0.861816     4.45647e-08              
       0.862427     3.50151e-08              
       0.863037     2.22823e-08              
       0.863647     2.54655e-08              
       0.864258      1.5916e-08              
       0.864868     3.50151e-08              
       0.865479     1.90992e-08              
       0.866089     2.22823e-08              
       0.866699     2.86487e-08              
        0.86731     2.22823e-08              
        0.86792     3.81983e-08              
        0.86853     2.54655e-08              
       0.869141     2.86487e-08              
       0.869751     3.18319e-08              
       0.870361     1.90992e-08              
       0.870972      1.5916e-08              
       0.871582     9.54958e-09              
       0.872192     2.54655e-08              
       0.872803     9.54958e-09              
       0.873413     9.54958e-09              
       0.874023     2.86487e-08              
       0.874634     9.54958e-09              
       0.875244     2.22823e-08              
       0.875854     2.22823e-08              
       0.876465     3.50151e-08              
       0.877075     1.90992e-08              
       0.877686      1.5916e-08              
       0.878296     9.54958e-09              
       0.878906     1.90992e-08              
       0.879517     1.90992e-08              
       0.880127      1.5916e-08              
       0.880737     3.50151e-08              
       0.881348      1.5916e-08              
       0.881958     1.27328e-08              
       0.882568     1.90992e-08              
       0.883179     3.18319e-08              
       0.883789     2.54655e-08              
       0.884399     2.54655e-08              
        0.88501     2.22823e-08              
        0.88562     9.54958e-09              
        0.88623     1.90992e-08              
       0.886841     2.86487e-08              
       0.887451     2.54655e-08              
       0.888062     3.81983e-08              
       0.888672     3.18319e-08              
       0.889282     2.22823e-08              
       0.889893     3.50151e-08              
       0.890503     2.54655e-08              
       0.891113     1.90992e-08              
       0.891724     2.22823e-08              
       0.892334     2.22823e-08              
       0.892944     1.27328e-08              
       0.893555      1.5916e-08              
       0.894165     1.90992e-08              
       0.894775     3.18319e-09              
       0.895386      1.5916e-08              
       0.895996     2.54655e-08              
       0.896606      1.5916e-08              
       0.897217     3.18319e-08              
       0.897827     1.27328e-08              
       0.898438     1.27328e-08              
       0.899048     1.90992e-08              
       0.899658     3.81983e-08              
       0.900269     1.90992e-08              
       0.900879     9.54958e-09              
       0.901489     1.90992e-08              
         0.9021      1.5916e-08              
        0.90271     4.13815e-08              
        0.90332      1.5916e-08              
       0.903931     5.09311e-08              
       0.904541      1.5916e-08              
       0.905151     2.22823e-08              
       0.905762      1.5916e-08              
       0.906372     9.54958e-09              
       0.906982     2.54655e-08              
       0.907593      1.5916e-08              
       0.908203     2.22823e-08              
       0.908813     3.18319e-08              
       0.909424     1.27328e-08              
       0.910034      1.5916e-08              
       0.910645     2.54655e-08              
       0.911255      1.5916e-08              
       0.911865     2.86487e-08              
       0.912476     3.18319e-08              
       0.913086     1.90992e-08              
       0.913696     2.22823e-08              
       0.914307     1.90992e-08              
       0.914917      1.5916e-08              
       0.915527     4.13815e-08              
       0.916138     2.22823e-08              
       0.916748     2.22823e-08              
       0.917358     1.90992e-08              
       0.917969     1.90992e-08              
       0.918579     1.90992e-08              
       0.919189     1.90992e-08              
         0.9198      1.5916e-08              
        0.92041     1.90992e-08              
       0.921021     3.81983e-08              
       0.921631      1.5916e-08              
       0.922241      1.5916e-08              
       0.922852     2.22823e-08              
       0.923462     2.54655e-08              
       0.924072     2.22823e-08              
       0.924683     1.90992e-08              
       0.925293      1.5916e-08              
       0.925903     2.86487e-08              
       0.926514     3.81983e-08              
       0.927124     1.27328e-08              
       0.927734      1.5916e-08              
       0.928345     2.22823e-08              
       0.928955     6.36639e-09              
       0.929565     3.18319e-08              
       0.930176      1.5916e-08              
       0.930786     1.90992e-08              
       0.931396     2.86487e-08              
       0.932007      1.5916e-08              
       0.932617     3.18319e-09              
       0.933228     1.27328e-08              
       0.933838     1.90992e-08              
       0.934448     1.90992e-08              
       0.935059     2.54655e-08              
       0.935669     9.54958e-09              
       0.936279     2.86487e-08              
        0.93689     2.86487e-08              
         0.9375     2.54655e-08              
        0.93811     6.36639e-09              
       0.938721     1.27328e-08              
       0.939331     9.54958e-09              
       0.939941     1.90992e-08              
       0.940552      1.5916e-08              
       0.941162     2.86487e-08              
       0.941772     3.81983e-08              
       0.942383     3.81983e-08              
       0.942993     1.90992e-08              
       0.943604     6.36639e-09              
       0.944214     6.36639e-09              
       0.944824      1.5916e-08              
       0.945435     1.27328e-08              
       0.946045     9.54958e-09              
       0.946655     2.22823e-08              
       0.947266     1.90992e-08              
       0.947876     1.90992e-08              
       0.948486     2.22823e-08              
       0.949097     2.22823e-08              
       0.949707     1.90992e-08              
       0.950317      1.5916e-08              
       0.950928     2.86487e-08              
       0.951538     1.90992e-08              
       0.952148     4.13815e-08              
       0.952759     2.22823e-08              
       0.953369     2.54655e-08              
       0.953979     2.86487e-08              
        0.95459      1.5916e-08              
         0.9552     1.27328e-08              
       0.955811     2.54655e-08              
       0.956421     1.27328e-08              
       0.957031      1.5916e-08              
       0.957642     6.36639e-09              
       0.958252     2.54655e-08              
       0.958862     1.90992e-08              
       0.959473     2.22823e-08              
       0.960083     1.90992e-08              
       0.960693      1.5916e-08              
       0.961304     9.54958e-09              
       0.961914     1.27328e-08              
       0.962524     1.90992e-08              
       0.963135     1.27328e-08              
       0.963745     6.36639e-09              
       0.964355      1.5916e-08              
       0.964966     1.90992e-08              
       0.965576     1.90992e-08              
       0.966187     2.54655e-08              
       0.966797     6.36639e-09              
       0.967407     3.50151e-08              
       0.968018     1.90992e-08              
       0.968628     9.54958e-09              
       0.969238     2.22823e-08              
       0.969849     2.22823e-08              
       0.970459     2.22823e-08              
       0.971069     2.54655e-08              
        0.97168     9.54958e-09              
        0.97229     1.27328e-08              
         0.9729     6.36639e-09              
       0.973511     1.27328e-08              
       0.974121      1.5916e-08              
       0.974731     1.90992e-08              
       0.975342      1.5916e-08              
       0.975952     9.54958e-09              
       0.976562     1.27328e-08              
       0.977173     2.54655e-08              
       0.977783     1.90992e-08              
       0.978394      1.5916e-08              
       0.979004     6.36639e-09              
       0.979614     1.90992e-08              
       0.980225      1.5916e-08              
       0.980835      1.5916e-08              
       0.981445     9.54958e-09              
       0.982056     1.90992e-08              
       0.982666      1.5916e-08              
       0.983276     6.36639e-09              
       0.983887     1.90992e-08              
       0.984497     6.36639e-09              
       0.985107     1.90992e-08              
       0.985718     3.18319e-09              
       0.986328      1.5916e-08              
       0.986938      1.5916e-08              
       0.987549     1.90992e-08              
       0.988159     3.18319e-09              
        0.98877      1.5916e-08              
        0.98938     1.90992e-08              
        0.98999     2.54655e-08              
       0.990601     9.54958e-09              
       0.991211     1.90992e-08              
       0.991821     2.22823e-08              
       0.992432     2.22823e-08              
       0.993042     6.36639e-09              
       0.993652     1.27328e-08              
       0.994263      1.5916e-08              
       0.994873     1.90992e-08              
       0.995483     9.54958e-09              
       0.996094     1.27328e-08              
       0.996704     1.90992e-08              
       0.997314     1.27328e-08              
       0.997925     9.54958e-09              
       0.998535     1.90992e-08              
       0.999146     3.50151e-08              
