        2.99927     3.18319e-09              
        2.99988     6.36639e-09              
        3.00049               0              
         3.0011     1.90992e-08              
        3.00171               0              
        3.00232     3.18319e-09              
        3.00293     3.18319e-09              
        3.00354     6.36639e-09              
        3.00415     3.18319e-09              
        3.00476     3.18319e-09              
        3.00537     6.36639e-09              
        3.00598     9.54958e-09              
        3.00659     3.18319e-09              
         3.0072     1.27328e-08              
        3.00781     9.54958e-09              
        3.00842               0              
        3.00903     6.36639e-09              
        3.00964               0              
        3.01025     3.18319e-09              
        3.01086     6.36639e-09              
        3.01147     3.18319e-09              
        3.01208               0              
         3.0127               0              
        3.01331     3.18319e-09              
        3.01392     3.18319e-09              
        3.01453     3.18319e-09              
        3.01514               0              
        3.01575     2.54655e-08              
        3.01636     6.36639e-09              
        3.01697               0              
        3.01758     1.27328e-08              
        3.01819               0              
         3.0188               0              
        3.01941     3.18319e-09              
        3.02002     9.54958e-09              
        3.02063     3.18319e-09              
        3.02124     6.36639e-09              
        3.02185               0              
        3.02246     9.54958e-09              
        3.02307               0              
        3.02368     9.54958e-09              
        3.02429     3.18319e-09              
         3.0249     6.36639e-09              
        3.02551     3.18319e-09              
        3.02612               0              
        3.02673     3.18319e-09              
        3.02734     3.18319e-09              
        3.02795               0              
        3.02856               0              
        3.02917     6.36639e-09              
        3.02979     6.36639e-09              
         3.0304     1.27328e-08              
        3.03101     9.54958e-09              
        3.03162     6.36639e-09              
        3.03223     6.36639e-09              
        3.03284     6.36639e-09              
        3.03345     1.27328e-08              
        3.03406               0              
        3.03467     6.36639e-09              
        3.03528     3.18319e-09              
        3.03589               0              
         3.0365     9.54958e-09              
        3.03711     3.18319e-09              
        3.03772     6.36639e-09              
        3.03833     6.36639e-09              
        3.03894     3.18319e-09              
        3.03955     9.54958e-09              
        3.04016     6.36639e-09              
        3.04077     3.18319e-09              
        3.04138     6.36639e-09              
        3.04199     3.18319e-09              
         3.0426     9.54958e-09              
        3.04321               0              
        3.04382     6.36639e-09              
        3.04443     2.22823e-08              
        3.04504     9.54958e-09              
        3.04565               0              
        3.04626     3.18319e-09              
        3.04688               0              
        3.04749     6.36639e-09              
         3.0481     6.36639e-09              
        3.04871     6.36639e-09              
        3.04932     3.18319e-09              
        3.04993     6.36639e-09              
        3.05054     7.83065e-07              
        3.05115     3.18319e-09              
        3.05176     6.36639e-09              
        3.05237     3.18319e-09              
        3.05298     6.36639e-09              
        3.05359     9.54958e-09              
         3.0542     6.36639e-09              
        3.05481     6.36639e-09              
        3.05542     3.18319e-09              
        3.05603     3.18319e-09              
        3.05664     6.36639e-09              
        3.05725     3.18319e-09              
        3.05786     6.36639e-09              
        3.05847     3.18319e-09              
        3.05908               0              
        3.05969     6.36639e-09              
         3.0603               0              
        3.06091     3.18319e-09              
        3.06152      6.6847e-08              
        3.06213               0              
        3.06274               0              
        3.06335     6.36639e-09              
        3.06396               0              
        3.06458     3.18319e-09              
        3.06519     6.36639e-09              
         3.0658     3.18319e-09              
        3.06641     3.18319e-09              
        3.06702     3.18319e-09              
        3.06763     3.18319e-09              
        3.06824     6.36639e-09              
        3.06885     3.18319e-09              
        3.06946               0              
        3.07007     3.18319e-09              
        3.07068     2.22823e-08              
        3.07129     3.18319e-09              
         3.0719     9.54958e-09              
        3.07251               0              
        3.07312     3.18319e-09              
        3.07373               0              
        3.07434      1.5916e-08              
        3.07495               0              
        3.07556               0              
        3.07617     9.54958e-09              
        3.07678     3.18319e-09              
        3.07739     3.18319e-09              
          3.078     9.54958e-09              
        3.07861     3.18319e-09              
        3.07922     3.18319e-09              
        3.07983     6.36639e-09              
        3.08044               0              
        3.08105               0              
        3.08167     3.18319e-09              
        3.08228     3.18319e-09              
        3.08289     3.18319e-09              
         3.0835               0              
        3.08411               0              
        3.08472     3.18319e-09              
        3.08533      1.5916e-08              
        3.08594     9.54958e-09              
        3.08655               0              
        3.08716     3.18319e-09              
        3.08777     6.36639e-09              
        3.08838     3.18319e-09              
        3.08899     3.18319e-09              
         3.0896     9.54958e-09              
        3.09021     3.18319e-09              
        3.09082               0              
        3.09143     3.18319e-09              
        3.09204               0              
        3.09265     6.36639e-09              
        3.09326     6.36639e-09              
        3.09387               0              
        3.09448     3.18319e-09              
        3.09509     6.36639e-09              
         3.0957     3.18319e-09              
        3.09631     6.36639e-09              
        3.09692     1.27328e-08              
        3.09753               0              
        3.09814               0              
        3.09875     3.18319e-09              
        3.09937     3.18319e-09              
        3.09998               0              
        3.10059     3.18319e-09              
         3.1012     3.18319e-09              
        3.10181               0              
        3.10242     3.18319e-09              
        3.10303     3.18319e-09              
        3.10364     9.54958e-09              
        3.10425     6.36639e-09              
        3.10486     6.36639e-09              
        3.10547     9.54958e-09              
        3.10608     6.36639e-09              
        3.10669     3.18319e-09              
         3.1073     6.36639e-09              
        3.10791     1.90992e-08              
        3.10852     9.54958e-09              
        3.10913     6.36639e-09              
        3.10974     3.18319e-09              
        3.11035     3.18319e-09              
        3.11096     3.18319e-09              
        3.11157               0              
        3.11218     3.18319e-09              
        3.11279     3.18319e-09              
         3.1134     6.36639e-09              
        3.11401     6.36639e-09              
        3.11462               0              
        3.11523               0              
        3.11584      1.5916e-08              
        3.11646     3.18319e-09              
        3.11707     9.54958e-09              
        3.11768               0              
        3.11829     9.54958e-09              
         3.1189               0              
        3.11951               0              
        3.12012     3.18319e-09              
        3.12073     3.18319e-09              
        3.12134               0              
        3.12195     6.36639e-09              
        3.12256     3.18319e-09              
        3.12317     6.36639e-09              
        3.12378     3.18319e-09              
        3.12439               0              
          3.125               0              
        3.12561               0              
        3.12622     6.36639e-09              
        3.12683     3.18319e-09              
        3.12744               0              
        3.12805     6.36639e-09              
        3.12866     3.18319e-09              
        3.12927     3.18319e-09              
        3.12988               0              
        3.13049     3.18319e-09              
         3.1311               0              
        3.13171     6.36639e-09              
        3.13232     6.36639e-09              
        3.13293     1.27328e-08              
        3.13354               0              
        3.13416     3.18319e-09              
        3.13477               0              
        3.13538     2.22823e-08              
        3.13599     1.27328e-08              
         3.1366               0              
        3.13721     6.36639e-09              
        3.13782     3.18319e-09              
        3.13843               0              
        3.13904     1.27328e-08              
        3.13965     6.36639e-09              
        3.14026     3.18319e-09              
        3.14087     3.18319e-09              
        3.14148               0              
        3.14209     6.36639e-09              
         3.1427     3.18319e-09              
        3.14331     3.18319e-09              
        3.14392      1.5916e-08              
        3.14453     6.36639e-09              
        3.14514     3.18319e-09              
        3.14575     9.54958e-09              
        3.14636     3.18319e-09              
        3.14697     9.54958e-09              
        3.14758               0              
        3.14819     3.18319e-09              
         3.1488               0              
        3.14941     6.36639e-09              
        3.15002     9.54958e-09              
        3.15063               0              
        3.15125     9.54958e-09              
        3.15186     1.27328e-08              
        3.15247               0              
        3.15308     3.18319e-09              
        3.15369               0              
         3.1543     6.36639e-09              
        3.15491               0              
        3.15552               0              
        3.15613     6.36639e-09              
        3.15674               0              
        3.15735     3.18319e-09              
        3.15796     6.36639e-09              
        3.15857     3.18319e-09              
        3.15918     6.36639e-09              
        3.15979     9.54958e-09              
         3.1604               0              
        3.16101               0              
        3.16162     9.54958e-09              
        3.16223     6.36639e-09              
        3.16284     6.36639e-09              
        3.16345               0              
        3.16406               0              
        3.16467               0              
        3.16528     3.18319e-09              
        3.16589     6.36639e-09              
         3.1665     9.54958e-09              
        3.16711               0              
        3.16772     6.36639e-09              
        3.16833     6.36639e-09              
        3.16895     3.18319e-09              
        3.16956               0              
        3.17017               0              
        3.17078               0              
        3.17139     3.18319e-09              
          3.172               0              
        3.17261     6.36639e-09              
        3.17322     1.27328e-08              
        3.17383     6.36639e-09              
        3.17444     3.18319e-09              
        3.17505               0              
        3.17566     3.18319e-09              
        3.17627               0              
        3.17688     6.36639e-09              
        3.17749               0              
         3.1781     9.54958e-09              
        3.17871               0              
        3.17932     9.54958e-09              
        3.17993     6.36639e-09              
        3.18054     3.18319e-09              
        3.18115     6.36639e-09              
        3.18176               0              
        3.18237     3.18319e-09              
        3.18298     3.18319e-09              
        3.18359     3.18319e-09              
         3.1842     6.36639e-09              
        3.18481               0              
        3.18542               0              
        3.18604               0              
        3.18665               0              
        3.18726     6.36639e-09              
        3.18787     6.36639e-09              
        3.18848     9.54958e-09              
        3.18909     3.18319e-09              
         3.1897     6.36639e-09              
        3.19031     3.18319e-09              
        3.19092     1.27328e-08              
        3.19153     3.18319e-09              
        3.19214     3.18319e-09              
        3.19275     3.18319e-09              
        3.19336     3.18319e-09              
        3.19397               0              
        3.19458     3.18319e-09              
        3.19519               0              
         3.1958               0              
        3.19641     3.18319e-09              
        3.19702               0              
        3.19763               0              
        3.19824               0              
        3.19885     6.36639e-09              
        3.19946               0              
        3.20007     3.18319e-09              
        3.20068     9.54958e-09              
        3.20129     9.54958e-09              
         3.2019     6.36639e-09              
        3.20251               0              
        3.20312     3.18319e-09              
        3.20374     9.54958e-09              
        3.20435     3.18319e-09              
        3.20496     9.54958e-09              
        3.20557     1.27328e-08              
        3.20618               0              
        3.20679     3.18319e-09              
         3.2074     3.18319e-09              
        3.20801     3.18319e-09              
        3.20862               0              
        3.20923     3.18319e-09              
        3.20984               0              
        3.21045     6.36639e-09              
        3.21106     3.18319e-09              
        3.21167     1.27328e-08              
        3.21228               0              
        3.21289     3.18319e-09              
         3.2135     3.18319e-09              
        3.21411     3.18319e-09              
        3.21472               0              
        3.21533     6.36639e-09              
        3.21594     3.18319e-09              
        3.21655     3.18319e-09              
        3.21716               0              
        3.21777               0              
        3.21838               0              
        3.21899      1.5916e-08              
         3.2196               0              
        3.22021     6.36639e-09              
        3.22083               0              
        3.22144     6.36639e-09              
        3.22205     3.18319e-09              
        3.22266     9.54958e-09              
        3.22327               0              
        3.22388     3.18319e-09              
        3.22449     3.18319e-09              
         3.2251     3.18319e-09              
        3.22571     3.18319e-09              
        3.22632               0              
        3.22693     3.18319e-09              
        3.22754               0              
        3.22815               0              
        3.22876     3.18319e-09              
        3.22937     3.18319e-09              
        3.22998     6.36639e-09              
        3.23059     6.36639e-09              
         3.2312     3.18319e-09              
        3.23181     3.18319e-09              
        3.23242     3.18319e-09              
        3.23303     6.36639e-09              
        3.23364     3.18319e-09              
        3.23425               0              
        3.23486     3.18319e-09              
        3.23547     3.18319e-09              
        3.23608     6.36639e-09              
        3.23669               0              
         3.2373     3.18319e-09              
        3.23792     1.27328e-08              
        3.23853     3.18319e-09              
        3.23914     3.18319e-09              
        3.23975     6.36639e-09              
        3.24036     6.36639e-09              
        3.24097               0              
        3.24158     6.36639e-09              
        3.24219     3.18319e-09              
         3.2428     9.54958e-09              
        3.24341     3.18319e-09              
        3.24402               0              
        3.24463     9.54958e-09              
        3.24524               0              
        3.24585               0              
        3.24646               0              
        3.24707     3.18319e-09              
        3.24768     3.18319e-09              
        3.24829     3.18319e-09              
         3.2489     9.54958e-09              
        3.24951               0              
        3.25012     9.54958e-09              
        3.25073     1.27328e-08              
        3.25134     3.18319e-09              
        3.25195     3.18319e-09              
        3.25256     3.18319e-09              
        3.25317     3.18319e-09              
        3.25378     3.18319e-09              
        3.25439     9.54958e-09              
          3.255     3.18319e-09              
        3.25562     9.54958e-09              
        3.25623     6.36639e-09              
        3.25684               0              
        3.25745     3.18319e-09              
        3.25806               0              
        3.25867     9.54958e-09              
        3.25928     9.54958e-09              
        3.25989     3.18319e-09              
         3.2605               0              
        3.26111     3.18319e-09              
        3.26172     3.18319e-09              
        3.26233     3.18319e-09              
        3.26294     9.54958e-09              
        3.26355     3.18319e-09              
        3.26416     3.18319e-09              
        3.26477               0              
        3.26538               0              
        3.26599     3.18319e-09              
         3.2666               0              
        3.26721               0              
        3.26782     6.36639e-09              
        3.26843     3.18319e-09              
        3.26904     9.54958e-09              
        3.26965     3.18319e-09              
        3.27026     3.18319e-09              
        3.27087     3.18319e-09              
        3.27148     6.36639e-09              
        3.27209     1.27328e-08              
        3.27271     3.18319e-09              
        3.27332     3.18319e-09              
        3.27393     9.54958e-09              
        3.27454     3.18319e-09              
        3.27515               0              
        3.27576     3.18319e-09              
        3.27637               0              
        3.27698     9.54958e-09              
        3.27759               0              
         3.2782     3.18319e-09              
        3.27881               0              
        3.27942     6.36639e-09              
        3.28003     6.36639e-09              
        3.28064     3.18319e-09              
        3.28125     3.18319e-09              
        3.28186     3.18319e-09              
        3.28247               0              
        3.28308               0              
        3.28369               0              
         3.2843               0              
        3.28491     6.36639e-09              
        3.28552     9.54958e-09              
        3.28613     9.54958e-09              
        3.28674     3.18319e-09              
        3.28735     3.18319e-09              
        3.28796     6.36639e-09              
        3.28857     6.36639e-09              
        3.28918     6.36639e-09              
        3.28979     3.18319e-09              
        3.29041     3.18319e-09              
        3.29102     3.18319e-09              
        3.29163     6.36639e-09              
        3.29224               0              
        3.29285     3.18319e-09              
        3.29346     3.18319e-09              
        3.29407     1.27328e-08              
        3.29468     1.27328e-08              
        3.29529     3.18319e-09              
         3.2959     3.18319e-09              
        3.29651     9.54958e-09              
        3.29712     2.22823e-08              
        3.29773               0              
        3.29834               0              
        3.29895     3.18319e-09              
        3.29956     9.54958e-09              
        3.30017     3.18319e-09              
        3.30078     6.36639e-09              
        3.30139     6.36639e-09              
          3.302     3.18319e-09              
        3.30261     3.18319e-09              
        3.30322     3.18319e-09              
        3.30383     3.18319e-09              
        3.30444               0              
        3.30505               0              
        3.30566     6.36639e-09              
        3.30627     3.18319e-09              
        3.30688     3.18319e-09              
         3.3075     3.18319e-09              
        3.30811     3.18319e-09              
        3.30872     3.18319e-09              
        3.30933     3.18319e-09              
        3.30994     1.27328e-08              
        3.31055     3.18319e-09              
        3.31116     6.36639e-09              
        3.31177     3.18319e-09              
        3.31238               0              
        3.31299     1.27328e-08              
         3.3136     6.36639e-09              
        3.31421     3.18319e-09              
        3.31482     9.54958e-09              
        3.31543               0              
        3.31604     9.54958e-09              
        3.31665               0              
        3.31726     3.18319e-09              
        3.31787     6.36639e-09              
        3.31848               0              
        3.31909               0              
         3.3197     3.18319e-09              
        3.32031     3.18319e-09              
        3.32092     6.36639e-09              
        3.32153               0              
        3.32214               0              
        3.32275     9.54958e-09              
        3.32336               0              
        3.32397     6.36639e-09              
        3.32458     3.18319e-09              
         3.3252     6.36639e-09              
        3.32581               0              
        3.32642               0              
        3.32703               0              
        3.32764               0              
        3.32825     6.36639e-09              
        3.32886     9.54958e-09              
        3.32947     9.54958e-09              
        3.33008     3.18319e-09              
        3.33069               0              
         3.3313     3.18319e-09              
        3.33191     6.36639e-09              
        3.33252     3.50151e-08              
        3.33313               0              
        3.33374     6.36639e-09              
        3.33435     6.36639e-09              
        3.33496               0              
        3.33557     3.18319e-09              
        3.33618      1.5916e-08              
        3.33679     3.18319e-09              
         3.3374     3.18319e-09              
        3.33801               0              
        3.33862     3.18319e-09              
        3.33923     3.18319e-09              
        3.33984     6.36639e-09              
        3.34045     3.18319e-09              
        3.34106               0              
        3.34167               0              
        3.34229     6.36639e-09              
         3.3429     3.18319e-09              
        3.34351     3.18319e-09              
        3.34412     3.18319e-09              
        3.34473     3.18319e-09              
        3.34534     3.18319e-09              
        3.34595               0              
        3.34656     1.27328e-08              
        3.34717     3.18319e-09              
        3.34778     3.18319e-09              
        3.34839     3.18319e-09              
          3.349     3.18319e-09              
        3.34961     6.36639e-09              
        3.35022     1.27328e-08              
        3.35083     6.36639e-09              
        3.35144               0              
        3.35205     3.18319e-09              
        3.35266               0              
        3.35327     3.18319e-09              
        3.35388               0              
        3.35449     3.18319e-09              
         3.3551     3.18319e-09              
        3.35571     3.18319e-09              
        3.35632     6.36639e-09              
        3.35693     9.54958e-09              
        3.35754               0              
        3.35815               0              
        3.35876               0              
        3.35938     1.27328e-08              
        3.35999     3.18319e-09              
         3.3606               0              
        3.36121     3.18319e-09              
        3.36182               0              
        3.36243     3.18319e-09              
        3.36304     9.54958e-09              
        3.36365     3.18319e-09              
        3.36426     3.18319e-09              
        3.36487     6.36639e-09              
        3.36548     3.18319e-09              
        3.36609     3.18319e-09              
         3.3667     3.18319e-09              
        3.36731     3.18319e-09              
        3.36792               0              
        3.36853     6.36639e-09              
        3.36914     9.54958e-09              
        3.36975     3.18319e-09              
        3.37036               0              
        3.37097     6.36639e-09              
        3.37158     6.36639e-09              
        3.37219     3.18319e-09              
         3.3728     3.18319e-09              
        3.37341     6.36639e-09              
        3.37402     3.18319e-09              
        3.37463     1.27328e-08              
        3.37524     3.18319e-09              
        3.37585     6.36639e-09              
        3.37646               0              
        3.37708               0              
        3.37769               0              
         3.3783     3.18319e-09              
        3.37891     3.18319e-09              
        3.37952     6.36639e-09              
        3.38013     6.36639e-09              
        3.38074               0              
        3.38135     6.36639e-09              
        3.38196               0              
        3.38257     3.18319e-09              
        3.38318     3.18319e-09              
        3.38379     3.18319e-09              
         3.3844     6.36639e-09              
        3.38501      1.5916e-08              
        3.38562     3.18319e-09              
        3.38623               0              
        3.38684     3.18319e-09              
        3.38745     3.18319e-09              
        3.38806     3.18319e-09              
        3.38867               0              
        3.38928     6.36639e-09              
        3.38989               0              
         3.3905     3.18319e-09              
        3.39111               0              
        3.39172     3.18319e-09              
        3.39233               0              
        3.39294     3.18319e-09              
        3.39355     3.18319e-09              
        3.39417     3.18319e-09              
        3.39478     3.18319e-09              
        3.39539               0              
          3.396               0              
        3.39661               0              
        3.39722     3.18319e-09              
        3.39783     3.18319e-09              
        3.39844     3.18319e-09              
        3.39905               0              
        3.39966               0              
        3.40027     3.18319e-09              
        3.40088     6.36639e-09              
        3.40149               0              
         3.4021               0              
        3.40271               0              
        3.40332     3.18319e-09              
        3.40393               0              
        3.40454     3.18319e-09              
        3.40515     9.54958e-09              
        3.40576     3.18319e-09              
        3.40637     6.36639e-09              
        3.40698     3.18319e-09              
        3.40759     6.36639e-09              
         3.4082     6.36639e-09              
        3.40881     6.36639e-09              
        3.40942     6.36639e-09              
        3.41003     3.18319e-09              
        3.41064     3.18319e-09              
        3.41125     6.36639e-09              
        3.41187     6.36639e-09              
        3.41248     3.18319e-09              
        3.41309      1.5916e-08              
         3.4137     6.36639e-09              
        3.41431     3.18319e-09              
        3.41492     6.36639e-09              
        3.41553     3.18319e-09              
        3.41614               0              
        3.41675     3.18319e-09              
        3.41736               0              
        3.41797               0              
        3.41858     3.18319e-09              
        3.41919     9.54958e-09              
         3.4198     3.18319e-09              
        3.42041     3.18319e-09              
        3.42102     3.18319e-09              
        3.42163     6.36639e-09              
        3.42224               0              
        3.42285     6.36639e-09              
        3.42346     9.54958e-09              
        3.42407     6.36639e-09              
        3.42468     3.18319e-09              
        3.42529               0              
         3.4259     3.18319e-09              
        3.42651     9.54958e-09              
        3.42712     3.18319e-09              
        3.42773     9.54958e-09              
        3.42834     6.36639e-09              
        3.42896     2.22823e-08              
        3.42957     3.18319e-09              
        3.43018               0              
        3.43079     3.18319e-09              
         3.4314     9.54958e-09              
        3.43201               0              
        3.43262               0              
        3.43323     6.36639e-09              
        3.43384               0              
        3.43445     6.36639e-09              
        3.43506     3.18319e-09              
        3.43567     6.36639e-09              
        3.43628     3.18319e-09              
        3.43689               0              
         3.4375     3.18319e-09              
        3.43811     3.18319e-09              
        3.43872               0              
        3.43933     9.54958e-09              
        3.43994     6.36639e-09              
        3.44055     3.18319e-09              
        3.44116               0              
        3.44177               0              
        3.44238     3.18319e-09              
        3.44299     3.18319e-09              
         3.4436      1.5916e-08              
        3.44421     6.36639e-09              
        3.44482               0              
        3.44543     3.18319e-09              
        3.44604               0              
        3.44666               0              
        3.44727               0              
        3.44788     9.54958e-09              
        3.44849     6.36639e-09              
         3.4491     6.36639e-09              
        3.44971     6.36639e-09              
        3.45032     3.18319e-09              
        3.45093     6.36639e-09              
        3.45154     3.18319e-09              
        3.45215     3.18319e-09              
        3.45276               0              
        3.45337               0              
        3.45398     3.18319e-09              
        3.45459               0              
         3.4552     6.36639e-09              
        3.45581               0              
        3.45642     3.18319e-09              
        3.45703     6.36639e-09              
        3.45764      1.5916e-08              
        3.45825               0              
        3.45886     6.36639e-09              
        3.45947     6.36639e-09              
        3.46008     3.18319e-09              
        3.46069               0              
         3.4613     3.18319e-09              
        3.46191               0              
        3.46252     3.18319e-09              
        3.46313     3.18319e-09              
        3.46375               0              
        3.46436     3.18319e-09              
        3.46497     6.36639e-09              
        3.46558     3.18319e-09              
        3.46619     3.18319e-09              
         3.4668     3.18319e-09              
        3.46741     3.18319e-09              
        3.46802     3.18319e-09              
        3.46863     3.18319e-09              
        3.46924     3.18319e-09              
        3.46985     3.18319e-09              
        3.47046     6.36639e-09              
        3.47107      1.5916e-08              
        3.47168     3.18319e-09              
        3.47229               0              
         3.4729               0              
        3.47351               0              
        3.47412     9.54958e-09              
        3.47473               0              
        3.47534               0              
        3.47595     9.54958e-09              
        3.47656     6.36639e-09              
        3.47717     3.18319e-09              
        3.47778               0              
        3.47839     6.36639e-09              
          3.479     6.36639e-09              
        3.47961     3.18319e-09              
        3.48022     3.18319e-09              
        3.48083               0              
        3.48145               0              
        3.48206               0              
        3.48267     1.27328e-08              
        3.48328               0              
        3.48389     6.36639e-09              
         3.4845               0              
        3.48511     6.36639e-09              
        3.48572     6.36639e-09              
        3.48633     9.54958e-09              
        3.48694               0              
        3.48755     3.18319e-09              
        3.48816     6.36639e-09              
        3.48877     3.18319e-09              
        3.48938     6.36639e-09              
        3.48999     3.18319e-09              
         3.4906     6.36639e-09              
        3.49121     3.18319e-09              
        3.49182     6.36639e-09              
        3.49243     9.54958e-09              
        3.49304               0              
        3.49365     6.36639e-09              
        3.49426               0              
        3.49487     6.36639e-09              
        3.49548               0              
        3.49609               0              
         3.4967     3.18319e-09              
        3.49731     3.18319e-09              
        3.49792               0              
        3.49854     6.36639e-09              
        3.49915     3.18319e-09              
        3.49976     3.18319e-09              
        3.50037      1.5916e-08              
        3.50098     3.18319e-09              
        3.50159               0              
         3.5022     3.18319e-09              
        3.50281               0              
        3.50342     3.18319e-09              
        3.50403     9.54958e-09              
        3.50464     6.36639e-09              
        3.50525     3.18319e-09              
        3.50586     3.18319e-09              
        3.50647     3.18319e-09              
        3.50708     6.36639e-09              
        3.50769               0              
         3.5083               0              
        3.50891               0              
        3.50952     3.18319e-09              
        3.51013     6.36639e-09              
        3.51074     3.18319e-09              
        3.51135               0              
        3.51196     9.54958e-09              
        3.51257     3.18319e-09              
        3.51318     9.54958e-09              
        3.51379     3.18319e-09              
         3.5144     3.18319e-09              
        3.51501     3.18319e-09              
        3.51562     6.36639e-09              
        3.51624               0              
        3.51685               0              
        3.51746     1.27328e-08              
        3.51807     3.18319e-09              
        3.51868     3.18319e-09              
        3.51929     3.18319e-09              
         3.5199     3.18319e-09              
        3.52051     3.18319e-09              
        3.52112               0              
        3.52173               0              
        3.52234     3.18319e-09              
        3.52295     3.18319e-09              
        3.52356               0              
        3.52417               0              
        3.52478     6.36639e-09              
        3.52539     3.18319e-09              
          3.526     3.18319e-09              
        3.52661     3.18319e-09              
        3.52722               0              
        3.52783     3.18319e-09              
        3.52844     3.18319e-09              
        3.52905     6.36639e-09              
        3.52966     3.18319e-09              
        3.53027     3.18319e-09              
        3.53088     3.18319e-09              
        3.53149     6.36639e-09              
         3.5321     9.54958e-09              
        3.53271               0              
        3.53333               0              
        3.53394     3.18319e-09              
        3.53455     3.18319e-09              
        3.53516     3.18319e-09              
        3.53577               0              
        3.53638     3.18319e-09              
        3.53699     9.54958e-09              
         3.5376     3.18319e-09              
        3.53821     3.18319e-09              
        3.53882     3.18319e-09              
        3.53943               0              
        3.54004     3.18319e-09              
        3.54065               0              
        3.54126               0              
        3.54187               0              
        3.54248     3.18319e-09              
        3.54309     3.18319e-09              
         3.5437     9.54958e-09              
        3.54431     3.18319e-09              
        3.54492     3.18319e-09              
        3.54553     6.36639e-09              
        3.54614     6.36639e-09              
        3.54675     6.36639e-09              
        3.54736     6.36639e-09              
        3.54797               0              
        3.54858     6.36639e-09              
        3.54919     6.36639e-09              
         3.5498     6.36639e-09              
        3.55042     6.36639e-09              
        3.55103               0              
        3.55164     6.36639e-09              
        3.55225               0              
        3.55286     3.18319e-09              
        3.55347               0              
        3.55408     3.18319e-09              
        3.55469     3.18319e-09              
         3.5553     3.18319e-09              
        3.55591     3.18319e-09              
        3.55652     3.18319e-09              
        3.55713     3.18319e-09              
        3.55774     1.27328e-08              
        3.55835               0              
        3.55896     6.36639e-09              
        3.55957               0              
        3.56018     3.18319e-09              
        3.56079      1.5916e-08              
         3.5614     2.54655e-08              
        3.56201               0              
        3.56262     3.18319e-09              
        3.56323     9.54958e-09              
        3.56384               0              
        3.56445               0              
        3.56506     3.18319e-09              
        3.56567     9.54958e-09              
        3.56628     3.18319e-09              
        3.56689     3.18319e-09              
         3.5675     1.27328e-08              
        3.56812     3.18319e-09              
        3.56873     3.18319e-09              
        3.56934     9.54958e-09              
        3.56995     3.18319e-09              
        3.57056     3.18319e-09              
        3.57117     6.36639e-09              
        3.57178     6.36639e-09              
        3.57239     3.18319e-09              
          3.573     3.18319e-09              
        3.57361     6.36639e-09              
        3.57422     6.36639e-09              
        3.57483     6.36639e-09              
        3.57544     3.18319e-09              
        3.57605     3.18319e-09              
        3.57666     9.54958e-09              
        3.57727     3.18319e-09              
        3.57788     3.18319e-09              
        3.57849     3.18319e-09              
         3.5791               0              
        3.57971     3.18319e-09              
        3.58032     3.18319e-09              
        3.58093     9.54958e-09              
        3.58154               0              
        3.58215               0              
        3.58276               0              
        3.58337     3.18319e-09              
        3.58398     3.18319e-09              
        3.58459     6.36639e-09              
        3.58521     6.36639e-09              
        3.58582               0              
        3.58643               0              
        3.58704               0              
        3.58765     3.18319e-09              
        3.58826     6.36639e-09              
        3.58887      1.5916e-08              
        3.58948     9.54958e-09              
        3.59009               0              
         3.5907               0              
        3.59131     3.18319e-09              
        3.59192     3.18319e-09              
        3.59253               0              
        3.59314     3.18319e-09              
        3.59375               0              
        3.59436               0              
        3.59497     3.18319e-09              
        3.59558     9.54958e-09              
        3.59619               0              
         3.5968               0              
        3.59741     6.36639e-09              
        3.59802               0              
        3.59863      1.5916e-08              
        3.59924     9.54958e-09              
        3.59985     3.18319e-09              
        3.60046     3.18319e-09              
        3.60107               0              
        3.60168     3.18319e-09              
        3.60229     6.36639e-09              
        3.60291               0              
        3.60352     6.36639e-09              
        3.60413     1.27328e-08              
        3.60474               0              
        3.60535               0              
        3.60596     1.27328e-08              
        3.60657     6.36639e-09              
        3.60718     3.18319e-09              
        3.60779     3.18319e-09              
         3.6084     1.27328e-08              
        3.60901     9.54958e-09              
        3.60962     6.36639e-09              
        3.61023     6.36639e-09              
        3.61084     9.54958e-09              
        3.61145     6.36639e-09              
        3.61206     3.18319e-09              
        3.61267     6.36639e-09              
        3.61328     3.18319e-09              
        3.61389     6.36639e-09              
         3.6145     3.18319e-09              
        3.61511     3.18319e-09              
        3.61572     3.18319e-09              
        3.61633     6.36639e-09              
        3.61694               0              
        3.61755     3.18319e-09              
        3.61816               0              
        3.61877               0              
        3.61938     3.18319e-09              
           3.62     6.36639e-09              
        3.62061     6.36639e-09              
        3.62122     6.36639e-09              
        3.62183     3.18319e-09              
        3.62244     6.36639e-09              
        3.62305               0              
        3.62366               0              
        3.62427     3.18319e-09              
        3.62488     9.54958e-09              
        3.62549     6.36639e-09              
         3.6261     3.18319e-09              
        3.62671               0              
        3.62732               0              
        3.62793     3.18319e-09              
        3.62854     6.36639e-09              
        3.62915     3.18319e-09              
        3.62976     6.36639e-09              
        3.63037     3.18319e-09              
        3.63098     6.36639e-09              
        3.63159     3.18319e-09              
         3.6322     6.36639e-09              
        3.63281               0              
        3.63342               0              
        3.63403     9.54958e-09              
        3.63464               0              
        3.63525               0              
        3.63586     3.18319e-09              
        3.63647     6.36639e-09              
        3.63708               0              
         3.6377               0              
        3.63831               0              
        3.63892     6.36639e-09              
        3.63953               0              
        3.64014               0              
        3.64075     3.18319e-09              
        3.64136               0              
        3.64197               0              
        3.64258     6.36639e-09              
        3.64319     3.18319e-09              
         3.6438     6.36639e-09              
        3.64441     3.18319e-09              
        3.64502     3.18319e-09              
        3.64563               0              
        3.64624     6.36639e-09              
        3.64685               0              
        3.64746     6.36639e-09              
        3.64807               0              
        3.64868               0              
        3.64929     3.18319e-09              
         3.6499     6.36639e-09              
        3.65051     9.54958e-09              
        3.65112     6.36639e-09              
        3.65173               0              
        3.65234               0              
        3.65295     3.18319e-09              
        3.65356     3.18319e-09              
        3.65417               0              
        3.65479     3.18319e-09              
         3.6554               0              
        3.65601     6.36639e-09              
        3.65662     3.18319e-09              
        3.65723               0              
        3.65784     3.18319e-09              
        3.65845               0              
        3.65906     3.18319e-09              
        3.65967     6.36639e-09              
        3.66028               0              
        3.66089     3.18319e-09              
         3.6615     1.27328e-08              
        3.66211               0              
        3.66272     3.18319e-09              
        3.66333               0              
        3.66394     3.18319e-09              
        3.66455     6.36639e-09              
        3.66516     6.36639e-09              
        3.66577               0              
        3.66638     6.36639e-09              
        3.66699     3.18319e-09              
         3.6676     3.18319e-09              
        3.66821               0              
        3.66882     3.18319e-09              
        3.66943     3.18319e-09              
        3.67004               0              
        3.67065     9.54958e-09              
        3.67126     3.18319e-09              
        3.67188               0              
        3.67249     6.36639e-09              
         3.6731     6.36639e-09              
        3.67371     3.18319e-09              
        3.67432     6.36639e-09              
        3.67493     3.18319e-09              
        3.67554     3.18319e-09              
        3.67615     3.18319e-09              
        3.67676               0              
        3.67737               0              
        3.67798               0              
        3.67859               0              
         3.6792     3.18319e-09              
        3.67981     6.36639e-09              
        3.68042     3.18319e-09              
        3.68103     9.54958e-09              
        3.68164     3.18319e-09              
        3.68225     3.18319e-09              
        3.68286               0              
        3.68347     3.18319e-09              
        3.68408     3.18319e-09              
        3.68469     6.36639e-09              
         3.6853     3.18319e-09              
        3.68591     3.18319e-09              
        3.68652               0              
        3.68713     3.18319e-09              
        3.68774     3.18319e-09              
        3.68835               0              
        3.68896               0              
        3.68958               0              
        3.69019               0              
         3.6908     6.36639e-09              
        3.69141     3.18319e-09              
        3.69202               0              
        3.69263     6.36639e-09              
        3.69324     9.54958e-09              
        3.69385               0              
        3.69446               0              
        3.69507     1.27328e-08              
        3.69568     6.36639e-09              
        3.69629     6.36639e-09              
         3.6969               0              
        3.69751     6.36639e-09              
        3.69812               0              
        3.69873               0              
        3.69934               0              
        3.69995     3.18319e-09              
        3.70056     6.36639e-09              
        3.70117     3.18319e-09              
        3.70178     6.36639e-09              
        3.70239               0              
          3.703     9.54958e-09              
        3.70361               0              
        3.70422     3.18319e-09              
        3.70483     3.18319e-09              
        3.70544     3.18319e-09              
        3.70605               0              
        3.70667     3.18319e-09              
        3.70728     3.18319e-09              
        3.70789     1.27328e-08              
         3.7085     6.36639e-09              
        3.70911     6.36639e-09              
        3.70972     3.18319e-09              
        3.71033     6.36639e-09              
        3.71094               0              
        3.71155               0              
        3.71216     9.54958e-09              
        3.71277               0              
        3.71338               0              
        3.71399     3.18319e-09              
         3.7146     3.18319e-09              
        3.71521     3.18319e-09              
        3.71582     9.54958e-09              
        3.71643     3.18319e-09              
        3.71704     6.36639e-09              
        3.71765     3.18319e-09              
        3.71826               0              
        3.71887     3.18319e-09              
        3.71948               0              
        3.72009     3.18319e-09              
         3.7207     3.18319e-09              
        3.72131     3.18319e-09              
        3.72192     3.18319e-09              
        3.72253     3.18319e-09              
        3.72314     3.18319e-09              
        3.72375     1.27328e-08              
        3.72437     6.36639e-09              
        3.72498               0              
        3.72559     3.18319e-09              
         3.7262     3.18319e-09              
        3.72681     3.18319e-09              
        3.72742               0              
        3.72803     1.27328e-08              
        3.72864               0              
        3.72925     3.18319e-09              
        3.72986               0              
        3.73047     6.36639e-09              
        3.73108               0              
        3.73169               0              
         3.7323     3.18319e-09              
        3.73291     3.18319e-09              
        3.73352     6.36639e-09              
        3.73413     6.36639e-09              
        3.73474     3.18319e-09              
        3.73535               0              
        3.73596               0              
        3.73657     9.54958e-09              
        3.73718     3.18319e-09              
        3.73779     6.36639e-09              
         3.7384     3.18319e-09              
        3.73901               0              
        3.73962               0              
        3.74023     6.36639e-09              
        3.74084     3.18319e-09              
        3.74146     3.18319e-09              
        3.74207     3.18319e-09              
        3.74268     3.18319e-09              
        3.74329               0              
         3.7439     3.18319e-09              
        3.74451     6.36639e-09              
        3.74512     6.36639e-09              
        3.74573               0              
        3.74634     6.36639e-09              
        3.74695               0              
        3.74756               0              
        3.74817     3.18319e-09              
        3.74878     6.36639e-09              
        3.74939     3.18319e-09              
           3.75     9.54958e-09              
        3.75061     6.36639e-09              
        3.75122     6.36639e-09              
        3.75183               0              
        3.75244     6.36639e-09              
        3.75305     1.27328e-08              
        3.75366               0              
        3.75427     3.18319e-09              
        3.75488     3.18319e-09              
        3.75549               0              
         3.7561     3.18319e-09              
        3.75671     9.54958e-09              
        3.75732     6.36639e-09              
        3.75793     6.36639e-09              
        3.75854     3.18319e-09              
        3.75916     3.18319e-09              
        3.75977     6.36639e-09              
        3.76038     3.18319e-09              
        3.76099               0              
         3.7616     6.36639e-09              
        3.76221     6.36639e-09              
        3.76282     3.18319e-09              
        3.76343     6.36639e-09              
        3.76404     3.18319e-09              
        3.76465     3.18319e-09              
        3.76526               0              
        3.76587     3.18319e-09              
        3.76648               0              
        3.76709               0              
         3.7677               0              
        3.76831               0              
        3.76892               0              
        3.76953     3.18319e-09              
        3.77014     3.18319e-09              
        3.77075     3.18319e-09              
        3.77136     6.36639e-09              
        3.77197               0              
        3.77258     3.18319e-09              
        3.77319     3.18319e-09              
         3.7738     6.36639e-09              
        3.77441     1.27328e-08              
        3.77502     3.18319e-09              
        3.77563     3.18319e-09              
        3.77625     6.36639e-09              
        3.77686               0              
        3.77747     3.18319e-09              
        3.77808               0              
        3.77869     1.27328e-08              
         3.7793     6.36639e-09              
        3.77991     9.54958e-09              
        3.78052               0              
        3.78113               0              
        3.78174     3.18319e-09              
        3.78235     9.54958e-09              
        3.78296     6.36639e-09              
        3.78357               0              
        3.78418               0              
        3.78479     3.18319e-09              
         3.7854     3.18319e-09              
        3.78601     6.36639e-09              
        3.78662     3.18319e-09              
        3.78723               0              
        3.78784               0              
        3.78845     9.54958e-09              
        3.78906     3.18319e-09              
        3.78967               0              
        3.79028               0              
        3.79089               0              
         3.7915               0              
        3.79211     3.18319e-09              
        3.79272               0              
        3.79333     3.18319e-09              
        3.79395     3.18319e-09              
        3.79456     3.18319e-09              
        3.79517     6.36639e-09              
        3.79578     9.54958e-09              
        3.79639               0              
          3.797               0              
        3.79761     3.18319e-09              
        3.79822     3.18319e-09              
        3.79883     3.18319e-09              
        3.79944               0              
        3.80005     6.36639e-09              
        3.80066               0              
        3.80127     6.36639e-09              
        3.80188               0              
        3.80249               0              
         3.8031     3.18319e-09              
        3.80371     6.36639e-09              
        3.80432     3.18319e-09              
        3.80493               0              
        3.80554               0              
        3.80615     9.54958e-09              
        3.80676               0              
        3.80737     3.18319e-09              
        3.80798     6.36639e-09              
        3.80859               0              
         3.8092     9.54958e-09              
        3.80981     3.18319e-09              
        3.81042     1.27328e-08              
        3.81104               0              
        3.81165     3.18319e-09              
        3.81226     3.18319e-09              
        3.81287     6.36639e-09              
        3.81348     3.18319e-09              
        3.81409     3.18319e-09              
         3.8147               0              
        3.81531     6.36639e-09              
        3.81592               0              
        3.81653               0              
        3.81714     9.54958e-09              
        3.81775     6.36639e-09              
        3.81836     6.36639e-09              
        3.81897     6.36639e-09              
        3.81958     9.54958e-09              
        3.82019               0              
         3.8208               0              
        3.82141     1.27328e-08              
        3.82202     3.18319e-09              
        3.82263     3.18319e-09              
        3.82324     3.18319e-09              
        3.82385               0              
        3.82446               0              
        3.82507     9.54958e-09              
        3.82568               0              
        3.82629     3.18319e-09              
         3.8269     3.18319e-09              
        3.82751     3.18319e-09              
        3.82812               0              
        3.82874     6.36639e-09              
        3.82935               0              
        3.82996               0              
        3.83057     3.18319e-09              
        3.83118     6.36639e-09              
        3.83179     9.54958e-09              
         3.8324     3.18319e-09              
        3.83301               0              
        3.83362     3.18319e-09              
        3.83423     3.18319e-09              
        3.83484     3.18319e-09              
        3.83545               0              
        3.83606               0              
        3.83667     6.36639e-09              
        3.83728     3.18319e-09              
        3.83789               0              
         3.8385               0              
        3.83911               0              
        3.83972     6.36639e-09              
        3.84033     3.18319e-09              
        3.84094     3.18319e-09              
        3.84155     3.18319e-09              
        3.84216               0              
        3.84277     3.18319e-09              
        3.84338     6.36639e-09              
        3.84399               0              
         3.8446               0              
        3.84521               0              
        3.84583     3.18319e-09              
        3.84644               0              
        3.84705     3.18319e-09              
        3.84766               0              
        3.84827               0              
        3.84888     6.36639e-09              
        3.84949     3.18319e-09              
         3.8501     3.18319e-09              
        3.85071     3.18319e-09              
        3.85132     3.18319e-09              
        3.85193     3.18319e-09              
        3.85254     3.18319e-09              
        3.85315               0              
        3.85376     3.18319e-09              
        3.85437     3.18319e-09              
        3.85498     6.36639e-09              
        3.85559               0              
         3.8562               0              
        3.85681     3.18319e-09              
        3.85742               0              
        3.85803               0              
        3.85864               0              
        3.85925     3.18319e-09              
        3.85986               0              
        3.86047     6.36639e-09              
        3.86108     9.54958e-09              
        3.86169     3.18319e-09              
         3.8623     3.18319e-09              
        3.86292     6.36639e-09              
        3.86353     6.36639e-09              
        3.86414     3.18319e-09              
        3.86475     3.18319e-09              
        3.86536     6.36639e-09              
        3.86597     3.18319e-09              
        3.86658               0              
        3.86719     9.54958e-09              
         3.8678               0              
        3.86841               0              
        3.86902     3.18319e-09              
        3.86963               0              
        3.87024     3.18319e-09              
        3.87085     6.36639e-09              
        3.87146     1.27328e-08              
        3.87207               0              
        3.87268               0              
        3.87329               0              
         3.8739     6.36639e-09              
        3.87451               0              
        3.87512               0              
        3.87573               0              
        3.87634     9.54958e-09              
        3.87695     3.18319e-09              
        3.87756     9.54958e-09              
        3.87817     3.18319e-09              
        3.87878     3.18319e-09              
        3.87939     3.18319e-09              
           3.88     3.18319e-09              
        3.88062     6.36639e-09              
        3.88123     3.18319e-09              
        3.88184     3.18319e-09              
        3.88245               0              
        3.88306               0              
        3.88367               0              
        3.88428               0              
        3.88489               0              
         3.8855     3.18319e-09              
        3.88611     3.18319e-09              
        3.88672     3.18319e-09              
        3.88733     3.18319e-09              
        3.88794               0              
        3.88855     3.18319e-09              
        3.88916     6.36639e-09              
        3.88977               0              
        3.89038     6.36639e-09              
        3.89099               0              
         3.8916               0              
        3.89221     9.54958e-09              
        3.89282     3.18319e-09              
        3.89343               0              
        3.89404               0              
        3.89465               0              
        3.89526               0              
        3.89587     6.36639e-09              
        3.89648     9.54958e-09              
        3.89709     3.18319e-09              
        3.89771               0              
        3.89832     6.36639e-09              
        3.89893     6.36639e-09              
        3.89954     3.18319e-09              
        3.90015               0              
        3.90076     6.36639e-09              
        3.90137     3.18319e-09              
        3.90198               0              
        3.90259     3.18319e-09              
         3.9032     3.18319e-09              
        3.90381     3.18319e-09              
        3.90442     3.18319e-09              
        3.90503               0              
        3.90564     3.18319e-09              
        3.90625     6.36639e-09              
        3.90686     3.18319e-09              
        3.90747     3.18319e-09              
        3.90808     6.36639e-09              
        3.90869     3.18319e-09              
         3.9093               0              
        3.90991     6.36639e-09              
        3.91052               0              
        3.91113     6.36639e-09              
        3.91174     6.36639e-09              
        3.91235               0              
        3.91296     3.18319e-09              
        3.91357               0              
        3.91418     6.36639e-09              
        3.91479               0              
        3.91541               0              
        3.91602     6.36639e-09              
        3.91663               0              
        3.91724               0              
        3.91785     3.18319e-09              
        3.91846               0              
        3.91907     3.18319e-09              
        3.91968     6.36639e-09              
        3.92029     3.18319e-09              
         3.9209               0              
        3.92151               0              
        3.92212               0              
        3.92273               0              
        3.92334               0              
        3.92395               0              
        3.92456               0              
        3.92517     3.18319e-09              
        3.92578     3.18319e-09              
        3.92639     1.27328e-08              
          3.927     3.18319e-09              
        3.92761     1.27328e-08              
        3.92822     3.18319e-09              
        3.92883     6.36639e-09              
        3.92944               0              
        3.93005     3.18319e-09              
        3.93066               0              
        3.93127     6.36639e-09              
        3.93188               0              
         3.9325     3.18319e-09              
        3.93311     6.36639e-09              
        3.93372               0              
        3.93433               0              
        3.93494     3.18319e-09              
        3.93555     3.18319e-09              
        3.93616               0              
        3.93677               0              
        3.93738     9.54958e-09              
        3.93799     3.18319e-09              
         3.9386               0              
        3.93921               0              
        3.93982     3.18319e-09              
        3.94043               0              
        3.94104               0              
        3.94165     3.18319e-09              
        3.94226     3.18319e-09              
        3.94287     6.36639e-09              
        3.94348     6.36639e-09              
        3.94409               0              
         3.9447     6.36639e-09              
        3.94531               0              
        3.94592     3.18319e-09              
        3.94653               0              
        3.94714               0              
        3.94775               0              
        3.94836               0              
        3.94897               0              
        3.94958               0              
         3.9502               0              
        3.95081     3.18319e-09              
        3.95142     3.18319e-09              
        3.95203     6.36639e-09              
        3.95264               0              
        3.95325               0              
        3.95386               0              
        3.95447     3.18319e-09              
        3.95508     3.18319e-09              
        3.95569     6.36639e-09              
         3.9563     3.18319e-09              
        3.95691     3.18319e-09              
        3.95752     6.36639e-09              
        3.95813     6.36639e-09              
        3.95874               0              
        3.95935     3.18319e-09              
        3.95996               0              
        3.96057               0              
        3.96118               0              
        3.96179     6.36639e-09              
         3.9624     9.54958e-09              
        3.96301     9.54958e-09              
        3.96362     3.18319e-09              
        3.96423     6.36639e-09              
        3.96484               0              
        3.96545               0              
        3.96606               0              
        3.96667               0              
        3.96729     1.27328e-08              
         3.9679               0              
        3.96851     9.54958e-09              
        3.96912               0              
        3.96973     6.36639e-09              
        3.97034     6.36639e-09              
        3.97095     3.18319e-09              
        3.97156     9.54958e-09              
        3.97217               0              
        3.97278     3.18319e-09              
        3.97339     3.18319e-09              
          3.974     3.18319e-09              
        3.97461     6.36639e-09              
        3.97522     6.36639e-09              
        3.97583     3.18319e-09              
        3.97644     9.54958e-09              
        3.97705               0              
        3.97766               0              
        3.97827               0              
        3.97888               0              
        3.97949     6.36639e-09              
         3.9801               0              
        3.98071     4.13815e-08              
        3.98132     3.18319e-09              
        3.98193     3.18319e-09              
        3.98254     3.18319e-09              
        3.98315     3.18319e-09              
        3.98376     3.18319e-09              
        3.98438               0              
        3.98499     6.36639e-09              
         3.9856     3.18319e-09              
        3.98621     3.18319e-09              
        3.98682     9.54958e-09              
        3.98743     3.18319e-09              
        3.98804     3.18319e-09              
        3.98865     9.54958e-09              
        3.98926               0              
        3.98987     6.36639e-09              
        3.99048     9.54958e-09              
        3.99109     9.54958e-09              
         3.9917     9.54958e-09              
        3.99231     3.18319e-09              
        3.99292     3.18319e-09              
        3.99353     1.27328e-08              
        3.99414               0              
        3.99475     3.18319e-09              
        3.99536     3.18319e-09              
        3.99597     1.27328e-08              
        3.99658     6.36639e-09              
        3.99719     3.18319e-09              
         3.9978     3.18319e-09              
        3.99841     3.18319e-09              
