        7.99805               0              
        7.99866               0              
        7.99927     3.18319e-09              
        7.99988     3.18319e-09              
        8.00049     6.36639e-09              
         8.0011               0              
        8.00171     6.36639e-09              
        8.00232               0              
        8.00293     3.18319e-09              
        8.00354     3.18319e-09              
        8.00415               0              
        8.00476     3.18319e-09              
        8.00537     3.18319e-09              
        8.00598     6.36639e-09              
        8.00659               0              
         8.0072     3.18319e-09              
        8.00781               0              
        8.00842               0              
        8.00903               0              
        8.00964               0              
        8.01025               0              
        8.01086     3.18319e-09              
        8.01147               0              
        8.01208     3.18319e-09              
         8.0127     3.18319e-09              
        8.01331               0              
        8.01392               0              
        8.01453     3.18319e-09              
        8.01514     6.36639e-09              
        8.01575               0              
        8.01636               0              
        8.01697     6.36639e-09              
        8.01758               0              
        8.01819               0              
         8.0188               0              
        8.01941     6.36639e-09              
        8.02002     3.18319e-09              
        8.02063     6.36639e-09              
        8.02124     3.18319e-09              
        8.02185               0              
        8.02246               0              
        8.02307               0              
        8.02368     3.18319e-09              
        8.02429               0              
         8.0249               0              
        8.02551     3.18319e-09              
        8.02612     3.18319e-09              
        8.02673     3.18319e-09              
        8.02734     3.18319e-09              
        8.02795     9.54958e-09              
        8.02856     3.18319e-09              
        8.02917               0              
        8.02979               0              
         8.0304     3.18319e-09              
        8.03101     3.18319e-09              
        8.03162               0              
        8.03223               0              
        8.03284               0              
        8.03345     3.18319e-09              
        8.03406     3.18319e-09              
        8.03467     3.18319e-09              
        8.03528     3.18319e-09              
        8.03589               0              
         8.0365               0              
        8.03711               0              
        8.03772     3.18319e-09              
        8.03833               0              
        8.03894               0              
        8.03955               0              
        8.04016               0              
        8.04077               0              
        8.04138               0              
        8.04199               0              
         8.0426     6.36639e-09              
        8.04321     6.36639e-09              
        8.04382     3.18319e-09              
        8.04443               0              
        8.04504     3.18319e-09              
        8.04565     3.18319e-09              
        8.04626     3.18319e-09              
        8.04688               0              
        8.04749               0              
         8.0481               0              
        8.04871               0              
        8.04932               0              
        8.04993     3.18319e-09              
        8.05054               0              
        8.05115     3.18319e-09              
        8.05176     3.18319e-09              
        8.05237     3.18319e-09              
        8.05298     6.36639e-09              
        8.05359     9.54958e-09              
         8.0542               0              
        8.05481               0              
        8.05542     6.36639e-09              
        8.05603               0              
        8.05664               0              
        8.05725               0              
        8.05786               0              
        8.05847     3.18319e-09              
        8.05908     3.18319e-09              
        8.05969               0              
         8.0603               0              
        8.06091               0              
        8.06152               0              
        8.06213     3.18319e-09              
        8.06274               0              
        8.06335               0              
        8.06396     3.18319e-09              
        8.06458               0              
        8.06519               0              
         8.0658               0              
        8.06641               0              
        8.06702               0              
        8.06763               0              
        8.06824     6.36639e-09              
        8.06885               0              
        8.06946               0              
        8.07007               0              
        8.07068     3.18319e-09              
        8.07129               0              
         8.0719     3.18319e-09              
        8.07251               0              
        8.07312               0              
        8.07373     6.36639e-09              
        8.07434     3.18319e-09              
        8.07495               0              
        8.07556     3.18319e-09              
        8.07617     3.18319e-09              
        8.07678     3.18319e-09              
        8.07739               0              
          8.078               0              
        8.07861     6.36639e-09              
        8.07922               0              
        8.07983               0              
        8.08044     3.18319e-09              
        8.08105               0              
        8.08167               0              
        8.08228               0              
        8.08289               0              
         8.0835               0              
        8.08411               0              
        8.08472               0              
        8.08533               0              
        8.08594               0              
        8.08655               0              
        8.08716               0              
        8.08777     3.18319e-09              
        8.08838               0              
        8.08899               0              
         8.0896               0              
        8.09021               0              
        8.09082               0              
        8.09143               0              
        8.09204               0              
        8.09265               0              
        8.09326     3.18319e-09              
        8.09387               0              
        8.09448               0              
        8.09509     6.36639e-09              
         8.0957               0              
        8.09631               0              
        8.09692               0              
        8.09753               0              
        8.09814               0              
        8.09875               0              
        8.09937               0              
        8.09998     6.36639e-09              
        8.10059               0              
         8.1012     3.18319e-09              
        8.10181     3.18319e-09              
        8.10242               0              
        8.10303     3.18319e-09              
        8.10364     3.18319e-09              
        8.10425               0              
        8.10486               0              
        8.10547               0              
        8.10608               0              
        8.10669               0              
         8.1073     3.18319e-09              
        8.10791     6.36639e-09              
        8.10852               0              
        8.10913               0              
        8.10974               0              
        8.11035     3.18319e-09              
        8.11096     6.36639e-09              
        8.11157               0              
        8.11218               0              
        8.11279               0              
         8.1134     6.36639e-09              
        8.11401               0              
        8.11462     6.36639e-09              
        8.11523               0              
        8.11584               0              
        8.11646     3.18319e-09              
        8.11707               0              
        8.11768               0              
        8.11829     3.18319e-09              
         8.1189               0              
        8.11951     6.36639e-09              
        8.12012               0              
        8.12073               0              
        8.12134               0              
        8.12195     3.18319e-09              
        8.12256               0              
        8.12317               0              
        8.12378     3.18319e-09              
        8.12439               0              
          8.125               0              
        8.12561     3.18319e-09              
        8.12622     3.18319e-09              
        8.12683     3.18319e-09              
        8.12744               0              
        8.12805               0              
        8.12866     6.36639e-09              
        8.12927               0              
        8.12988               0              
        8.13049               0              
         8.1311     3.18319e-09              
        8.13171               0              
        8.13232     3.18319e-09              
        8.13293     3.18319e-09              
        8.13354               0              
        8.13416     3.18319e-09              
        8.13477               0              
        8.13538     6.36639e-09              
        8.13599               0              
         8.1366               0              
        8.13721               0              
        8.13782               0              
        8.13843     3.18319e-09              
        8.13904     6.36639e-09              
        8.13965     3.18319e-09              
        8.14026               0              
        8.14087               0              
        8.14148     3.18319e-09              
        8.14209     3.18319e-09              
         8.1427               0              
        8.14331     3.18319e-09              
        8.14392     6.36639e-09              
        8.14453               0              
        8.14514               0              
        8.14575               0              
        8.14636     3.18319e-09              
        8.14697     6.36639e-09              
        8.14758               0              
        8.14819               0              
         8.1488               0              
        8.14941     3.18319e-09              
        8.15002               0              
        8.15063     3.18319e-09              
        8.15125               0              
        8.15186     9.54958e-09              
        8.15247               0              
        8.15308               0              
        8.15369               0              
         8.1543               0              
        8.15491     3.18319e-09              
        8.15552               0              
        8.15613               0              
        8.15674               0              
        8.15735               0              
        8.15796               0              
        8.15857               0              
        8.15918     3.18319e-09              
        8.15979               0              
         8.1604               0              
        8.16101     3.18319e-09              
        8.16162               0              
        8.16223     3.18319e-09              
        8.16284     3.18319e-09              
        8.16345               0              
        8.16406     3.18319e-09              
        8.16467               0              
        8.16528     3.18319e-09              
        8.16589               0              
         8.1665               0              
        8.16711     3.18319e-09              
        8.16772     3.18319e-09              
        8.16833               0              
        8.16895               0              
        8.16956               0              
        8.17017               0              
        8.17078               0              
        8.17139               0              
          8.172               0              
        8.17261               0              
        8.17322               0              
        8.17383               0              
        8.17444     3.18319e-09              
        8.17505               0              
        8.17566               0              
        8.17627               0              
        8.17688               0              
        8.17749               0              
         8.1781               0              
        8.17871     3.18319e-09              
        8.17932     3.18319e-09              
        8.17993               0              
        8.18054     3.18319e-09              
        8.18115               0              
        8.18176               0              
        8.18237               0              
        8.18298               0              
        8.18359               0              
         8.1842     6.36639e-09              
        8.18481     3.18319e-09              
        8.18542               0              
        8.18604               0              
        8.18665               0              
        8.18726               0              
        8.18787               0              
        8.18848               0              
        8.18909               0              
         8.1897               0              
        8.19031               0              
        8.19092     3.18319e-09              
        8.19153     3.18319e-09              
        8.19214     3.18319e-09              
        8.19275     3.18319e-09              
        8.19336               0              
        8.19397     3.18319e-09              
        8.19458     6.36639e-09              
        8.19519               0              
         8.1958     3.18319e-09              
        8.19641               0              
        8.19702               0              
        8.19763               0              
        8.19824               0              
        8.19885     6.36639e-09              
        8.19946               0              
        8.20007     3.18319e-09              
        8.20068               0              
        8.20129     3.18319e-09              
         8.2019               0              
        8.20251               0              
        8.20312     3.18319e-09              
        8.20374     3.18319e-09              
        8.20435               0              
        8.20496     3.18319e-09              
        8.20557               0              
        8.20618               0              
        8.20679               0              
         8.2074     3.18319e-09              
        8.20801               0              
        8.20862     3.18319e-09              
        8.20923     6.36639e-09              
        8.20984     3.18319e-09              
        8.21045               0              
        8.21106     3.18319e-09              
        8.21167               0              
        8.21228               0              
        8.21289               0              
         8.2135               0              
        8.21411               0              
        8.21472               0              
        8.21533               0              
        8.21594     3.18319e-09              
        8.21655     6.36639e-09              
        8.21716     3.18319e-09              
        8.21777     3.18319e-09              
        8.21838               0              
        8.21899     3.18319e-09              
         8.2196     3.18319e-09              
        8.22021     3.18319e-09              
        8.22083               0              
        8.22144     3.18319e-09              
        8.22205     3.18319e-09              
        8.22266               0              
        8.22327               0              
        8.22388               0              
        8.22449               0              
         8.2251               0              
        8.22571               0              
        8.22632               0              
        8.22693               0              
        8.22754               0              
        8.22815               0              
        8.22876               0              
        8.22937     3.18319e-09              
        8.22998               0              
        8.23059               0              
         8.2312     3.18319e-09              
        8.23181               0              
        8.23242     3.18319e-09              
        8.23303               0              
        8.23364               0              
        8.23425               0              
        8.23486               0              
        8.23547               0              
        8.23608               0              
        8.23669     3.18319e-09              
         8.2373     3.18319e-09              
        8.23792     9.54958e-09              
        8.23853               0              
        8.23914     3.18319e-09              
        8.23975               0              
        8.24036     3.18319e-09              
        8.24097     3.18319e-09              
        8.24158               0              
        8.24219               0              
         8.2428               0              
        8.24341               0              
        8.24402               0              
        8.24463               0              
        8.24524               0              
        8.24585               0              
        8.24646               0              
        8.24707               0              
        8.24768               0              
        8.24829               0              
         8.2489     3.18319e-09              
        8.24951               0              
        8.25012               0              
        8.25073     3.18319e-09              
        8.25134               0              
        8.25195     6.36639e-09              
        8.25256               0              
        8.25317               0              
        8.25378               0              
        8.25439               0              
          8.255               0              
        8.25562               0              
        8.25623     3.18319e-09              
        8.25684     3.18319e-09              
        8.25745     3.18319e-09              
        8.25806               0              
        8.25867     3.18319e-09              
        8.25928               0              
        8.25989     3.18319e-09              
         8.2605               0              
        8.26111               0              
        8.26172     3.18319e-09              
        8.26233     3.18319e-09              
        8.26294     3.18319e-09              
        8.26355               0              
        8.26416     3.18319e-09              
        8.26477     3.18319e-09              
        8.26538               0              
        8.26599               0              
         8.2666               0              
        8.26721               0              
        8.26782               0              
        8.26843     3.18319e-09              
        8.26904               0              
        8.26965               0              
        8.27026     6.36639e-09              
        8.27087               0              
        8.27148               0              
        8.27209               0              
        8.27271               0              
        8.27332               0              
        8.27393     3.18319e-09              
        8.27454     3.18319e-09              
        8.27515     3.18319e-09              
        8.27576     6.36639e-09              
        8.27637               0              
        8.27698               0              
        8.27759               0              
         8.2782               0              
        8.27881     6.36639e-09              
        8.27942               0              
        8.28003               0              
        8.28064               0              
        8.28125     3.18319e-09              
        8.28186     6.36639e-09              
        8.28247               0              
        8.28308               0              
        8.28369               0              
         8.2843               0              
        8.28491               0              
        8.28552               0              
        8.28613     3.18319e-09              
        8.28674     3.18319e-09              
        8.28735     6.36639e-09              
        8.28796               0              
        8.28857               0              
        8.28918               0              
        8.28979     9.54958e-09              
        8.29041               0              
        8.29102               0              
        8.29163               0              
        8.29224               0              
        8.29285     9.54958e-09              
        8.29346               0              
        8.29407     3.18319e-09              
        8.29468               0              
        8.29529               0              
         8.2959               0              
        8.29651     3.18319e-09              
        8.29712               0              
        8.29773     3.18319e-09              
        8.29834     3.18319e-09              
        8.29895               0              
        8.29956               0              
        8.30017               0              
        8.30078               0              
        8.30139     3.18319e-09              
          8.302               0              
        8.30261               0              
        8.30322               0              
        8.30383               0              
        8.30444               0              
        8.30505               0              
        8.30566               0              
        8.30627               0              
        8.30688               0              
         8.3075     3.18319e-09              
        8.30811     3.18319e-09              
        8.30872               0              
        8.30933               0              
        8.30994               0              
        8.31055               0              
        8.31116               0              
        8.31177     3.18319e-09              
        8.31238               0              
        8.31299     3.18319e-09              
         8.3136               0              
        8.31421               0              
        8.31482               0              
        8.31543               0              
        8.31604               0              
        8.31665               0              
        8.31726               0              
        8.31787     3.18319e-09              
        8.31848               0              
        8.31909     6.36639e-09              
         8.3197     6.36639e-09              
        8.32031               0              
        8.32092     3.18319e-09              
        8.32153               0              
        8.32214     3.18319e-09              
        8.32275               0              
        8.32336               0              
        8.32397               0              
        8.32458               0              
         8.3252     3.18319e-09              
        8.32581               0              
        8.32642               0              
        8.32703               0              
        8.32764               0              
        8.32825               0              
        8.32886     3.18319e-09              
        8.32947               0              
        8.33008               0              
        8.33069     6.36639e-09              
         8.3313               0              
        8.33191               0              
        8.33252               0              
        8.33313     3.18319e-09              
        8.33374               0              
        8.33435     3.18319e-09              
        8.33496     3.18319e-09              
        8.33557               0              
        8.33618     3.18319e-09              
        8.33679     3.18319e-09              
         8.3374               0              
        8.33801               0              
        8.33862     6.36639e-09              
        8.33923               0              
        8.33984     3.18319e-09              
        8.34045     3.18319e-09              
        8.34106               0              
        8.34167     3.18319e-09              
        8.34229               0              
         8.3429               0              
        8.34351     3.18319e-09              
        8.34412               0              
        8.34473     3.18319e-09              
        8.34534               0              
        8.34595               0              
        8.34656               0              
        8.34717     9.54958e-09              
        8.34778               0              
        8.34839               0              
          8.349               0              
        8.34961     3.18319e-09              
        8.35022     6.36639e-09              
        8.35083               0              
        8.35144               0              
        8.35205     3.18319e-09              
        8.35266               0              
        8.35327               0              
        8.35388               0              
        8.35449     6.36639e-09              
         8.3551               0              
        8.35571               0              
        8.35632               0              
        8.35693               0              
        8.35754     3.18319e-09              
        8.35815               0              
        8.35876     3.18319e-09              
        8.35938     3.18319e-09              
        8.35999     3.18319e-09              
         8.3606               0              
        8.36121     3.18319e-09              
        8.36182               0              
        8.36243               0              
        8.36304               0              
        8.36365     3.18319e-09              
        8.36426     3.18319e-09              
        8.36487               0              
        8.36548     3.18319e-09              
        8.36609               0              
         8.3667               0              
        8.36731     6.36639e-09              
        8.36792     3.18319e-09              
        8.36853               0              
        8.36914               0              
        8.36975     6.36639e-09              
        8.37036               0              
        8.37097               0              
        8.37158     3.18319e-09              
        8.37219     3.18319e-09              
         8.3728               0              
        8.37341     3.18319e-09              
        8.37402               0              
        8.37463     3.18319e-09              
        8.37524               0              
        8.37585     6.36639e-09              
        8.37646               0              
        8.37708               0              
        8.37769               0              
         8.3783               0              
        8.37891               0              
        8.37952               0              
        8.38013               0              
        8.38074               0              
        8.38135               0              
        8.38196     9.54958e-09              
        8.38257     3.18319e-09              
        8.38318               0              
        8.38379     3.18319e-09              
         8.3844               0              
        8.38501               0              
        8.38562               0              
        8.38623     3.18319e-09              
        8.38684     3.18319e-09              
        8.38745     6.36639e-09              
        8.38806               0              
        8.38867               0              
        8.38928     3.18319e-09              
        8.38989     6.36639e-09              
         8.3905               0              
        8.39111               0              
        8.39172               0              
        8.39233               0              
        8.39294               0              
        8.39355     3.18319e-09              
        8.39417               0              
        8.39478     3.18319e-09              
        8.39539               0              
          8.396               0              
        8.39661               0              
        8.39722               0              
        8.39783               0              
        8.39844               0              
        8.39905               0              
        8.39966               0              
        8.40027               0              
        8.40088     3.18319e-09              
        8.40149     3.18319e-09              
         8.4021               0              
        8.40271               0              
        8.40332               0              
        8.40393               0              
        8.40454     3.18319e-09              
        8.40515               0              
        8.40576               0              
        8.40637               0              
        8.40698               0              
        8.40759               0              
         8.4082               0              
        8.40881               0              
        8.40942               0              
        8.41003               0              
        8.41064               0              
        8.41125     3.18319e-09              
        8.41187               0              
        8.41248     3.18319e-09              
        8.41309               0              
         8.4137     3.18319e-09              
        8.41431     3.18319e-09              
        8.41492     3.18319e-09              
        8.41553     3.18319e-09              
        8.41614     3.18319e-09              
        8.41675     3.18319e-09              
        8.41736               0              
        8.41797               0              
        8.41858               0              
        8.41919     3.18319e-09              
         8.4198     6.36639e-09              
        8.42041               0              
        8.42102               0              
        8.42163               0              
        8.42224               0              
        8.42285               0              
        8.42346     3.18319e-09              
        8.42407     3.18319e-09              
        8.42468     3.18319e-09              
        8.42529               0              
         8.4259               0              
        8.42651               0              
        8.42712               0              
        8.42773               0              
        8.42834               0              
        8.42896               0              
        8.42957               0              
        8.43018     3.18319e-09              
        8.43079     3.18319e-09              
         8.4314               0              
        8.43201     3.18319e-09              
        8.43262     3.18319e-09              
        8.43323               0              
        8.43384               0              
        8.43445     3.18319e-09              
        8.43506               0              
        8.43567               0              
        8.43628     3.18319e-09              
        8.43689               0              
         8.4375     3.18319e-09              
        8.43811     3.18319e-09              
        8.43872               0              
        8.43933               0              
        8.43994     6.36639e-09              
        8.44055               0              
        8.44116     3.18319e-09              
        8.44177               0              
        8.44238               0              
        8.44299               0              
         8.4436               0              
        8.44421     3.18319e-09              
        8.44482               0              
        8.44543               0              
        8.44604     3.18319e-09              
        8.44666               0              
        8.44727     6.36639e-09              
        8.44788               0              
        8.44849               0              
         8.4491     3.18319e-09              
        8.44971               0              
        8.45032               0              
        8.45093               0              
        8.45154               0              
        8.45215               0              
        8.45276               0              
        8.45337               0              
        8.45398               0              
        8.45459               0              
         8.4552     6.36639e-09              
        8.45581               0              
        8.45642     3.18319e-09              
        8.45703               0              
        8.45764     3.18319e-09              
        8.45825     3.18319e-09              
        8.45886               0              
        8.45947               0              
        8.46008               0              
        8.46069               0              
         8.4613               0              
        8.46191               0              
        8.46252               0              
        8.46313               0              
        8.46375               0              
        8.46436     3.18319e-09              
        8.46497               0              
        8.46558               0              
        8.46619     3.18319e-09              
         8.4668               0              
        8.46741               0              
        8.46802     3.18319e-09              
        8.46863     3.18319e-09              
        8.46924               0              
        8.46985               0              
        8.47046               0              
        8.47107     6.36639e-09              
        8.47168               0              
        8.47229               0              
         8.4729               0              
        8.47351               0              
        8.47412     3.18319e-09              
        8.47473               0              
        8.47534               0              
        8.47595               0              
        8.47656     3.18319e-09              
        8.47717     3.18319e-09              
        8.47778               0              
        8.47839               0              
          8.479               0              
        8.47961               0              
        8.48022               0              
        8.48083               0              
        8.48145               0              
        8.48206               0              
        8.48267     3.18319e-09              
        8.48328               0              
        8.48389     3.18319e-09              
         8.4845               0              
        8.48511               0              
        8.48572     3.18319e-09              
        8.48633               0              
        8.48694               0              
        8.48755               0              
        8.48816               0              
        8.48877               0              
        8.48938               0              
        8.48999     3.18319e-09              
         8.4906     3.18319e-09              
        8.49121     3.18319e-09              
        8.49182               0              
        8.49243     3.18319e-09              
        8.49304               0              
        8.49365               0              
        8.49426               0              
        8.49487               0              
        8.49548               0              
        8.49609               0              
         8.4967     3.18319e-09              
        8.49731               0              
        8.49792               0              
        8.49854     3.18319e-09              
        8.49915               0              
        8.49976               0              
        8.50037     3.18319e-09              
        8.50098               0              
        8.50159               0              
         8.5022               0              
        8.50281               0              
        8.50342               0              
        8.50403               0              
        8.50464               0              
        8.50525               0              
        8.50586               0              
        8.50647     3.18319e-09              
        8.50708               0              
        8.50769               0              
         8.5083               0              
        8.50891               0              
        8.50952               0              
        8.51013               0              
        8.51074               0              
        8.51135     3.18319e-09              
        8.51196               0              
        8.51257               0              
        8.51318               0              
        8.51379               0              
         8.5144     6.36639e-09              
        8.51501               0              
        8.51562               0              
        8.51624               0              
        8.51685               0              
        8.51746               0              
        8.51807               0              
        8.51868               0              
        8.51929     3.18319e-09              
         8.5199               0              
        8.52051               0              
        8.52112               0              
        8.52173     3.18319e-09              
        8.52234     3.18319e-09              
        8.52295               0              
        8.52356               0              
        8.52417     6.36639e-09              
        8.52478     6.36639e-09              
        8.52539               0              
          8.526               0              
        8.52661               0              
        8.52722               0              
        8.52783               0              
        8.52844               0              
        8.52905     6.36639e-09              
        8.52966     3.18319e-09              
        8.53027               0              
        8.53088     6.36639e-09              
        8.53149               0              
         8.5321               0              
        8.53271     3.18319e-09              
        8.53333               0              
        8.53394     3.18319e-09              
        8.53455     3.18319e-09              
        8.53516     3.18319e-09              
        8.53577               0              
        8.53638     3.18319e-09              
        8.53699               0              
         8.5376               0              
        8.53821               0              
        8.53882     3.18319e-09              
        8.53943               0              
        8.54004               0              
        8.54065               0              
        8.54126     3.18319e-09              
        8.54187               0              
        8.54248               0              
        8.54309               0              
         8.5437     9.54958e-09              
        8.54431               0              
        8.54492               0              
        8.54553               0              
        8.54614               0              
        8.54675               0              
        8.54736               0              
        8.54797     3.18319e-09              
        8.54858     6.36639e-09              
        8.54919     3.18319e-09              
         8.5498               0              
        8.55042     3.18319e-09              
        8.55103               0              
        8.55164     3.18319e-09              
        8.55225     3.18319e-09              
        8.55286               0              
        8.55347     3.18319e-09              
        8.55408               0              
        8.55469               0              
         8.5553     3.18319e-09              
        8.55591     6.36639e-09              
        8.55652               0              
        8.55713               0              
        8.55774               0              
        8.55835               0              
        8.55896     3.18319e-09              
        8.55957               0              
        8.56018               0              
        8.56079               0              
         8.5614               0              
        8.56201               0              
        8.56262     3.18319e-09              
        8.56323               0              
        8.56384               0              
        8.56445               0              
        8.56506               0              
        8.56567               0              
        8.56628               0              
        8.56689               0              
         8.5675               0              
        8.56812               0              
        8.56873               0              
        8.56934               0              
        8.56995               0              
        8.57056     3.18319e-09              
        8.57117               0              
        8.57178               0              
        8.57239               0              
          8.573               0              
        8.57361               0              
        8.57422               0              
        8.57483               0              
        8.57544               0              
        8.57605               0              
        8.57666               0              
        8.57727     3.18319e-09              
        8.57788     3.18319e-09              
        8.57849     7.00302e-08              
         8.5791               0              
        8.57971               0              
        8.58032               0              
        8.58093               0              
        8.58154               0              
        8.58215               0              
        8.58276               0              
        8.58337               0              
        8.58398     3.18319e-09              
        8.58459               0              
        8.58521               0              
        8.58582               0              
        8.58643     6.36639e-09              
        8.58704               0              
        8.58765               0              
        8.58826               0              
        8.58887     3.18319e-09              
        8.58948     3.18319e-09              
        8.59009               0              
         8.5907     3.18319e-09              
        8.59131               0              
        8.59192               0              
        8.59253               0              
        8.59314               0              
        8.59375               0              
        8.59436               0              
        8.59497               0              
        8.59558               0              
        8.59619               0              
         8.5968     3.18319e-09              
        8.59741               0              
        8.59802               0              
        8.59863     3.18319e-09              
        8.59924               0              
        8.59985               0              
        8.60046     3.18319e-09              
        8.60107               0              
        8.60168               0              
        8.60229               0              
        8.60291     3.18319e-09              
        8.60352               0              
        8.60413     3.18319e-09              
        8.60474     3.18319e-09              
        8.60535               0              
        8.60596     6.36639e-09              
        8.60657               0              
        8.60718               0              
        8.60779               0              
         8.6084               0              
        8.60901               0              
        8.60962               0              
        8.61023     3.18319e-09              
        8.61084     3.18319e-09              
        8.61145               0              
        8.61206     3.18319e-09              
        8.61267               0              
        8.61328     3.18319e-09              
        8.61389               0              
         8.6145               0              
        8.61511               0              
        8.61572     3.18319e-09              
        8.61633               0              
        8.61694               0              
        8.61755     3.18319e-09              
        8.61816               0              
        8.61877     3.18319e-09              
        8.61938     3.18319e-09              
           8.62               0              
        8.62061     3.18319e-09              
        8.62122               0              
        8.62183               0              
        8.62244     6.36639e-09              
        8.62305               0              
        8.62366               0              
        8.62427     3.18319e-09              
        8.62488               0              
        8.62549               0              
         8.6261               0              
        8.62671     3.18319e-09              
        8.62732               0              
        8.62793     3.18319e-09              
        8.62854               0              
        8.62915     3.18319e-09              
        8.62976               0              
        8.63037     6.36639e-09              
        8.63098     3.18319e-09              
        8.63159               0              
         8.6322               0              
        8.63281     3.18319e-09              
        8.63342     3.18319e-09              
        8.63403               0              
        8.63464     6.36639e-09              
        8.63525     3.18319e-09              
        8.63586               0              
        8.63647               0              
        8.63708     3.18319e-09              
         8.6377               0              
        8.63831     3.18319e-09              
        8.63892               0              
        8.63953               0              
        8.64014     3.18319e-09              
        8.64075     3.18319e-09              
        8.64136     3.18319e-09              
        8.64197               0              
        8.64258               0              
        8.64319               0              
         8.6438               0              
        8.64441               0              
        8.64502               0              
        8.64563     6.36639e-09              
        8.64624               0              
        8.64685               0              
        8.64746               0              
        8.64807               0              
        8.64868               0              
        8.64929               0              
         8.6499               0              
        8.65051               0              
        8.65112     3.18319e-09              
        8.65173               0              
        8.65234               0              
        8.65295               0              
        8.65356               0              
        8.65417               0              
        8.65479               0              
         8.6554               0              
        8.65601               0              
        8.65662               0              
        8.65723     3.18319e-09              
        8.65784               0              
        8.65845               0              
        8.65906               0              
        8.65967               0              
        8.66028               0              
        8.66089               0              
         8.6615     3.18319e-09              
        8.66211               0              
        8.66272     3.18319e-09              
        8.66333     3.18319e-09              
        8.66394               0              
        8.66455               0              
        8.66516     3.18319e-09              
        8.66577               0              
        8.66638     6.36639e-09              
        8.66699     3.18319e-09              
         8.6676               0              
        8.66821               0              
        8.66882               0              
        8.66943     6.36639e-09              
        8.67004               0              
        8.67065               0              
        8.67126               0              
        8.67188               0              
        8.67249               0              
         8.6731               0              
        8.67371               0              
        8.67432               0              
        8.67493     6.36639e-09              
        8.67554               0              
        8.67615               0              
        8.67676               0              
        8.67737     3.18319e-09              
        8.67798               0              
        8.67859               0              
         8.6792               0              
        8.67981     3.18319e-09              
        8.68042               0              
        8.68103               0              
        8.68164               0              
        8.68225     3.18319e-09              
        8.68286     3.18319e-09              
        8.68347     3.18319e-09              
        8.68408     3.18319e-09              
        8.68469               0              
         8.6853               0              
        8.68591     3.18319e-09              
        8.68652     3.18319e-09              
        8.68713               0              
        8.68774               0              
        8.68835               0              
        8.68896     3.18319e-09              
        8.68958               0              
        8.69019               0              
         8.6908     3.18319e-09              
        8.69141               0              
        8.69202               0              
        8.69263     3.18319e-09              
        8.69324               0              
        8.69385     3.18319e-09              
        8.69446               0              
        8.69507     3.18319e-09              
        8.69568               0              
        8.69629               0              
         8.6969     3.18319e-09              
        8.69751               0              
        8.69812     3.18319e-09              
        8.69873               0              
        8.69934               0              
        8.69995     3.18319e-09              
        8.70056     3.18319e-09              
        8.70117               0              
        8.70178               0              
        8.70239               0              
          8.703     3.18319e-09              
        8.70361               0              
        8.70422               0              
        8.70483     3.18319e-09              
        8.70544               0              
        8.70605               0              
        8.70667               0              
        8.70728               0              
        8.70789               0              
         8.7085               0              
        8.70911               0              
        8.70972     3.18319e-09              
        8.71033     3.18319e-09              
        8.71094     3.18319e-09              
        8.71155               0              
        8.71216     3.18319e-09              
        8.71277               0              
        8.71338               0              
        8.71399               0              
         8.7146               0              
        8.71521     3.18319e-09              
        8.71582               0              
        8.71643     6.36639e-09              
        8.71704               0              
        8.71765               0              
        8.71826     3.18319e-09              
        8.71887     3.18319e-09              
        8.71948               0              
        8.72009               0              
         8.7207               0              
        8.72131     3.18319e-09              
        8.72192               0              
        8.72253     3.18319e-09              
        8.72314               0              
        8.72375               0              
        8.72437     3.18319e-09              
        8.72498               0              
        8.72559               0              
         8.7262               0              
        8.72681               0              
        8.72742               0              
        8.72803               0              
        8.72864               0              
        8.72925               0              
        8.72986               0              
        8.73047               0              
        8.73108               0              
        8.73169     3.18319e-09              
         8.7323     3.18319e-09              
        8.73291     3.18319e-09              
        8.73352     3.18319e-09              
        8.73413               0              
        8.73474               0              
        8.73535               0              
        8.73596               0              
        8.73657     3.18319e-09              
        8.73718               0              
        8.73779               0              
         8.7384               0              
        8.73901     3.18319e-09              
        8.73962     3.18319e-09              
        8.74023               0              
        8.74084               0              
        8.74146     3.18319e-09              
        8.74207               0              
        8.74268               0              
        8.74329     3.18319e-09              
         8.7439               0              
        8.74451               0              
        8.74512     6.36639e-09              
        8.74573               0              
        8.74634               0              
        8.74695     3.18319e-09              
        8.74756               0              
        8.74817               0              
        8.74878               0              
        8.74939               0              
           8.75               0              
        8.75061               0              
        8.75122               0              
        8.75183               0              
        8.75244               0              
        8.75305               0              
        8.75366     3.18319e-09              
        8.75427     3.18319e-09              
        8.75488               0              
        8.75549     6.36639e-09              
         8.7561               0              
        8.75671               0              
        8.75732     3.18319e-09              
        8.75793               0              
        8.75854               0              
        8.75916               0              
        8.75977               0              
        8.76038               0              
        8.76099     3.18319e-09              
         8.7616               0              
        8.76221     3.18319e-09              
        8.76282     3.18319e-09              
        8.76343               0              
        8.76404     6.36639e-09              
        8.76465               0              
        8.76526               0              
        8.76587               0              
        8.76648               0              
        8.76709     3.18319e-09              
         8.7677     3.18319e-09              
        8.76831               0              
        8.76892     3.18319e-09              
        8.76953     3.18319e-09              
        8.77014               0              
        8.77075               0              
        8.77136     3.18319e-09              
        8.77197               0              
        8.77258     3.18319e-09              
        8.77319               0              
         8.7738               0              
        8.77441               0              
        8.77502               0              
        8.77563     3.18319e-09              
        8.77625     6.36639e-09              
        8.77686               0              
        8.77747     3.18319e-09              
        8.77808               0              
        8.77869               0              
         8.7793               0              
        8.77991     3.18319e-09              
        8.78052               0              
        8.78113     3.18319e-09              
        8.78174               0              
        8.78235               0              
        8.78296               0              
        8.78357               0              
        8.78418     3.18319e-09              
        8.78479               0              
         8.7854     9.54958e-09              
        8.78601               0              
        8.78662               0              
        8.78723               0              
        8.78784               0              
        8.78845               0              
        8.78906               0              
        8.78967               0              
        8.79028               0              
        8.79089     9.54958e-09              
         8.7915     3.18319e-09              
        8.79211               0              
        8.79272               0              
        8.79333               0              
        8.79395               0              
        8.79456     3.18319e-09              
        8.79517               0              
        8.79578               0              
        8.79639     3.18319e-09              
          8.797               0              
        8.79761               0              
        8.79822               0              
        8.79883               0              
        8.79944               0              
        8.80005               0              
        8.80066     3.18319e-09              
        8.80127     3.18319e-09              
        8.80188     3.18319e-09              
        8.80249     3.18319e-09              
         8.8031               0              
        8.80371     9.54958e-09              
        8.80432     6.36639e-09              
        8.80493     3.18319e-09              
        8.80554               0              
        8.80615               0              
        8.80676               0              
        8.80737               0              
        8.80798     6.36639e-09              
        8.80859               0              
         8.8092               0              
        8.80981     3.18319e-09              
        8.81042               0              
        8.81104     1.27328e-08              
        8.81165               0              
        8.81226               0              
        8.81287               0              
        8.81348               0              
        8.81409               0              
         8.8147               0              
        8.81531     3.18319e-09              
        8.81592               0              
        8.81653               0              
        8.81714               0              
        8.81775               0              
        8.81836               0              
        8.81897               0              
        8.81958     3.18319e-09              
        8.82019               0              
         8.8208               0              
        8.82141               0              
        8.82202     3.18319e-09              
        8.82263     6.36639e-09              
        8.82324     3.18319e-09              
        8.82385               0              
        8.82446               0              
        8.82507               0              
        8.82568               0              
        8.82629               0              
         8.8269               0              
        8.82751               0              
        8.82812     3.18319e-09              
        8.82874               0              
        8.82935               0              
        8.82996     6.36639e-09              
        8.83057     3.18319e-09              
        8.83118     3.18319e-09              
        8.83179     3.18319e-09              
         8.8324     3.18319e-09              
        8.83301     6.36639e-09              
        8.83362     3.18319e-09              
        8.83423               0              
        8.83484               0              
        8.83545               0              
        8.83606     3.18319e-09              
        8.83667               0              
        8.83728     3.18319e-09              
        8.83789               0              
         8.8385               0              
        8.83911               0              
        8.83972               0              
        8.84033     6.36639e-09              
        8.84094               0              
        8.84155               0              
        8.84216     3.18319e-09              
        8.84277     6.36639e-09              
        8.84338               0              
        8.84399     6.36639e-09              
         8.8446               0              
        8.84521               0              
        8.84583     6.36639e-09              
        8.84644               0              
        8.84705     3.18319e-09              
        8.84766     3.18319e-09              
        8.84827               0              
        8.84888               0              
        8.84949               0              
         8.8501     3.18319e-09              
        8.85071               0              
        8.85132               0              
        8.85193               0              
        8.85254               0              
        8.85315               0              
        8.85376               0              
        8.85437               0              
        8.85498               0              
        8.85559     3.18319e-09              
         8.8562               0              
        8.85681               0              
        8.85742               0              
        8.85803               0              
        8.85864               0              
        8.85925               0              
        8.85986               0              
        8.86047     3.18319e-09              
        8.86108               0              
        8.86169               0              
         8.8623     6.36639e-09              
        8.86292               0              
        8.86353               0              
        8.86414     3.18319e-09              
        8.86475               0              
        8.86536     3.18319e-09              
        8.86597     3.18319e-09              
        8.86658               0              
        8.86719               0              
         8.8678     3.18319e-09              
        8.86841               0              
        8.86902               0              
        8.86963               0              
        8.87024               0              
        8.87085               0              
        8.87146     3.18319e-09              
        8.87207               0              
        8.87268               0              
        8.87329               0              
         8.8739               0              
        8.87451     6.36639e-09              
        8.87512     3.18319e-09              
        8.87573               0              
        8.87634     3.18319e-09              
        8.87695               0              
        8.87756               0              
        8.87817               0              
        8.87878               0              
        8.87939     3.18319e-09              
           8.88               0              
        8.88062               0              
        8.88123               0              
        8.88184     3.18319e-09              
        8.88245               0              
        8.88306               0              
        8.88367     3.18319e-09              
        8.88428     3.18319e-09              
        8.88489     3.18319e-09              
         8.8855               0              
        8.88611               0              
        8.88672     6.36639e-09              
        8.88733     3.18319e-09              
        8.88794     6.36639e-09              
        8.88855               0              
        8.88916               0              
        8.88977     3.18319e-09              
        8.89038               0              
        8.89099               0              
         8.8916     3.18319e-09              
        8.89221               0              
        8.89282               0              
        8.89343     3.18319e-09              
        8.89404               0              
        8.89465     3.18319e-09              
        8.89526               0              
        8.89587     3.18319e-09              
        8.89648               0              
        8.89709               0              
        8.89771               0              
        8.89832               0              
        8.89893     3.18319e-09              
        8.89954     3.18319e-09              
        8.90015     3.18319e-09              
        8.90076               0              
        8.90137     3.18319e-09              
        8.90198               0              
        8.90259     3.18319e-09              
         8.9032               0              
        8.90381               0              
        8.90442               0              
        8.90503     3.18319e-09              
        8.90564               0              
        8.90625               0              
        8.90686               0              
        8.90747               0              
        8.90808     3.18319e-09              
        8.90869     3.18319e-09              
         8.9093               0              
        8.90991     3.18319e-09              
        8.91052     3.18319e-09              
        8.91113               0              
        8.91174               0              
        8.91235               0              
        8.91296               0              
        8.91357               0              
        8.91418               0              
        8.91479               0              
        8.91541               0              
        8.91602               0              
        8.91663               0              
        8.91724     3.18319e-09              
        8.91785               0              
        8.91846               0              
        8.91907               0              
        8.91968               0              
        8.92029     6.36639e-09              
         8.9209               0              
        8.92151               0              
        8.92212               0              
        8.92273               0              
        8.92334     3.18319e-09              
        8.92395               0              
        8.92456               0              
        8.92517               0              
        8.92578               0              
        8.92639               0              
          8.927               0              
        8.92761     3.18319e-09              
        8.92822               0              
        8.92883               0              
        8.92944               0              
        8.93005     3.18319e-09              
        8.93066     3.18319e-09              
        8.93127     3.18319e-09              
        8.93188     3.18319e-09              
         8.9325               0              
        8.93311               0              
        8.93372               0              
        8.93433               0              
        8.93494               0              
        8.93555               0              
        8.93616               0              
        8.93677               0              
        8.93738               0              
        8.93799               0              
         8.9386     3.18319e-09              
        8.93921               0              
        8.93982               0              
        8.94043               0              
        8.94104     3.18319e-09              
        8.94165               0              
        8.94226               0              
        8.94287     3.18319e-09              
        8.94348               0              
        8.94409               0              
         8.9447               0              
        8.94531               0              
        8.94592               0              
        8.94653     3.18319e-09              
        8.94714               0              
        8.94775     3.18319e-09              
        8.94836     3.18319e-09              
        8.94897               0              
        8.94958     3.18319e-09              
         8.9502               0              
        8.95081     3.18319e-09              
        8.95142               0              
        8.95203               0              
        8.95264               0              
        8.95325               0              
        8.95386               0              
        8.95447               0              
        8.95508     3.18319e-09              
        8.95569               0              
         8.9563               0              
        8.95691               0              
        8.95752     3.18319e-09              
        8.95813               0              
        8.95874               0              
        8.95935     6.36639e-09              
        8.95996     3.18319e-09              
        8.96057               0              
        8.96118               0              
        8.96179               0              
         8.9624     3.18319e-09              
        8.96301     3.18319e-09              
        8.96362               0              
        8.96423     3.18319e-09              
        8.96484               0              
        8.96545               0              
        8.96606     3.18319e-09              
        8.96667               0              
        8.96729               0              
         8.9679     6.36639e-09              
        8.96851               0              
        8.96912               0              
        8.96973               0              
        8.97034               0              
        8.97095     3.18319e-09              
        8.97156               0              
        8.97217               0              
        8.97278     3.18319e-09              
        8.97339               0              
          8.974     3.18319e-09              
        8.97461               0              
        8.97522               0              
        8.97583               0              
        8.97644     3.18319e-09              
        8.97705               0              
        8.97766     3.18319e-09              
        8.97827               0              
        8.97888     3.18319e-09              
        8.97949     3.18319e-09              
         8.9801               0              
        8.98071     6.36639e-09              
        8.98132               0              
        8.98193               0              
        8.98254     3.18319e-09              
        8.98315               0              
        8.98376               0              
        8.98438               0              
        8.98499     6.36639e-09              
         8.9856               0              
        8.98621               0              
        8.98682               0              
        8.98743               0              
        8.98804               0              
        8.98865               0              
        8.98926     3.18319e-09              
        8.98987               0              
        8.99048               0              
        8.99109     9.54958e-09              
         8.9917               0              
        8.99231     3.18319e-09              
        8.99292               0              
        8.99353               0              
        8.99414               0              
        8.99475               0              
        8.99536               0              
        8.99597     3.18319e-09              
        8.99658               0              
        8.99719               0              
