        4.99878     3.18319e-09              
        4.99939               0              
              5     3.18319e-09              
        5.00061     3.18319e-09              
        5.00122               0              
        5.00183               0              
        5.00244     3.18319e-09              
        5.00305     6.36639e-09              
        5.00366     3.18319e-09              
        5.00427     3.18319e-09              
        5.00488               0              
        5.00549               0              
         5.0061               0              
        5.00671               0              
        5.00732               0              
        5.00793     3.18319e-09              
        5.00854     3.18319e-09              
        5.00916     9.54958e-09              
        5.00977               0              
        5.01038               0              
        5.01099     3.18319e-09              
         5.0116               0              
        5.01221               0              
        5.01282               0              
        5.01343     3.18319e-09              
        5.01404     3.18319e-09              
        5.01465               0              
        5.01526               0              
        5.01587               0              
        5.01648     3.18319e-09              
        5.01709     6.36639e-09              
         5.0177               0              
        5.01831     3.18319e-09              
        5.01892     3.18319e-09              
        5.01953               0              
        5.02014               0              
        5.02075               0              
        5.02136               0              
        5.02197               0              
        5.02258               0              
        5.02319               0              
         5.0238               0              
        5.02441               0              
        5.02502               0              
        5.02563     3.18319e-09              
        5.02625     9.54958e-09              
        5.02686     3.18319e-09              
        5.02747     3.18319e-09              
        5.02808     6.36639e-09              
        5.02869     6.36639e-09              
         5.0293               0              
        5.02991               0              
        5.03052     6.36639e-09              
        5.03113     3.18319e-09              
        5.03174               0              
        5.03235               0              
        5.03296     3.18319e-09              
        5.03357     6.36639e-09              
        5.03418               0              
        5.03479     6.36639e-09              
         5.0354               0              
        5.03601     3.18319e-09              
        5.03662               0              
        5.03723     3.18319e-09              
        5.03784     3.18319e-09              
        5.03845     3.18319e-09              
        5.03906     3.18319e-09              
        5.03967               0              
        5.04028     6.36639e-09              
        5.04089     6.36639e-09              
         5.0415               0              
        5.04211     6.36639e-09              
        5.04272     3.18319e-09              
        5.04333     3.18319e-09              
        5.04395               0              
        5.04456               0              
        5.04517     6.36639e-09              
        5.04578     3.18319e-09              
        5.04639     3.18319e-09              
          5.047               0              
        5.04761     6.36639e-09              
        5.04822     3.18319e-09              
        5.04883     6.36639e-09              
        5.04944     6.36639e-09              
        5.05005               0              
        5.05066     3.18319e-09              
        5.05127               0              
        5.05188     9.54958e-09              
        5.05249               0              
         5.0531     9.54958e-09              
        5.05371     3.18319e-09              
        5.05432               0              
        5.05493     3.18319e-09              
        5.05554     6.36639e-09              
        5.05615               0              
        5.05676     6.36639e-09              
        5.05737               0              
        5.05798               0              
        5.05859               0              
         5.0592     9.54958e-09              
        5.05981               0              
        5.06042     3.18319e-09              
        5.06104     3.18319e-09              
        5.06165               0              
        5.06226     3.18319e-09              
        5.06287               0              
        5.06348               0              
        5.06409               0              
         5.0647               0              
        5.06531     3.18319e-09              
        5.06592     6.36639e-09              
        5.06653     3.18319e-09              
        5.06714               0              
        5.06775     6.36639e-09              
        5.06836               0              
        5.06897               0              
        5.06958     6.36639e-09              
        5.07019     3.18319e-09              
         5.0708               0              
        5.07141               0              
        5.07202               0              
        5.07263     3.18319e-09              
        5.07324               0              
        5.07385     3.18319e-09              
        5.07446               0              
        5.07507               0              
        5.07568     3.18319e-09              
        5.07629     3.18319e-09              
         5.0769     3.18319e-09              
        5.07751     6.36639e-09              
        5.07812     1.90992e-08              
        5.07874     1.27328e-08              
        5.07935               0              
        5.07996               0              
        5.08057     3.18319e-09              
        5.08118               0              
        5.08179     3.18319e-09              
         5.0824     3.18319e-09              
        5.08301     9.54958e-09              
        5.08362               0              
        5.08423     3.18319e-09              
        5.08484     9.54958e-09              
        5.08545     3.18319e-09              
        5.08606     3.18319e-09              
        5.08667               0              
        5.08728     6.36639e-09              
        5.08789     9.54958e-09              
         5.0885     6.36639e-09              
        5.08911     6.36639e-09              
        5.08972     6.36639e-09              
        5.09033     3.18319e-09              
        5.09094     3.18319e-09              
        5.09155               0              
        5.09216               0              
        5.09277               0              
        5.09338               0              
        5.09399     6.36639e-09              
         5.0946               0              
        5.09521     3.18319e-09              
        5.09583     3.18319e-09              
        5.09644     3.18319e-09              
        5.09705     3.18319e-09              
        5.09766     3.18319e-09              
        5.09827               0              
        5.09888               0              
        5.09949     3.18319e-09              
         5.1001               0              
        5.10071     6.36639e-09              
        5.10132               0              
        5.10193               0              
        5.10254     3.18319e-09              
        5.10315     3.18319e-09              
        5.10376     3.18319e-09              
        5.10437               0              
        5.10498     3.18319e-09              
        5.10559     3.18319e-09              
         5.1062     6.36639e-09              
        5.10681     3.18319e-09              
        5.10742     3.18319e-09              
        5.10803     6.36639e-09              
        5.10864               0              
        5.10925     6.36639e-09              
        5.10986               0              
        5.11047               0              
        5.11108               0              
        5.11169               0              
         5.1123               0              
        5.11292     3.18319e-09              
        5.11353               0              
        5.11414     3.18319e-09              
        5.11475               0              
        5.11536     6.36639e-09              
        5.11597               0              
        5.11658     3.18319e-09              
        5.11719     6.36639e-09              
         5.1178     3.18319e-09              
        5.11841     6.36639e-09              
        5.11902     3.18319e-09              
        5.11963     3.18319e-09              
        5.12024     6.36639e-09              
        5.12085               0              
        5.12146               0              
        5.12207               0              
        5.12268     3.18319e-09              
        5.12329     6.36639e-09              
         5.1239               0              
        5.12451               0              
        5.12512               0              
        5.12573     3.18319e-09              
        5.12634     6.36639e-09              
        5.12695               0              
        5.12756     9.54958e-09              
        5.12817               0              
        5.12878     6.36639e-09              
        5.12939     3.18319e-09              
           5.13     6.36639e-09              
        5.13062     3.18319e-09              
        5.13123     3.18319e-09              
        5.13184     3.18319e-09              
        5.13245     6.36639e-09              
        5.13306     3.18319e-09              
        5.13367               0              
        5.13428     3.18319e-09              
        5.13489     3.18319e-09              
         5.1355               0              
        5.13611     3.18319e-09              
        5.13672     3.18319e-09              
        5.13733               0              
        5.13794     3.18319e-09              
        5.13855               0              
        5.13916               0              
        5.13977     3.18319e-09              
        5.14038               0              
        5.14099     6.36639e-09              
         5.1416     6.36639e-09              
        5.14221     3.18319e-09              
        5.14282               0              
        5.14343     3.18319e-09              
        5.14404     1.27328e-08              
        5.14465     6.36639e-09              
        5.14526               0              
        5.14587     3.18319e-09              
        5.14648               0              
        5.14709     3.18319e-09              
        5.14771               0              
        5.14832     6.36639e-09              
        5.14893     9.54958e-09              
        5.14954     9.54958e-09              
        5.15015     6.36639e-09              
        5.15076               0              
        5.15137     3.18319e-09              
        5.15198     6.36639e-09              
        5.15259     3.18319e-09              
         5.1532     6.36639e-09              
        5.15381     6.36639e-09              
        5.15442     9.54958e-09              
        5.15503     3.18319e-09              
        5.15564               0              
        5.15625               0              
        5.15686     6.36639e-09              
        5.15747     3.18319e-09              
        5.15808               0              
        5.15869     1.27328e-08              
         5.1593     3.18319e-09              
        5.15991               0              
        5.16052               0              
        5.16113     9.54958e-09              
        5.16174               0              
        5.16235     6.36639e-09              
        5.16296     6.36639e-09              
        5.16357     6.36639e-09              
        5.16418     6.36639e-09              
        5.16479     3.18319e-09              
        5.16541     3.18319e-09              
        5.16602               0              
        5.16663     3.18319e-09              
        5.16724               0              
        5.16785               0              
        5.16846     3.18319e-09              
        5.16907               0              
        5.16968     3.18319e-09              
        5.17029               0              
         5.1709               0              
        5.17151     3.18319e-09              
        5.17212               0              
        5.17273               0              
        5.17334     3.18319e-09              
        5.17395               0              
        5.17456               0              
        5.17517     3.18319e-09              
        5.17578     6.36639e-09              
        5.17639     3.18319e-09              
          5.177     3.18319e-09              
        5.17761     9.54958e-09              
        5.17822               0              
        5.17883     3.18319e-09              
        5.17944     6.36639e-09              
        5.18005               0              
        5.18066               0              
        5.18127     3.18319e-09              
        5.18188     3.18319e-09              
         5.1825     3.18319e-09              
        5.18311     3.18319e-09              
        5.18372               0              
        5.18433               0              
        5.18494               0              
        5.18555               0              
        5.18616     6.36639e-09              
        5.18677     3.18319e-09              
        5.18738     3.18319e-09              
        5.18799     3.18319e-09              
         5.1886               0              
        5.18921               0              
        5.18982               0              
        5.19043     6.36639e-09              
        5.19104     9.54958e-09              
        5.19165               0              
        5.19226     3.18319e-09              
        5.19287               0              
        5.19348               0              
        5.19409     3.18319e-09              
         5.1947               0              
        5.19531     6.36639e-09              
        5.19592     9.54958e-09              
        5.19653     6.36639e-09              
        5.19714               0              
        5.19775     3.18319e-09              
        5.19836               0              
        5.19897     3.18319e-09              
        5.19958     3.18319e-09              
         5.2002     3.18319e-09              
        5.20081     9.54958e-09              
        5.20142     3.18319e-09              
        5.20203               0              
        5.20264     6.36639e-09              
        5.20325     3.18319e-09              
        5.20386     3.18319e-09              
        5.20447     6.36639e-09              
        5.20508               0              
        5.20569     6.36639e-09              
         5.2063     6.36639e-09              
        5.20691               0              
        5.20752     3.18319e-09              
        5.20813               0              
        5.20874               0              
        5.20935               0              
        5.20996               0              
        5.21057               0              
        5.21118               0              
        5.21179     3.18319e-09              
         5.2124               0              
        5.21301     3.18319e-09              
        5.21362     3.18319e-09              
        5.21423               0              
        5.21484     9.54958e-09              
        5.21545     3.18319e-09              
        5.21606     3.18319e-09              
        5.21667     9.54958e-09              
        5.21729               0              
         5.2179     1.27328e-08              
        5.21851     3.18319e-09              
        5.21912               0              
        5.21973     9.54958e-09              
        5.22034     3.18319e-09              
        5.22095               0              
        5.22156     6.36639e-09              
        5.22217     3.18319e-09              
        5.22278     3.18319e-09              
        5.22339               0              
          5.224     6.36639e-09              
        5.22461               0              
        5.22522     6.36639e-09              
        5.22583     3.18319e-09              
        5.22644               0              
        5.22705               0              
        5.22766     3.18319e-09              
        5.22827     3.18319e-09              
        5.22888     3.18319e-09              
        5.22949               0              
         5.2301     9.54958e-09              
        5.23071     6.36639e-09              
        5.23132               0              
        5.23193               0              
        5.23254               0              
        5.23315     6.36639e-09              
        5.23376               0              
        5.23438     6.36639e-09              
        5.23499     6.36639e-09              
         5.2356               0              
        5.23621     6.36639e-09              
        5.23682     3.18319e-09              
        5.23743               0              
        5.23804               0              
        5.23865     9.54958e-09              
        5.23926               0              
        5.23987     3.18319e-09              
        5.24048               0              
        5.24109     3.18319e-09              
         5.2417     3.18319e-09              
        5.24231     1.27328e-08              
        5.24292               0              
        5.24353     3.18319e-09              
        5.24414     3.18319e-09              
        5.24475     3.18319e-09              
        5.24536               0              
        5.24597     3.18319e-09              
        5.24658     2.22823e-08              
        5.24719     3.18319e-09              
         5.2478     9.54958e-09              
        5.24841               0              
        5.24902     9.54958e-09              
        5.24963               0              
        5.25024     3.18319e-09              
        5.25085     9.54958e-09              
        5.25146     3.18319e-09              
        5.25208     3.18319e-09              
        5.25269     3.18319e-09              
         5.2533     3.18319e-09              
        5.25391     6.36639e-09              
        5.25452     3.18319e-09              
        5.25513     6.36639e-09              
        5.25574               0              
        5.25635     6.36639e-09              
        5.25696     3.18319e-09              
        5.25757     3.18319e-09              
        5.25818     3.18319e-09              
        5.25879     3.18319e-09              
         5.2594     3.18319e-09              
        5.26001               0              
        5.26062     3.18319e-09              
        5.26123     3.18319e-09              
        5.26184               0              
        5.26245               0              
        5.26306     6.36639e-09              
        5.26367               0              
        5.26428               0              
        5.26489     3.18319e-09              
         5.2655     3.18319e-09              
        5.26611               0              
        5.26672               0              
        5.26733     3.18319e-09              
        5.26794               0              
        5.26855     3.18319e-09              
        5.26917     3.18319e-09              
        5.26978               0              
        5.27039               0              
          5.271     6.36639e-09              
        5.27161     3.18319e-09              
        5.27222     6.36639e-09              
        5.27283     6.36639e-09              
        5.27344               0              
        5.27405     3.18319e-09              
        5.27466     3.18319e-09              
        5.27527     3.18319e-09              
        5.27588     3.18319e-09              
        5.27649     3.18319e-09              
         5.2771     3.18319e-09              
        5.27771     6.36639e-09              
        5.27832     6.36639e-09              
        5.27893     6.36639e-09              
        5.27954               0              
        5.28015     3.18319e-09              
        5.28076     3.18319e-09              
        5.28137     6.36639e-09              
        5.28198     3.18319e-09              
        5.28259               0              
         5.2832     3.18319e-09              
        5.28381     6.36639e-09              
        5.28442               0              
        5.28503     3.18319e-09              
        5.28564     3.18319e-09              
        5.28625     6.36639e-09              
        5.28687               0              
        5.28748               0              
        5.28809     3.18319e-09              
         5.2887     6.36639e-09              
        5.28931     3.18319e-09              
        5.28992               0              
        5.29053               0              
        5.29114     3.18319e-09              
        5.29175     3.18319e-09              
        5.29236     3.18319e-09              
        5.29297     3.18319e-09              
        5.29358               0              
        5.29419               0              
         5.2948               0              
        5.29541     3.18319e-09              
        5.29602               0              
        5.29663               0              
        5.29724               0              
        5.29785               0              
        5.29846     3.18319e-09              
        5.29907     1.27328e-08              
        5.29968               0              
        5.30029     3.18319e-09              
         5.3009               0              
        5.30151               0              
        5.30212               0              
        5.30273               0              
        5.30334     3.18319e-09              
        5.30396     3.18319e-09              
        5.30457               0              
        5.30518               0              
        5.30579               0              
         5.3064     3.18319e-09              
        5.30701               0              
        5.30762     3.18319e-09              
        5.30823     9.54958e-09              
        5.30884               0              
        5.30945     6.36639e-09              
        5.31006               0              
        5.31067     3.18319e-09              
        5.31128     3.18319e-09              
        5.31189     3.18319e-09              
         5.3125     9.54958e-09              
        5.31311     3.18319e-09              
        5.31372               0              
        5.31433               0              
        5.31494     9.54958e-09              
        5.31555     6.36639e-09              
        5.31616     3.18319e-09              
        5.31677     3.18319e-09              
        5.31738               0              
        5.31799     3.18319e-09              
         5.3186               0              
        5.31921     3.18319e-09              
        5.31982               0              
        5.32043     3.18319e-09              
        5.32104     6.36639e-09              
        5.32166     6.36639e-09              
        5.32227               0              
        5.32288     3.18319e-09              
        5.32349     3.18319e-09              
         5.3241               0              
        5.32471     3.18319e-09              
        5.32532               0              
        5.32593     3.18319e-09              
        5.32654     3.18319e-09              
        5.32715     6.36639e-09              
        5.32776     3.18319e-09              
        5.32837               0              
        5.32898     3.18319e-09              
        5.32959               0              
         5.3302     3.18319e-09              
        5.33081     3.18319e-09              
        5.33142     3.18319e-09              
        5.33203               0              
        5.33264     3.18319e-09              
        5.33325     3.18319e-09              
        5.33386               0              
        5.33447     3.18319e-09              
        5.33508               0              
        5.33569               0              
         5.3363               0              
        5.33691     3.18319e-09              
        5.33752     3.18319e-09              
        5.33813     6.36639e-09              
        5.33875     3.18319e-09              
        5.33936     9.54958e-09              
        5.33997     3.18319e-09              
        5.34058     3.18319e-09              
        5.34119               0              
         5.3418     9.54958e-09              
        5.34241     3.18319e-09              
        5.34302     3.18319e-09              
        5.34363     6.36639e-09              
        5.34424               0              
        5.34485     3.18319e-09              
        5.34546     6.36639e-09              
        5.34607               0              
        5.34668     3.18319e-09              
        5.34729     6.36639e-09              
         5.3479     3.18319e-09              
        5.34851     9.54958e-09              
        5.34912     3.18319e-09              
        5.34973               0              
        5.35034     3.18319e-09              
        5.35095     3.18319e-09              
        5.35156               0              
        5.35217     3.18319e-09              
        5.35278               0              
        5.35339     3.18319e-09              
          5.354     3.18319e-09              
        5.35461     3.18319e-09              
        5.35522               0              
        5.35583     6.36639e-09              
        5.35645               0              
        5.35706     9.54958e-09              
        5.35767     3.18319e-09              
        5.35828     3.18319e-09              
        5.35889     3.18319e-09              
         5.3595     3.18319e-09              
        5.36011      1.5916e-08              
        5.36072     6.36639e-09              
        5.36133     6.36639e-09              
        5.36194     3.18319e-09              
        5.36255               0              
        5.36316     6.36639e-09              
        5.36377     6.36639e-09              
        5.36438               0              
        5.36499               0              
         5.3656     3.18319e-09              
        5.36621               0              
        5.36682               0              
        5.36743               0              
        5.36804               0              
        5.36865     3.18319e-09              
        5.36926     3.18319e-09              
        5.36987               0              
        5.37048     3.18319e-09              
        5.37109               0              
         5.3717     6.36639e-09              
        5.37231     6.36639e-09              
        5.37292     6.36639e-09              
        5.37354     3.18319e-09              
        5.37415     3.18319e-09              
        5.37476     3.18319e-09              
        5.37537     3.18319e-09              
        5.37598     3.18319e-09              
        5.37659     1.27328e-08              
         5.3772               0              
        5.37781               0              
        5.37842     3.18319e-09              
        5.37903               0              
        5.37964     3.18319e-09              
        5.38025     9.54958e-09              
        5.38086               0              
        5.38147               0              
        5.38208               0              
        5.38269     9.54958e-09              
         5.3833     3.18319e-09              
        5.38391               0              
        5.38452               0              
        5.38513               0              
        5.38574     3.18319e-09              
        5.38635     6.36639e-09              
        5.38696     3.18319e-09              
        5.38757               0              
        5.38818     3.18319e-09              
        5.38879     3.18319e-09              
         5.3894     6.36639e-09              
        5.39001               0              
        5.39062     3.18319e-09              
        5.39124     3.18319e-09              
        5.39185     3.18319e-09              
        5.39246     3.18319e-09              
        5.39307               0              
        5.39368     3.18319e-09              
        5.39429     6.36639e-09              
         5.3949     6.36639e-09              
        5.39551               0              
        5.39612               0              
        5.39673     9.54958e-09              
        5.39734     3.18319e-09              
        5.39795     6.36639e-09              
        5.39856               0              
        5.39917     3.18319e-09              
        5.39978     3.18319e-09              
        5.40039               0              
          5.401     3.18319e-09              
        5.40161               0              
        5.40222               0              
        5.40283     3.18319e-09              
        5.40344     3.18319e-09              
        5.40405               0              
        5.40466     3.18319e-09              
        5.40527     6.36639e-09              
        5.40588               0              
        5.40649               0              
         5.4071     3.18319e-09              
        5.40771     9.54958e-09              
        5.40833     6.36639e-09              
        5.40894     3.18319e-09              
        5.40955     6.36639e-09              
        5.41016               0              
        5.41077     3.18319e-09              
        5.41138     6.36639e-09              
        5.41199     3.18319e-09              
         5.4126     6.36639e-09              
        5.41321               0              
        5.41382     3.18319e-09              
        5.41443     3.18319e-09              
        5.41504     3.18319e-09              
        5.41565     3.18319e-09              
        5.41626     3.18319e-09              
        5.41687     6.36639e-09              
        5.41748     6.36639e-09              
        5.41809     9.54958e-09              
         5.4187     6.36639e-09              
        5.41931               0              
        5.41992     1.90992e-08              
        5.42053               0              
        5.42114     9.54958e-09              
        5.42175     3.18319e-09              
        5.42236               0              
        5.42297               0              
        5.42358               0              
        5.42419               0              
         5.4248               0              
        5.42542               0              
        5.42603               0              
        5.42664               0              
        5.42725               0              
        5.42786               0              
        5.42847     3.18319e-09              
        5.42908     3.18319e-09              
        5.42969     6.36639e-09              
         5.4303     3.18319e-09              
        5.43091               0              
        5.43152     3.18319e-09              
        5.43213               0              
        5.43274               0              
        5.43335     9.54958e-09              
        5.43396     3.18319e-09              
        5.43457               0              
        5.43518               0              
        5.43579     9.54958e-09              
         5.4364               0              
        5.43701               0              
        5.43762     1.27328e-08              
        5.43823               0              
        5.43884     6.36639e-09              
        5.43945     6.36639e-09              
        5.44006               0              
        5.44067     3.18319e-09              
        5.44128               0              
        5.44189               0              
         5.4425     9.54958e-09              
        5.44312     3.18319e-09              
        5.44373               0              
        5.44434               0              
        5.44495               0              
        5.44556     6.36639e-09              
        5.44617     3.18319e-09              
        5.44678     3.18319e-09              
        5.44739               0              
          5.448               0              
        5.44861     3.18319e-09              
        5.44922     6.36639e-09              
        5.44983     3.18319e-09              
        5.45044     9.54958e-09              
        5.45105     3.18319e-09              
        5.45166     3.18319e-09              
        5.45227     3.18319e-09              
        5.45288     3.18319e-09              
        5.45349               0              
         5.4541     3.18319e-09              
        5.45471     6.36639e-09              
        5.45532               0              
        5.45593     3.18319e-09              
        5.45654     3.18319e-09              
        5.45715     3.18319e-09              
        5.45776     3.18319e-09              
        5.45837     3.18319e-09              
        5.45898               0              
        5.45959               0              
        5.46021     3.18319e-09              
        5.46082               0              
        5.46143     3.18319e-09              
        5.46204               0              
        5.46265     6.36639e-09              
        5.46326               0              
        5.46387               0              
        5.46448     3.18319e-09              
        5.46509               0              
         5.4657               0              
        5.46631               0              
        5.46692               0              
        5.46753               0              
        5.46814     3.18319e-09              
        5.46875     6.36639e-09              
        5.46936     6.36639e-09              
        5.46997     6.36639e-09              
        5.47058     6.36639e-09              
        5.47119     9.54958e-09              
         5.4718     3.18319e-09              
        5.47241     6.36639e-09              
        5.47302     6.36639e-09              
        5.47363               0              
        5.47424     3.18319e-09              
        5.47485               0              
        5.47546               0              
        5.47607               0              
        5.47668               0              
        5.47729               0              
        5.47791               0              
        5.47852               0              
        5.47913               0              
        5.47974     3.18319e-09              
        5.48035               0              
        5.48096     3.18319e-09              
        5.48157               0              
        5.48218               0              
        5.48279               0              
         5.4834               0              
        5.48401     3.18319e-09              
        5.48462     3.18319e-09              
        5.48523     3.18319e-09              
        5.48584     6.36639e-09              
        5.48645     3.18319e-09              
        5.48706               0              
        5.48767               0              
        5.48828     3.18319e-09              
        5.48889     3.18319e-09              
         5.4895               0              
        5.49011     3.18319e-09              
        5.49072               0              
        5.49133               0              
        5.49194               0              
        5.49255               0              
        5.49316     3.18319e-09              
        5.49377     3.18319e-09              
        5.49438     3.18319e-09              
          5.495     3.18319e-09              
        5.49561               0              
        5.49622               0              
        5.49683     3.18319e-09              
        5.49744               0              
        5.49805               0              
        5.49866     3.18319e-09              
        5.49927               0              
        5.49988     6.36639e-09              
        5.50049               0              
         5.5011     3.18319e-09              
        5.50171     3.18319e-09              
        5.50232     6.36639e-09              
        5.50293     3.18319e-09              
        5.50354     6.36639e-09              
        5.50415     3.18319e-09              
        5.50476     3.18319e-09              
        5.50537     3.18319e-09              
        5.50598     3.18319e-09              
        5.50659     3.18319e-09              
         5.5072     6.36639e-09              
        5.50781     3.18319e-09              
        5.50842     3.18319e-09              
        5.50903               0              
        5.50964     3.18319e-09              
        5.51025     3.18319e-09              
        5.51086     3.18319e-09              
        5.51147               0              
        5.51208               0              
         5.5127     3.18319e-09              
        5.51331     3.18319e-09              
        5.51392     3.18319e-09              
        5.51453               0              
        5.51514               0              
        5.51575     3.18319e-09              
        5.51636     3.81983e-08              
        5.51697     2.54655e-08              
        5.51758     1.27328e-08              
        5.51819     6.36639e-09              
         5.5188     6.36639e-09              
        5.51941     3.18319e-09              
        5.52002     3.18319e-09              
        5.52063               0              
        5.52124     3.18319e-09              
        5.52185     3.18319e-09              
        5.52246     3.18319e-09              
        5.52307     3.18319e-09              
        5.52368               0              
        5.52429     3.18319e-09              
         5.5249               0              
        5.52551     3.18319e-09              
        5.52612               0              
        5.52673               0              
        5.52734               0              
        5.52795     6.36639e-09              
        5.52856               0              
        5.52917               0              
        5.52979     3.18319e-09              
         5.5304               0              
        5.53101     3.18319e-09              
        5.53162               0              
        5.53223               0              
        5.53284               0              
        5.53345               0              
        5.53406     3.18319e-09              
        5.53467               0              
        5.53528     3.18319e-09              
        5.53589               0              
         5.5365     3.18319e-09              
        5.53711               0              
        5.53772               0              
        5.53833               0              
        5.53894     3.18319e-09              
        5.53955     3.18319e-09              
        5.54016               0              
        5.54077               0              
        5.54138               0              
        5.54199     6.36639e-09              
         5.5426     3.18319e-09              
        5.54321     3.18319e-09              
        5.54382               0              
        5.54443     3.18319e-09              
        5.54504               0              
        5.54565               0              
        5.54626     3.18319e-09              
        5.54688               0              
        5.54749     3.18319e-09              
         5.5481               0              
        5.54871     3.18319e-09              
        5.54932     3.18319e-09              
        5.54993               0              
        5.55054     6.36639e-09              
        5.55115     3.18319e-09              
        5.55176     6.36639e-09              
        5.55237               0              
        5.55298               0              
        5.55359               0              
         5.5542     9.54958e-09              
        5.55481     3.18319e-09              
        5.55542               0              
        5.55603     6.36639e-09              
        5.55664     3.18319e-09              
        5.55725               0              
        5.55786               0              
        5.55847               0              
        5.55908     3.18319e-09              
        5.55969     6.36639e-09              
         5.5603               0              
        5.56091               0              
        5.56152               0              
        5.56213     6.36639e-09              
        5.56274     3.18319e-09              
        5.56335               0              
        5.56396               0              
        5.56458               0              
        5.56519     6.36639e-09              
         5.5658     1.27328e-08              
        5.56641               0              
        5.56702     3.18319e-09              
        5.56763     9.54958e-09              
        5.56824               0              
        5.56885     6.36639e-09              
        5.56946               0              
        5.57007               0              
        5.57068     6.36639e-09              
        5.57129               0              
         5.5719               0              
        5.57251     3.18319e-09              
        5.57312     6.36639e-09              
        5.57373               0              
        5.57434     3.18319e-09              
        5.57495               0              
        5.57556     3.18319e-09              
        5.57617     6.36639e-09              
        5.57678     9.54958e-09              
        5.57739     3.18319e-09              
          5.578     3.18319e-09              
        5.57861               0              
        5.57922     3.18319e-09              
        5.57983               0              
        5.58044     6.36639e-09              
        5.58105     6.36639e-09              
        5.58167               0              
        5.58228     6.36639e-09              
        5.58289     3.18319e-09              
         5.5835     3.18319e-09              
        5.58411      1.5916e-08              
        5.58472     3.18319e-09              
        5.58533               0              
        5.58594     3.18319e-09              
        5.58655     3.18319e-09              
        5.58716               0              
        5.58777     3.18319e-09              
        5.58838               0              
        5.58899               0              
         5.5896     6.36639e-09              
        5.59021     3.18319e-09              
        5.59082     3.18319e-09              
        5.59143     6.36639e-09              
        5.59204               0              
        5.59265     6.36639e-09              
        5.59326     3.18319e-09              
        5.59387     3.18319e-09              
        5.59448               0              
        5.59509     3.18319e-09              
         5.5957     9.54958e-09              
        5.59631     3.18319e-09              
        5.59692               0              
        5.59753     3.18319e-09              
        5.59814     6.36639e-09              
        5.59875               0              
        5.59937               0              
        5.59998     3.18319e-09              
        5.60059     3.18319e-09              
         5.6012               0              
        5.60181     3.18319e-09              
        5.60242               0              
        5.60303               0              
        5.60364     3.18319e-09              
        5.60425     3.18319e-09              
        5.60486     3.18319e-09              
        5.60547     9.54958e-09              
        5.60608     3.18319e-09              
        5.60669               0              
         5.6073     3.18319e-09              
        5.60791     6.36639e-09              
        5.60852               0              
        5.60913     6.36639e-09              
        5.60974               0              
        5.61035               0              
        5.61096     6.36639e-09              
        5.61157     3.18319e-09              
        5.61218     3.18319e-09              
        5.61279               0              
         5.6134     3.18319e-09              
        5.61401               0              
        5.61462     6.36639e-09              
        5.61523               0              
        5.61584               0              
        5.61646     3.18319e-09              
        5.61707               0              
        5.61768               0              
        5.61829               0              
         5.6189               0              
        5.61951               0              
        5.62012     1.90992e-08              
        5.62073     6.36639e-09              
        5.62134     9.54958e-09              
        5.62195               0              
        5.62256     3.18319e-09              
        5.62317               0              
        5.62378     3.18319e-09              
        5.62439               0              
          5.625     6.36639e-09              
        5.62561               0              
        5.62622               0              
        5.62683               0              
        5.62744     3.18319e-09              
        5.62805     3.18319e-09              
        5.62866     6.36639e-09              
        5.62927     6.36639e-09              
        5.62988     3.18319e-09              
        5.63049     3.18319e-09              
         5.6311               0              
        5.63171     6.36639e-09              
        5.63232     3.18319e-09              
        5.63293     3.18319e-09              
        5.63354               0              
        5.63416     3.18319e-09              
        5.63477     3.18319e-09              
        5.63538               0              
        5.63599     6.36639e-09              
         5.6366     3.18319e-09              
        5.63721               0              
        5.63782               0              
        5.63843               0              
        5.63904               0              
        5.63965     6.36639e-09              
        5.64026     3.18319e-09              
        5.64087     3.18319e-09              
        5.64148     6.36639e-09              
        5.64209     3.18319e-09              
         5.6427     6.36639e-09              
        5.64331               0              
        5.64392     3.18319e-09              
        5.64453               0              
        5.64514     6.36639e-09              
        5.64575     9.54958e-09              
        5.64636               0              
        5.64697               0              
        5.64758     3.18319e-09              
        5.64819               0              
         5.6488     3.18319e-09              
        5.64941     3.18319e-09              
        5.65002               0              
        5.65063               0              
        5.65125               0              
        5.65186     6.36639e-09              
        5.65247     3.18319e-09              
        5.65308     6.36639e-09              
        5.65369               0              
         5.6543     6.36639e-09              
        5.65491               0              
        5.65552               0              
        5.65613               0              
        5.65674     3.18319e-09              
        5.65735               0              
        5.65796     3.18319e-09              
        5.65857     3.18319e-09              
        5.65918     3.18319e-09              
        5.65979               0              
         5.6604               0              
        5.66101               0              
        5.66162     3.18319e-09              
        5.66223     3.18319e-09              
        5.66284     3.18319e-09              
        5.66345               0              
        5.66406     3.18319e-09              
        5.66467     3.18319e-09              
        5.66528               0              
        5.66589     3.18319e-09              
         5.6665     3.18319e-09              
        5.66711     6.36639e-09              
        5.66772     6.36639e-09              
        5.66833     3.18319e-09              
        5.66895               0              
        5.66956               0              
        5.67017     6.36639e-09              
        5.67078     3.18319e-09              
        5.67139               0              
          5.672     3.18319e-09              
        5.67261               0              
        5.67322     3.18319e-09              
        5.67383               0              
        5.67444               0              
        5.67505               0              
        5.67566               0              
        5.67627     6.36639e-09              
        5.67688               0              
        5.67749               0              
         5.6781     3.18319e-09              
        5.67871     3.18319e-09              
        5.67932     6.36639e-09              
        5.67993               0              
        5.68054     6.36639e-09              
        5.68115     3.18319e-09              
        5.68176               0              
        5.68237               0              
        5.68298     3.18319e-09              
        5.68359     3.18319e-09              
         5.6842               0              
        5.68481     3.18319e-09              
        5.68542     3.18319e-09              
        5.68604               0              
        5.68665               0              
        5.68726     6.36639e-09              
        5.68787               0              
        5.68848               0              
        5.68909     3.18319e-09              
         5.6897     6.36639e-09              
        5.69031     3.18319e-09              
        5.69092               0              
        5.69153               0              
        5.69214               0              
        5.69275               0              
        5.69336     3.18319e-09              
        5.69397               0              
        5.69458     6.36639e-09              
        5.69519     3.18319e-09              
         5.6958     6.36639e-09              
        5.69641     3.18319e-09              
        5.69702     3.18319e-09              
        5.69763               0              
        5.69824               0              
        5.69885     3.18319e-09              
        5.69946     9.54958e-09              
        5.70007     3.18319e-09              
        5.70068     3.18319e-09              
        5.70129               0              
         5.7019     3.18319e-09              
        5.70251     1.27328e-08              
        5.70312     9.54958e-09              
        5.70374               0              
        5.70435     6.36639e-09              
        5.70496     6.36639e-09              
        5.70557     3.18319e-09              
        5.70618               0              
        5.70679               0              
         5.7074     6.36639e-09              
        5.70801               0              
        5.70862               0              
        5.70923     3.18319e-09              
        5.70984     9.54958e-09              
        5.71045               0              
        5.71106               0              
        5.71167     3.18319e-09              
        5.71228     6.36639e-09              
        5.71289     6.36639e-09              
         5.7135     3.18319e-09              
        5.71411     6.36639e-09              
        5.71472               0              
        5.71533     1.87808e-07              
        5.71594               0              
        5.71655     9.54958e-09              
        5.71716               0              
        5.71777               0              
        5.71838     3.18319e-09              
        5.71899               0              
         5.7196               0              
        5.72021     3.18319e-09              
        5.72083               0              
        5.72144     6.36639e-09              
        5.72205               0              
        5.72266               0              
        5.72327               0              
        5.72388               0              
        5.72449     3.18319e-09              
         5.7251     3.18319e-09              
        5.72571     6.36639e-09              
        5.72632     3.18319e-09              
        5.72693     3.18319e-09              
        5.72754               0              
        5.72815               0              
        5.72876     3.18319e-09              
        5.72937               0              
        5.72998     3.18319e-09              
        5.73059               0              
         5.7312     3.18319e-09              
        5.73181     3.18319e-09              
        5.73242     3.18319e-09              
        5.73303     6.36639e-09              
        5.73364     9.54958e-09              
        5.73425               0              
        5.73486               0              
        5.73547               0              
        5.73608     3.18319e-09              
        5.73669     6.36639e-09              
         5.7373     3.18319e-09              
        5.73792     3.18319e-09              
        5.73853     3.18319e-09              
        5.73914     3.18319e-09              
        5.73975               0              
        5.74036               0              
        5.74097     6.36639e-09              
        5.74158     6.36639e-09              
        5.74219     3.18319e-09              
         5.7428     9.54958e-09              
        5.74341     3.18319e-09              
        5.74402               0              
        5.74463               0              
        5.74524               0              
        5.74585     3.18319e-09              
        5.74646               0              
        5.74707               0              
        5.74768     3.18319e-09              
        5.74829               0              
         5.7489               0              
        5.74951               0              
        5.75012     3.18319e-09              
        5.75073     9.54958e-09              
        5.75134     3.18319e-09              
        5.75195               0              
        5.75256     3.18319e-09              
        5.75317               0              
        5.75378     3.18319e-09              
        5.75439     6.36639e-09              
          5.755     6.36639e-09              
        5.75562     3.18319e-09              
        5.75623     1.27328e-08              
        5.75684               0              
        5.75745     3.18319e-09              
        5.75806     3.18319e-09              
        5.75867               0              
        5.75928     3.18319e-09              
        5.75989     3.18319e-09              
         5.7605               0              
        5.76111               0              
        5.76172               0              
        5.76233               0              
        5.76294               0              
        5.76355     6.36639e-09              
        5.76416               0              
        5.76477     6.36639e-09              
        5.76538               0              
        5.76599     3.18319e-09              
         5.7666               0              
        5.76721     3.18319e-09              
        5.76782     3.18319e-09              
        5.76843               0              
        5.76904     3.18319e-09              
        5.76965     6.36639e-09              
        5.77026               0              
        5.77087               0              
        5.77148     3.18319e-09              
        5.77209     6.36639e-09              
        5.77271               0              
        5.77332               0              
        5.77393               0              
        5.77454               0              
        5.77515     3.18319e-09              
        5.77576     3.18319e-09              
        5.77637     6.36639e-09              
        5.77698               0              
        5.77759               0              
         5.7782     6.36639e-09              
        5.77881               0              
        5.77942     3.18319e-09              
        5.78003     9.54958e-09              
        5.78064     3.18319e-09              
        5.78125               0              
        5.78186     3.18319e-09              
        5.78247               0              
        5.78308     3.18319e-09              
        5.78369               0              
         5.7843     3.18319e-09              
        5.78491               0              
        5.78552               0              
        5.78613     3.18319e-09              
        5.78674     3.18319e-09              
        5.78735               0              
        5.78796     3.18319e-09              
        5.78857               0              
        5.78918               0              
        5.78979               0              
        5.79041               0              
        5.79102     3.18319e-09              
        5.79163               0              
        5.79224     3.18319e-09              
        5.79285     3.18319e-09              
        5.79346     3.18319e-09              
        5.79407     3.18319e-09              
        5.79468     3.18319e-09              
        5.79529     6.36639e-09              
         5.7959     3.18319e-09              
        5.79651               0              
        5.79712               0              
        5.79773     3.18319e-09              
        5.79834     6.36639e-09              
        5.79895               0              
        5.79956     9.54958e-09              
        5.80017               0              
        5.80078     3.18319e-09              
        5.80139               0              
          5.802               0              
        5.80261               0              
        5.80322     6.36639e-09              
        5.80383     3.18319e-09              
        5.80444               0              
        5.80505     3.18319e-09              
        5.80566     3.18319e-09              
        5.80627     6.36639e-09              
        5.80688     3.18319e-09              
         5.8075     6.36639e-09              
        5.80811     3.18319e-09              
        5.80872     3.18319e-09              
        5.80933     3.18319e-09              
        5.80994               0              
        5.81055     3.18319e-09              
        5.81116     3.18319e-09              
        5.81177     3.18319e-09              
        5.81238               0              
        5.81299     3.18319e-09              
         5.8136     3.18319e-09              
        5.81421     6.36639e-09              
        5.81482     9.54958e-09              
        5.81543     6.36639e-09              
        5.81604     3.18319e-09              
        5.81665     9.54958e-09              
        5.81726     9.54958e-09              
        5.81787               0              
        5.81848     6.36639e-09              
        5.81909               0              
         5.8197     3.18319e-09              
        5.82031     3.18319e-09              
        5.82092     3.18319e-09              
        5.82153               0              
        5.82214               0              
        5.82275     9.54958e-09              
        5.82336     6.36639e-09              
        5.82397     3.18319e-09              
        5.82458     3.18319e-09              
         5.8252     6.36639e-09              
        5.82581               0              
        5.82642     6.36639e-09              
        5.82703               0              
        5.82764               0              
        5.82825     6.36639e-09              
        5.82886     3.18319e-09              
        5.82947     6.36639e-09              
        5.83008               0              
        5.83069     6.36639e-09              
         5.8313     6.36639e-09              
        5.83191     3.18319e-09              
        5.83252     3.18319e-09              
        5.83313     3.18319e-09              
        5.83374               0              
        5.83435     3.18319e-09              
        5.83496     3.18319e-09              
        5.83557     9.54958e-09              
        5.83618     3.18319e-09              
        5.83679     3.18319e-09              
         5.8374     6.36639e-09              
        5.83801     6.36639e-09              
        5.83862               0              
        5.83923     6.36639e-09              
        5.83984               0              
        5.84045               0              
        5.84106      1.5916e-08              
        5.84167     3.18319e-09              
        5.84229               0              
         5.8429     6.36639e-09              
        5.84351     6.36639e-09              
        5.84412     6.36639e-09              
        5.84473               0              
        5.84534               0              
        5.84595               0              
        5.84656               0              
        5.84717               0              
        5.84778     9.54958e-09              
        5.84839               0              
          5.849               0              
        5.84961               0              
        5.85022               0              
        5.85083     3.18319e-09              
        5.85144               0              
        5.85205               0              
        5.85266     3.18319e-09              
        5.85327               0              
        5.85388               0              
        5.85449     9.54958e-09              
         5.8551     3.18319e-09              
        5.85571     6.36639e-09              
        5.85632               0              
        5.85693     3.18319e-09              
        5.85754               0              
        5.85815               0              
        5.85876     3.18319e-09              
        5.85938     6.36639e-09              
        5.85999     6.36639e-09              
         5.8606     6.36639e-09              
        5.86121     3.18319e-09              
        5.86182     3.18319e-09              
        5.86243     3.18319e-09              
        5.86304     3.18319e-09              
        5.86365               0              
        5.86426               0              
        5.86487               0              
        5.86548               0              
        5.86609     3.18319e-09              
         5.8667               0              
        5.86731               0              
        5.86792               0              
        5.86853     3.18319e-09              
        5.86914               0              
        5.86975               0              
        5.87036               0              
        5.87097     3.18319e-09              
        5.87158               0              
        5.87219               0              
         5.8728     3.18319e-09              
        5.87341     6.36639e-09              
        5.87402     6.36639e-09              
        5.87463     6.36639e-09              
        5.87524     3.18319e-09              
        5.87585               0              
        5.87646               0              
        5.87708               0              
        5.87769     6.36639e-09              
         5.8783     3.18319e-09              
        5.87891     3.18319e-09              
        5.87952     6.36639e-09              
        5.88013               0              
        5.88074               0              
        5.88135               0              
        5.88196               0              
        5.88257     6.36639e-09              
        5.88318               0              
        5.88379     6.36639e-09              
         5.8844     3.18319e-09              
        5.88501     3.18319e-09              
        5.88562     3.18319e-09              
        5.88623               0              
        5.88684               0              
        5.88745     6.36639e-09              
        5.88806               0              
        5.88867     3.18319e-09              
        5.88928               0              
        5.88989     6.36639e-09              
         5.8905     3.18319e-09              
        5.89111               0              
        5.89172               0              
        5.89233               0              
        5.89294               0              
        5.89355               0              
        5.89417               0              
        5.89478               0              
        5.89539     3.18319e-09              
          5.896     6.36639e-09              
        5.89661     9.54958e-09              
        5.89722               0              
        5.89783     3.18319e-09              
        5.89844               0              
        5.89905               0              
        5.89966               0              
        5.90027               0              
        5.90088     3.18319e-09              
        5.90149               0              
         5.9021     3.18319e-09              
        5.90271     7.63966e-08              
        5.90332     3.18319e-09              
        5.90393               0              
        5.90454               0              
        5.90515               0              
        5.90576               0              
        5.90637     3.18319e-09              
        5.90698               0              
        5.90759               0              
         5.9082               0              
        5.90881     6.36639e-09              
        5.90942               0              
        5.91003     6.36639e-09              
        5.91064     3.18319e-09              
        5.91125     6.36639e-09              
        5.91187     3.18319e-09              
        5.91248     3.18319e-09              
        5.91309               0              
         5.9137     3.18319e-09              
        5.91431     3.18319e-09              
        5.91492     6.36639e-09              
        5.91553     6.36639e-09              
        5.91614     3.18319e-09              
        5.91675               0              
        5.91736     3.18319e-09              
        5.91797     6.36639e-09              
        5.91858               0              
        5.91919     3.18319e-09              
         5.9198               0              
        5.92041     9.54958e-09              
        5.92102     6.36639e-09              
        5.92163     3.18319e-09              
        5.92224               0              
        5.92285               0              
        5.92346     3.18319e-09              
        5.92407               0              
        5.92468     6.36639e-09              
        5.92529     3.18319e-09              
         5.9259     3.18319e-09              
        5.92651     3.18319e-09              
        5.92712     3.18319e-09              
        5.92773     6.36639e-09              
        5.92834               0              
        5.92896     3.18319e-09              
        5.92957               0              
        5.93018               0              
        5.93079     9.54958e-09              
         5.9314               0              
        5.93201               0              
        5.93262     3.18319e-09              
        5.93323     6.36639e-09              
        5.93384     3.18319e-09              
        5.93445               0              
        5.93506               0              
        5.93567     3.18319e-09              
        5.93628     6.36639e-09              
        5.93689     9.54958e-09              
         5.9375     3.18319e-09              
        5.93811               0              
        5.93872               0              
        5.93933     3.18319e-09              
        5.93994     3.18319e-09              
        5.94055     3.18319e-09              
        5.94116     3.18319e-09              
        5.94177     3.18319e-09              
        5.94238     6.36639e-09              
        5.94299     3.18319e-09              
         5.9436               0              
        5.94421               0              
        5.94482               0              
        5.94543               0              
        5.94604     3.18319e-09              
        5.94666               0              
        5.94727     3.18319e-09              
        5.94788               0              
        5.94849               0              
         5.9491               0              
        5.94971     6.36639e-09              
        5.95032     6.36639e-09              
        5.95093     3.18319e-09              
        5.95154     6.36639e-09              
        5.95215               0              
        5.95276     3.18319e-09              
        5.95337     3.18319e-09              
        5.95398     3.18319e-09              
        5.95459               0              
         5.9552     3.18319e-09              
        5.95581     9.54958e-09              
        5.95642     9.54958e-09              
        5.95703     3.18319e-09              
        5.95764     6.36639e-09              
        5.95825     3.18319e-09              
        5.95886     3.18319e-09              
        5.95947               0              
        5.96008     3.18319e-09              
        5.96069               0              
         5.9613     3.18319e-09              
        5.96191               0              
        5.96252               0              
        5.96313               0              
        5.96375               0              
        5.96436               0              
        5.96497     3.18319e-09              
        5.96558               0              
        5.96619     6.36639e-09              
         5.9668               0              
        5.96741     3.18319e-09              
        5.96802     3.18319e-09              
        5.96863               0              
        5.96924               0              
        5.96985               0              
        5.97046     6.36639e-09              
        5.97107     3.18319e-09              
        5.97168               0              
        5.97229               0              
         5.9729               0              
        5.97351               0              
        5.97412     6.36639e-09              
        5.97473     3.18319e-09              
        5.97534     1.27328e-08              
        5.97595               0              
        5.97656     9.54958e-09              
        5.97717               0              
        5.97778               0              
        5.97839     3.18319e-09              
          5.979     6.36639e-09              
        5.97961               0              
        5.98022     3.18319e-09              
        5.98083               0              
        5.98145     3.18319e-09              
        5.98206     6.36639e-09              
        5.98267               0              
        5.98328               0              
        5.98389     3.18319e-09              
         5.9845     3.18319e-09              
        5.98511               0              
        5.98572               0              
        5.98633               0              
        5.98694               0              
        5.98755               0              
        5.98816     6.36639e-09              
        5.98877               0              
        5.98938     3.18319e-09              
        5.98999               0              
         5.9906     3.18319e-09              
        5.99121               0              
        5.99182               0              
        5.99243     3.18319e-09              
        5.99304     3.18319e-09              
        5.99365     6.36639e-09              
        5.99426               0              
        5.99487               0              
        5.99548               0              
        5.99609               0              
         5.9967     3.18319e-09              
        5.99731               0              
        5.99792     3.18319e-09              
