        6.99829     3.18319e-09              
         6.9989               0              
        6.99951     3.18319e-09              
        7.00012               0              
        7.00073               0              
        7.00134               0              
        7.00195               0              
        7.00256               0              
        7.00317               0              
        7.00378               0              
        7.00439     3.18319e-09              
          7.005     6.36639e-09              
        7.00562     6.36639e-09              
        7.00623               0              
        7.00684     3.18319e-09              
        7.00745     3.18319e-09              
        7.00806     3.18319e-09              
        7.00867     6.36639e-09              
        7.00928     3.18319e-09              
        7.00989               0              
         7.0105     3.18319e-09              
        7.01111               0              
        7.01172               0              
        7.01233     3.18319e-09              
        7.01294               0              
        7.01355     3.18319e-09              
        7.01416               0              
        7.01477     6.36639e-09              
        7.01538     3.18319e-09              
        7.01599     3.18319e-09              
         7.0166               0              
        7.01721     3.18319e-09              
        7.01782               0              
        7.01843     3.18319e-09              
        7.01904               0              
        7.01965               0              
        7.02026     3.18319e-09              
        7.02087     3.18319e-09              
        7.02148     3.18319e-09              
        7.02209               0              
        7.02271               0              
        7.02332               0              
        7.02393     3.18319e-09              
        7.02454     6.36639e-09              
        7.02515               0              
        7.02576     3.18319e-09              
        7.02637               0              
        7.02698               0              
        7.02759     6.36639e-09              
         7.0282               0              
        7.02881               0              
        7.02942     3.18319e-09              
        7.03003     3.18319e-09              
        7.03064     3.18319e-09              
        7.03125               0              
        7.03186     6.36639e-09              
        7.03247               0              
        7.03308     6.36639e-09              
        7.03369     3.18319e-09              
         7.0343               0              
        7.03491     3.18319e-09              
        7.03552               0              
        7.03613               0              
        7.03674               0              
        7.03735     3.18319e-09              
        7.03796               0              
        7.03857     3.18319e-09              
        7.03918               0              
        7.03979               0              
        7.04041               0              
        7.04102               0              
        7.04163               0              
        7.04224               0              
        7.04285     9.54958e-09              
        7.04346               0              
        7.04407               0              
        7.04468     6.36639e-09              
        7.04529               0              
         7.0459     3.18319e-09              
        7.04651     3.18319e-09              
        7.04712     6.36639e-09              
        7.04773     3.18319e-09              
        7.04834               0              
        7.04895     3.18319e-09              
        7.04956               0              
        7.05017     3.18319e-09              
        7.05078               0              
        7.05139     3.18319e-09              
          7.052     6.36639e-09              
        7.05261               0              
        7.05322     9.54958e-09              
        7.05383               0              
        7.05444               0              
        7.05505               0              
        7.05566     3.18319e-09              
        7.05627     3.18319e-09              
        7.05688     3.18319e-09              
         7.0575               0              
        7.05811               0              
        7.05872               0              
        7.05933     3.18319e-09              
        7.05994     3.18319e-09              
        7.06055     3.18319e-09              
        7.06116               0              
        7.06177     3.18319e-09              
        7.06238               0              
        7.06299     6.36639e-09              
         7.0636               0              
        7.06421               0              
        7.06482     3.18319e-09              
        7.06543     6.36639e-09              
        7.06604               0              
        7.06665               0              
        7.06726               0              
        7.06787     6.36639e-09              
        7.06848     3.18319e-09              
        7.06909     3.18319e-09              
         7.0697               0              
        7.07031     3.18319e-09              
        7.07092               0              
        7.07153               0              
        7.07214               0              
        7.07275               0              
        7.07336     6.36639e-09              
        7.07397     6.36639e-09              
        7.07458               0              
         7.0752     6.36639e-09              
        7.07581               0              
        7.07642               0              
        7.07703     3.18319e-09              
        7.07764     3.18319e-09              
        7.07825     3.18319e-09              
        7.07886               0              
        7.07947               0              
        7.08008     3.18319e-09              
        7.08069     3.18319e-09              
         7.0813               0              
        7.08191               0              
        7.08252     3.18319e-09              
        7.08313               0              
        7.08374               0              
        7.08435     9.54958e-09              
        7.08496     3.18319e-09              
        7.08557     3.18319e-09              
        7.08618               0              
        7.08679               0              
         7.0874     6.36639e-09              
        7.08801     3.18319e-09              
        7.08862               0              
        7.08923     1.27328e-08              
        7.08984     3.18319e-09              
        7.09045     3.18319e-09              
        7.09106               0              
        7.09167               0              
        7.09229               0              
         7.0929               0              
        7.09351               0              
        7.09412               0              
        7.09473     6.36639e-09              
        7.09534               0              
        7.09595     3.18319e-09              
        7.09656     6.36639e-09              
        7.09717     3.18319e-09              
        7.09778               0              
        7.09839     3.18319e-09              
          7.099               0              
        7.09961               0              
        7.10022               0              
        7.10083     3.18319e-09              
        7.10144               0              
        7.10205     6.36639e-09              
        7.10266               0              
        7.10327     3.18319e-09              
        7.10388               0              
        7.10449     6.36639e-09              
         7.1051               0              
        7.10571     3.18319e-09              
        7.10632               0              
        7.10693     6.36639e-09              
        7.10754               0              
        7.10815               0              
        7.10876               0              
        7.10938     3.18319e-09              
        7.10999     3.18319e-09              
         7.1106     3.18319e-09              
        7.11121     6.36639e-09              
        7.11182               0              
        7.11243               0              
        7.11304     3.18319e-09              
        7.11365               0              
        7.11426               0              
        7.11487               0              
        7.11548               0              
        7.11609     6.36639e-09              
         7.1167               0              
        7.11731               0              
        7.11792               0              
        7.11853     3.18319e-09              
        7.11914               0              
        7.11975     3.18319e-09              
        7.12036               0              
        7.12097               0              
        7.12158               0              
        7.12219     3.18319e-09              
         7.1228     3.18319e-09              
        7.12341     3.18319e-09              
        7.12402     3.18319e-09              
        7.12463               0              
        7.12524               0              
        7.12585     3.18319e-09              
        7.12646     3.18319e-09              
        7.12708               0              
        7.12769     3.18319e-09              
         7.1283     3.18319e-09              
        7.12891     3.18319e-09              
        7.12952     3.18319e-09              
        7.13013               0              
        7.13074               0              
        7.13135               0              
        7.13196     3.18319e-09              
        7.13257               0              
        7.13318     3.18319e-09              
        7.13379               0              
         7.1344               0              
        7.13501               0              
        7.13562     3.18319e-09              
        7.13623               0              
        7.13684     6.36639e-09              
        7.13745               0              
        7.13806               0              
        7.13867               0              
        7.13928               0              
        7.13989     6.36639e-09              
         7.1405     3.18319e-09              
        7.14111     3.18319e-09              
        7.14172               0              
        7.14233     3.18319e-09              
        7.14294               0              
        7.14355     3.18319e-09              
        7.14417               0              
        7.14478               0              
        7.14539               0              
          7.146     3.18319e-09              
        7.14661     3.18319e-09              
        7.14722     3.18319e-09              
        7.14783               0              
        7.14844               0              
        7.14905               0              
        7.14966               0              
        7.15027     6.36639e-09              
        7.15088     3.18319e-09              
        7.15149     3.18319e-09              
         7.1521     3.18319e-09              
        7.15271               0              
        7.15332               0              
        7.15393     3.18319e-09              
        7.15454     3.18319e-09              
        7.15515     3.18319e-09              
        7.15576               0              
        7.15637     3.18319e-09              
        7.15698               0              
        7.15759               0              
         7.1582     3.18319e-09              
        7.15881     3.18319e-09              
        7.15942               0              
        7.16003     3.18319e-09              
        7.16064               0              
        7.16125     3.18319e-09              
        7.16187     6.36639e-09              
        7.16248               0              
        7.16309               0              
         7.1637               0              
        7.16431     3.18319e-09              
        7.16492     6.36639e-09              
        7.16553               0              
        7.16614     6.36639e-09              
        7.16675               0              
        7.16736               0              
        7.16797               0              
        7.16858               0              
        7.16919               0              
         7.1698               0              
        7.17041               0              
        7.17102     6.36639e-09              
        7.17163               0              
        7.17224               0              
        7.17285     3.18319e-09              
        7.17346               0              
        7.17407     3.18319e-09              
        7.17468               0              
        7.17529     6.36639e-09              
         7.1759               0              
        7.17651               0              
        7.17712               0              
        7.17773               0              
        7.17834               0              
        7.17896     3.18319e-09              
        7.17957     3.18319e-09              
        7.18018     6.36639e-09              
        7.18079               0              
         7.1814     3.18319e-09              
        7.18201               0              
        7.18262     6.36639e-09              
        7.18323     6.36639e-09              
        7.18384               0              
        7.18445     3.18319e-09              
        7.18506     6.36639e-09              
        7.18567               0              
        7.18628     3.18319e-09              
        7.18689     3.18319e-09              
         7.1875               0              
        7.18811     6.36639e-09              
        7.18872               0              
        7.18933               0              
        7.18994     3.18319e-09              
        7.19055               0              
        7.19116               0              
        7.19177               0              
        7.19238               0              
        7.19299     3.18319e-09              
         7.1936     3.18319e-09              
        7.19421               0              
        7.19482     3.18319e-09              
        7.19543               0              
        7.19604               0              
        7.19666               0              
        7.19727               0              
        7.19788     3.18319e-09              
        7.19849     3.18319e-09              
         7.1991               0              
        7.19971               0              
        7.20032     6.36639e-09              
        7.20093               0              
        7.20154     3.18319e-09              
        7.20215     6.36639e-09              
        7.20276               0              
        7.20337               0              
        7.20398     6.36639e-09              
        7.20459     6.36639e-09              
         7.2052     3.18319e-09              
        7.20581               0              
        7.20642     3.18319e-09              
        7.20703     3.18319e-09              
        7.20764               0              
        7.20825     6.36639e-09              
        7.20886               0              
        7.20947     3.18319e-09              
        7.21008     3.18319e-09              
        7.21069     3.18319e-09              
         7.2113     3.18319e-09              
        7.21191               0              
        7.21252               0              
        7.21313     3.18319e-09              
        7.21375               0              
        7.21436               0              
        7.21497     3.18319e-09              
        7.21558     3.18319e-09              
        7.21619     3.18319e-09              
         7.2168     3.18319e-09              
        7.21741     3.18319e-09              
        7.21802     3.18319e-09              
        7.21863     3.18319e-09              
        7.21924               0              
        7.21985     3.18319e-09              
        7.22046               0              
        7.22107     3.18319e-09              
        7.22168               0              
        7.22229               0              
         7.2229     3.18319e-09              
        7.22351     3.18319e-09              
        7.22412     3.18319e-09              
        7.22473               0              
        7.22534     3.18319e-09              
        7.22595     3.18319e-09              
        7.22656               0              
        7.22717               0              
        7.22778               0              
        7.22839               0              
          7.229     3.18319e-09              
        7.22961     3.18319e-09              
        7.23022     3.18319e-09              
        7.23083               0              
        7.23145     6.36639e-09              
        7.23206     3.18319e-09              
        7.23267               0              
        7.23328               0              
        7.23389     3.18319e-09              
         7.2345               0              
        7.23511               0              
        7.23572               0              
        7.23633               0              
        7.23694               0              
        7.23755     3.18319e-09              
        7.23816               0              
        7.23877               0              
        7.23938     9.54958e-09              
        7.23999               0              
         7.2406               0              
        7.24121     3.18319e-09              
        7.24182     6.36639e-09              
        7.24243               0              
        7.24304     6.36639e-09              
        7.24365               0              
        7.24426     3.18319e-09              
        7.24487               0              
        7.24548               0              
        7.24609               0              
         7.2467               0              
        7.24731     9.54958e-09              
        7.24792     3.18319e-09              
        7.24854     3.18319e-09              
        7.24915               0              
        7.24976               0              
        7.25037               0              
        7.25098     3.18319e-09              
        7.25159     3.18319e-09              
         7.2522               0              
        7.25281     6.36639e-09              
        7.25342     6.36639e-09              
        7.25403               0              
        7.25464     6.36639e-09              
        7.25525               0              
        7.25586               0              
        7.25647               0              
        7.25708               0              
        7.25769               0              
         7.2583     3.18319e-09              
        7.25891     6.36639e-09              
        7.25952     3.18319e-09              
        7.26013     3.18319e-09              
        7.26074     3.18319e-09              
        7.26135     3.18319e-09              
        7.26196               0              
        7.26257               0              
        7.26318     3.18319e-09              
        7.26379     3.18319e-09              
         7.2644               0              
        7.26501     3.18319e-09              
        7.26562     3.18319e-09              
        7.26624               0              
        7.26685     3.18319e-09              
        7.26746     6.36639e-09              
        7.26807     3.18319e-09              
        7.26868               0              
        7.26929     3.18319e-09              
         7.2699     3.18319e-09              
        7.27051               0              
        7.27112               0              
        7.27173               0              
        7.27234     6.36639e-09              
        7.27295     3.18319e-09              
        7.27356               0              
        7.27417     3.18319e-09              
        7.27478     3.18319e-09              
        7.27539     3.18319e-09              
          7.276               0              
        7.27661               0              
        7.27722               0              
        7.27783               0              
        7.27844               0              
        7.27905               0              
        7.27966               0              
        7.28027     3.18319e-09              
        7.28088               0              
        7.28149               0              
         7.2821     3.18319e-09              
        7.28271     3.18319e-09              
        7.28333               0              
        7.28394     3.18319e-09              
        7.28455     3.18319e-09              
        7.28516               0              
        7.28577     3.18319e-09              
        7.28638     3.18319e-09              
        7.28699               0              
         7.2876               0              
        7.28821     3.18319e-09              
        7.28882     3.18319e-09              
        7.28943     6.36639e-09              
        7.29004               0              
        7.29065               0              
        7.29126     6.36639e-09              
        7.29187     3.18319e-09              
        7.29248     6.36639e-09              
        7.29309     6.36639e-09              
         7.2937     3.18319e-09              
        7.29431               0              
        7.29492     6.36639e-09              
        7.29553     3.18319e-09              
        7.29614               0              
        7.29675               0              
        7.29736     3.18319e-09              
        7.29797               0              
        7.29858               0              
        7.29919     3.18319e-09              
         7.2998               0              
        7.30042               0              
        7.30103               0              
        7.30164     3.18319e-09              
        7.30225               0              
        7.30286               0              
        7.30347               0              
        7.30408     3.18319e-09              
        7.30469               0              
         7.3053               0              
        7.30591               0              
        7.30652               0              
        7.30713               0              
        7.30774     3.18319e-09              
        7.30835     3.18319e-09              
        7.30896               0              
        7.30957     6.36639e-09              
        7.31018     6.36639e-09              
        7.31079     3.18319e-09              
         7.3114               0              
        7.31201     3.18319e-09              
        7.31262     3.18319e-09              
        7.31323               0              
        7.31384     3.18319e-09              
        7.31445     3.18319e-09              
        7.31506     3.18319e-09              
        7.31567               0              
        7.31628     3.18319e-09              
        7.31689     3.18319e-09              
         7.3175     6.36639e-09              
        7.31812     6.36639e-09              
        7.31873     6.36639e-09              
        7.31934               0              
        7.31995     3.18319e-09              
        7.32056     3.18319e-09              
        7.32117               0              
        7.32178     3.18319e-09              
        7.32239     3.18319e-09              
          7.323               0              
        7.32361               0              
        7.32422               0              
        7.32483               0              
        7.32544     3.18319e-09              
        7.32605     3.18319e-09              
        7.32666               0              
        7.32727     3.18319e-09              
        7.32788     3.18319e-09              
        7.32849               0              
         7.3291               0              
        7.32971               0              
        7.33032     3.18319e-09              
        7.33093               0              
        7.33154     3.18319e-09              
        7.33215     3.18319e-09              
        7.33276     6.36639e-09              
        7.33337     3.18319e-09              
        7.33398               0              
        7.33459               0              
        7.33521     3.18319e-09              
        7.33582               0              
        7.33643               0              
        7.33704               0              
        7.33765     3.18319e-09              
        7.33826     3.18319e-09              
        7.33887               0              
        7.33948               0              
        7.34009     3.18319e-09              
         7.3407     3.18319e-09              
        7.34131               0              
        7.34192     6.36639e-09              
        7.34253     3.18319e-09              
        7.34314     9.54958e-09              
        7.34375               0              
        7.34436     3.18319e-09              
        7.34497               0              
        7.34558     6.36639e-09              
        7.34619               0              
         7.3468               0              
        7.34741               0              
        7.34802     3.18319e-09              
        7.34863               0              
        7.34924               0              
        7.34985               0              
        7.35046     3.18319e-09              
        7.35107               0              
        7.35168               0              
        7.35229     3.18319e-09              
        7.35291     9.54958e-09              
        7.35352               0              
        7.35413               0              
        7.35474               0              
        7.35535               0              
        7.35596               0              
        7.35657               0              
        7.35718     6.36639e-09              
        7.35779     3.18319e-09              
         7.3584               0              
        7.35901     6.36639e-09              
        7.35962     3.18319e-09              
        7.36023     6.36639e-09              
        7.36084               0              
        7.36145               0              
        7.36206     3.18319e-09              
        7.36267     3.18319e-09              
        7.36328               0              
        7.36389     3.18319e-09              
         7.3645               0              
        7.36511               0              
        7.36572               0              
        7.36633     3.18319e-09              
        7.36694     3.18319e-09              
        7.36755               0              
        7.36816               0              
        7.36877     3.18319e-09              
        7.36938     3.18319e-09              
           7.37     3.18319e-09              
        7.37061               0              
        7.37122     3.18319e-09              
        7.37183               0              
        7.37244               0              
        7.37305     3.18319e-09              
        7.37366               0              
        7.37427               0              
        7.37488               0              
        7.37549               0              
         7.3761               0              
        7.37671     3.18319e-09              
        7.37732     3.18319e-09              
        7.37793               0              
        7.37854     9.54958e-09              
        7.37915               0              
        7.37976     6.36639e-09              
        7.38037               0              
        7.38098               0              
        7.38159               0              
         7.3822               0              
        7.38281               0              
        7.38342     6.36639e-09              
        7.38403               0              
        7.38464               0              
        7.38525               0              
        7.38586     3.18319e-09              
        7.38647               0              
        7.38708               0              
         7.3877               0              
        7.38831               0              
        7.38892               0              
        7.38953     3.18319e-09              
        7.39014               0              
        7.39075               0              
        7.39136               0              
        7.39197     6.36639e-09              
        7.39258               0              
        7.39319               0              
         7.3938     3.18319e-09              
        7.39441               0              
        7.39502               0              
        7.39563               0              
        7.39624     3.18319e-09              
        7.39685     3.18319e-09              
        7.39746               0              
        7.39807               0              
        7.39868               0              
        7.39929               0              
         7.3999               0              
        7.40051               0              
        7.40112     3.18319e-09              
        7.40173     6.36639e-09              
        7.40234     3.18319e-09              
        7.40295     3.18319e-09              
        7.40356               0              
        7.40417     9.54958e-09              
        7.40479     3.18319e-09              
         7.4054     3.18319e-09              
        7.40601     3.18319e-09              
        7.40662     3.18319e-09              
        7.40723     6.36639e-09              
        7.40784               0              
        7.40845     6.36639e-09              
        7.40906               0              
        7.40967     3.18319e-09              
        7.41028     6.36639e-09              
        7.41089     6.36639e-09              
         7.4115               0              
        7.41211     3.18319e-09              
        7.41272     3.18319e-09              
        7.41333     6.36639e-09              
        7.41394      3.6925e-07              
        7.41455               0              
        7.41516               0              
        7.41577               0              
        7.41638     3.18319e-09              
        7.41699               0              
         7.4176     6.36639e-09              
        7.41821               0              
        7.41882               0              
        7.41943     3.18319e-09              
        7.42004               0              
        7.42065               0              
        7.42126     3.18319e-09              
        7.42188     3.18319e-09              
        7.42249               0              
         7.4231     6.36639e-09              
        7.42371               0              
        7.42432               0              
        7.42493     3.18319e-09              
        7.42554               0              
        7.42615               0              
        7.42676     3.18319e-09              
        7.42737     3.18319e-09              
        7.42798               0              
        7.42859               0              
         7.4292               0              
        7.42981     6.36639e-09              
        7.43042     3.18319e-09              
        7.43103     3.18319e-09              
        7.43164               0              
        7.43225     3.18319e-09              
        7.43286               0              
        7.43347               0              
        7.43408               0              
        7.43469               0              
         7.4353     3.18319e-09              
        7.43591     3.18319e-09              
        7.43652     6.36639e-09              
        7.43713     6.36639e-09              
        7.43774     6.36639e-09              
        7.43835     3.18319e-09              
        7.43896               0              
        7.43958               0              
        7.44019     3.18319e-09              
         7.4408               0              
        7.44141     3.18319e-09              
        7.44202     3.18319e-09              
        7.44263     3.18319e-09              
        7.44324     6.36639e-09              
        7.44385               0              
        7.44446     6.36639e-09              
        7.44507     3.18319e-09              
        7.44568     3.18319e-09              
        7.44629               0              
         7.4469               0              
        7.44751     3.18319e-09              
        7.44812     6.36639e-09              
        7.44873               0              
        7.44934               0              
        7.44995               0              
        7.45056     3.18319e-09              
        7.45117     3.18319e-09              
        7.45178               0              
        7.45239               0              
          7.453               0              
        7.45361     3.18319e-09              
        7.45422               0              
        7.45483     3.18319e-09              
        7.45544     3.18319e-09              
        7.45605               0              
        7.45667     3.18319e-09              
        7.45728     3.18319e-09              
        7.45789     3.18319e-09              
         7.4585     6.36639e-09              
        7.45911               0              
        7.45972               0              
        7.46033     3.18319e-09              
        7.46094               0              
        7.46155     3.18319e-09              
        7.46216     6.36639e-09              
        7.46277               0              
        7.46338               0              
        7.46399     3.18319e-09              
         7.4646               0              
        7.46521     3.18319e-09              
        7.46582     3.18319e-09              
        7.46643     6.36639e-09              
        7.46704               0              
        7.46765               0              
        7.46826     3.18319e-09              
        7.46887               0              
        7.46948               0              
        7.47009               0              
         7.4707     3.18319e-09              
        7.47131               0              
        7.47192               0              
        7.47253               0              
        7.47314     6.36639e-09              
        7.47375               0              
        7.47437               0              
        7.47498     3.18319e-09              
        7.47559               0              
         7.4762               0              
        7.47681     3.18319e-09              
        7.47742     3.18319e-09              
        7.47803               0              
        7.47864               0              
        7.47925               0              
        7.47986               0              
        7.48047               0              
        7.48108               0              
        7.48169               0              
         7.4823     3.18319e-09              
        7.48291     3.18319e-09              
        7.48352               0              
        7.48413     3.18319e-09              
        7.48474     3.18319e-09              
        7.48535     3.18319e-09              
        7.48596               0              
        7.48657     6.36639e-09              
        7.48718     6.36639e-09              
        7.48779     6.36639e-09              
         7.4884     3.18319e-09              
        7.48901               0              
        7.48962               0              
        7.49023     3.18319e-09              
        7.49084               0              
        7.49146     9.54958e-09              
        7.49207     3.18319e-09              
        7.49268               0              
        7.49329     3.18319e-09              
         7.4939               0              
        7.49451     3.18319e-09              
        7.49512     3.18319e-09              
        7.49573     3.18319e-09              
        7.49634     3.18319e-09              
        7.49695               0              
        7.49756     3.18319e-09              
        7.49817               0              
        7.49878               0              
        7.49939     3.18319e-09              
            7.5     3.18319e-09              
        7.50061     3.18319e-09              
        7.50122     3.18319e-09              
        7.50183     3.18319e-09              
        7.50244               0              
        7.50305     3.18319e-09              
        7.50366     9.54958e-09              
        7.50427     3.18319e-09              
        7.50488     3.18319e-09              
        7.50549     3.18319e-09              
         7.5061               0              
        7.50671     3.18319e-09              
        7.50732               0              
        7.50793               0              
        7.50854               0              
        7.50916     3.18319e-09              
        7.50977     3.18319e-09              
        7.51038               0              
        7.51099               0              
         7.5116               0              
        7.51221               0              
        7.51282     3.18319e-09              
        7.51343               0              
        7.51404               0              
        7.51465               0              
        7.51526               0              
        7.51587               0              
        7.51648               0              
        7.51709               0              
         7.5177     3.18319e-09              
        7.51831     3.18319e-09              
        7.51892               0              
        7.51953     3.18319e-09              
        7.52014               0              
        7.52075               0              
        7.52136               0              
        7.52197               0              
        7.52258               0              
        7.52319               0              
         7.5238     6.36639e-09              
        7.52441               0              
        7.52502     6.36639e-09              
        7.52563               0              
        7.52625               0              
        7.52686     3.18319e-09              
        7.52747               0              
        7.52808               0              
        7.52869     3.18319e-09              
         7.5293     3.18319e-09              
        7.52991     3.18319e-09              
        7.53052     6.36639e-09              
        7.53113               0              
        7.53174     3.18319e-09              
        7.53235     3.18319e-09              
        7.53296     3.18319e-09              
        7.53357               0              
        7.53418     3.18319e-09              
        7.53479     6.36639e-09              
         7.5354               0              
        7.53601     6.36639e-09              
        7.53662               0              
        7.53723               0              
        7.53784     6.36639e-09              
        7.53845               0              
        7.53906     9.54958e-09              
        7.53967     3.18319e-09              
        7.54028               0              
        7.54089               0              
         7.5415               0              
        7.54211     6.36639e-09              
        7.54272     6.36639e-09              
        7.54333     6.36639e-09              
        7.54395               0              
        7.54456               0              
        7.54517               0              
        7.54578     3.18319e-09              
        7.54639               0              
          7.547     3.18319e-09              
        7.54761               0              
        7.54822               0              
        7.54883               0              
        7.54944     3.18319e-09              
        7.55005               0              
        7.55066               0              
        7.55127     3.18319e-09              
        7.55188     9.54958e-09              
        7.55249               0              
         7.5531               0              
        7.55371               0              
        7.55432               0              
        7.55493               0              
        7.55554               0              
        7.55615               0              
        7.55676               0              
        7.55737               0              
        7.55798     3.18319e-09              
        7.55859     3.18319e-09              
         7.5592     3.18319e-09              
        7.55981               0              
        7.56042               0              
        7.56104     6.36639e-09              
        7.56165     3.18319e-09              
        7.56226     3.18319e-09              
        7.56287     3.18319e-09              
        7.56348     3.18319e-09              
        7.56409               0              
         7.5647               0              
        7.56531               0              
        7.56592               0              
        7.56653     3.18319e-09              
        7.56714     3.18319e-09              
        7.56775     3.18319e-09              
        7.56836     6.36639e-09              
        7.56897               0              
        7.56958               0              
        7.57019     6.36639e-09              
         7.5708               0              
        7.57141     3.18319e-09              
        7.57202     6.36639e-09              
        7.57263     3.18319e-09              
        7.57324               0              
        7.57385     3.18319e-09              
        7.57446               0              
        7.57507               0              
        7.57568               0              
        7.57629               0              
         7.5769     3.18319e-09              
        7.57751     3.18319e-09              
        7.57812               0              
        7.57874               0              
        7.57935     6.36639e-09              
        7.57996               0              
        7.58057               0              
        7.58118     3.18319e-09              
        7.58179               0              
         7.5824               0              
        7.58301               0              
        7.58362     3.18319e-09              
        7.58423               0              
        7.58484               0              
        7.58545     3.18319e-09              
        7.58606               0              
        7.58667     3.18319e-09              
        7.58728               0              
        7.58789     3.18319e-09              
         7.5885     9.54958e-09              
        7.58911     3.18319e-09              
        7.58972               0              
        7.59033     3.18319e-09              
        7.59094     3.18319e-09              
        7.59155               0              
        7.59216               0              
        7.59277     6.36639e-09              
        7.59338               0              
        7.59399               0              
         7.5946     3.18319e-09              
        7.59521     6.36639e-09              
        7.59583     3.18319e-09              
        7.59644     3.18319e-09              
        7.59705               0              
        7.59766     3.18319e-09              
        7.59827     3.18319e-09              
        7.59888     3.18319e-09              
        7.59949     6.36639e-09              
         7.6001               0              
        7.60071     3.18319e-09              
        7.60132     3.18319e-09              
        7.60193               0              
        7.60254     3.18319e-09              
        7.60315               0              
        7.60376     3.18319e-09              
        7.60437     9.54958e-09              
        7.60498     3.18319e-09              
        7.60559               0              
         7.6062               0              
        7.60681     3.18319e-09              
        7.60742               0              
        7.60803               0              
        7.60864     3.18319e-09              
        7.60925               0              
        7.60986     9.54958e-09              
        7.61047               0              
        7.61108     9.54958e-09              
        7.61169               0              
         7.6123               0              
        7.61292     3.18319e-09              
        7.61353     3.18319e-09              
        7.61414               0              
        7.61475               0              
        7.61536     3.18319e-09              
        7.61597               0              
        7.61658     3.18319e-09              
        7.61719     6.36639e-09              
         7.6178               0              
        7.61841               0              
        7.61902     6.36639e-09              
        7.61963               0              
        7.62024               0              
        7.62085               0              
        7.62146     3.18319e-09              
        7.62207     3.18319e-09              
        7.62268               0              
        7.62329               0              
         7.6239     3.18319e-09              
        7.62451     6.36639e-09              
        7.62512     3.18319e-09              
        7.62573               0              
        7.62634     3.18319e-09              
        7.62695     3.18319e-09              
        7.62756               0              
        7.62817     9.54958e-09              
        7.62878               0              
        7.62939     3.18319e-09              
           7.63     3.18319e-09              
        7.63062               0              
        7.63123               0              
        7.63184               0              
        7.63245               0              
        7.63306     3.18319e-09              
        7.63367     3.18319e-09              
        7.63428               0              
        7.63489               0              
         7.6355     3.18319e-09              
        7.63611     3.18319e-09              
        7.63672               0              
        7.63733               0              
        7.63794               0              
        7.63855               0              
        7.63916               0              
        7.63977     3.18319e-09              
        7.64038     3.18319e-09              
        7.64099               0              
         7.6416     3.18319e-09              
        7.64221               0              
        7.64282               0              
        7.64343     3.18319e-09              
        7.64404               0              
        7.64465               0              
        7.64526     6.36639e-09              
        7.64587               0              
        7.64648               0              
        7.64709               0              
        7.64771               0              
        7.64832               0              
        7.64893     3.18319e-09              
        7.64954     3.18319e-09              
        7.65015               0              
        7.65076               0              
        7.65137     3.18319e-09              
        7.65198               0              
        7.65259     3.18319e-09              
         7.6532               0              
        7.65381               0              
        7.65442     3.18319e-09              
        7.65503     6.36639e-09              
        7.65564               0              
        7.65625               0              
        7.65686     9.54958e-09              
        7.65747               0              
        7.65808               0              
        7.65869               0              
         7.6593               0              
        7.65991     6.36639e-09              
        7.66052               0              
        7.66113               0              
        7.66174               0              
        7.66235               0              
        7.66296               0              
        7.66357               0              
        7.66418               0              
        7.66479               0              
        7.66541     3.18319e-09              
        7.66602     3.18319e-09              
        7.66663               0              
        7.66724     3.18319e-09              
        7.66785     3.18319e-09              
        7.66846     3.18319e-09              
        7.66907               0              
        7.66968     3.18319e-09              
        7.67029               0              
         7.6709               0              
        7.67151               0              
        7.67212     3.18319e-09              
        7.67273     3.18319e-09              
        7.67334               0              
        7.67395     3.18319e-09              
        7.67456     3.18319e-09              
        7.67517     6.36639e-09              
        7.67578               0              
        7.67639               0              
          7.677               0              
        7.67761               0              
        7.67822               0              
        7.67883               0              
        7.67944     3.18319e-09              
        7.68005               0              
        7.68066     3.18319e-09              
        7.68127     3.18319e-09              
        7.68188     3.18319e-09              
         7.6825               0              
        7.68311               0              
        7.68372               0              
        7.68433               0              
        7.68494               0              
        7.68555               0              
        7.68616               0              
        7.68677               0              
        7.68738               0              
        7.68799     3.18319e-09              
         7.6886     6.36639e-09              
        7.68921     3.18319e-09              
        7.68982               0              
        7.69043     6.36639e-09              
        7.69104               0              
        7.69165               0              
        7.69226     3.18319e-09              
        7.69287               0              
        7.69348               0              
        7.69409     3.18319e-09              
         7.6947               0              
        7.69531     3.18319e-09              
        7.69592               0              
        7.69653               0              
        7.69714               0              
        7.69775     6.36639e-09              
        7.69836     3.18319e-09              
        7.69897               0              
        7.69958               0              
         7.7002     3.18319e-09              
        7.70081     3.18319e-09              
        7.70142               0              
        7.70203               0              
        7.70264     3.18319e-09              
        7.70325     3.18319e-09              
        7.70386     3.18319e-09              
        7.70447               0              
        7.70508     3.18319e-09              
        7.70569               0              
         7.7063               0              
        7.70691               0              
        7.70752               0              
        7.70813               0              
        7.70874     3.18319e-09              
        7.70935               0              
        7.70996     3.18319e-09              
        7.71057               0              
        7.71118     6.36639e-09              
        7.71179               0              
         7.7124     3.18319e-09              
        7.71301               0              
        7.71362               0              
        7.71423               0              
        7.71484               0              
        7.71545               0              
        7.71606     3.18319e-09              
        7.71667     3.18319e-09              
        7.71729     3.18319e-09              
         7.7179               0              
        7.71851               0              
        7.71912     3.18319e-09              
        7.71973               0              
        7.72034               0              
        7.72095               0              
        7.72156               0              
        7.72217               0              
        7.72278     6.36639e-09              
        7.72339     3.18319e-09              
          7.724               0              
        7.72461               0              
        7.72522               0              
        7.72583     3.18319e-09              
        7.72644               0              
        7.72705     3.18319e-09              
        7.72766     3.18319e-09              
        7.72827               0              
        7.72888     3.18319e-09              
        7.72949               0              
         7.7301               0              
        7.73071               0              
        7.73132     6.36639e-09              
        7.73193               0              
        7.73254               0              
        7.73315               0              
        7.73376               0              
        7.73438     3.18319e-09              
        7.73499     3.18319e-09              
         7.7356               0              
        7.73621     3.18319e-09              
        7.73682               0              
        7.73743     3.18319e-09              
        7.73804               0              
        7.73865               0              
        7.73926               0              
        7.73987               0              
        7.74048               0              
        7.74109               0              
         7.7417               0              
        7.74231               0              
        7.74292               0              
        7.74353     6.36639e-09              
        7.74414               0              
        7.74475     3.18319e-09              
        7.74536     6.36639e-09              
        7.74597     3.18319e-09              
        7.74658               0              
        7.74719               0              
         7.7478               0              
        7.74841               0              
        7.74902     3.18319e-09              
        7.74963               0              
        7.75024     6.36639e-09              
        7.75085               0              
        7.75146     3.18319e-09              
        7.75208               0              
        7.75269     3.18319e-09              
         7.7533               0              
        7.75391               0              
        7.75452     3.18319e-09              
        7.75513     3.18319e-09              
        7.75574     3.18319e-09              
        7.75635               0              
        7.75696               0              
        7.75757               0              
        7.75818     3.18319e-09              
        7.75879     3.18319e-09              
         7.7594               0              
        7.76001     6.36639e-09              
        7.76062               0              
        7.76123               0              
        7.76184     3.18319e-09              
        7.76245               0              
        7.76306               0              
        7.76367     6.36639e-09              
        7.76428     3.18319e-09              
        7.76489     3.18319e-09              
         7.7655               0              
        7.76611     3.18319e-09              
        7.76672     3.18319e-09              
        7.76733     6.36639e-09              
        7.76794               0              
        7.76855     3.18319e-09              
        7.76917               0              
        7.76978               0              
        7.77039     3.18319e-09              
          7.771               0              
        7.77161               0              
        7.77222     6.36639e-09              
        7.77283     3.18319e-09              
        7.77344     3.18319e-09              
        7.77405     3.18319e-09              
        7.77466               0              
        7.77527               0              
        7.77588               0              
        7.77649               0              
         7.7771               0              
        7.77771     3.18319e-09              
        7.77832     3.18319e-09              
        7.77893               0              
        7.77954               0              
        7.78015     3.18319e-09              
        7.78076     3.18319e-09              
        7.78137     3.18319e-09              
        7.78198     3.18319e-09              
        7.78259     3.18319e-09              
         7.7832               0              
        7.78381               0              
        7.78442               0              
        7.78503               0              
        7.78564     3.18319e-09              
        7.78625     3.18319e-09              
        7.78687               0              
        7.78748     3.18319e-09              
        7.78809               0              
         7.7887     3.18319e-09              
        7.78931     3.18319e-09              
        7.78992     3.31052e-07              
        7.79053     3.18319e-09              
        7.79114               0              
        7.79175               0              
        7.79236     3.18319e-09              
        7.79297               0              
        7.79358     3.18319e-09              
        7.79419     3.18319e-09              
         7.7948               0              
        7.79541               0              
        7.79602               0              
        7.79663               0              
        7.79724     3.18319e-09              
        7.79785               0              
        7.79846               0              
        7.79907               0              
        7.79968               0              
        7.80029     3.18319e-09              
         7.8009               0              
        7.80151               0              
        7.80212     3.18319e-09              
        7.80273               0              
        7.80334               0              
        7.80396               0              
        7.80457               0              
        7.80518     3.18319e-09              
        7.80579               0              
         7.8064               0              
        7.80701     6.36639e-09              
        7.80762     3.18319e-09              
        7.80823               0              
        7.80884               0              
        7.80945               0              
        7.81006     3.18319e-09              
        7.81067               0              
        7.81128               0              
        7.81189     6.36639e-09              
         7.8125               0              
        7.81311     3.18319e-09              
        7.81372               0              
        7.81433     3.18319e-09              
        7.81494               0              
        7.81555     3.18319e-09              
        7.81616               0              
        7.81677               0              
        7.81738               0              
        7.81799     3.18319e-09              
         7.8186     3.18319e-09              
        7.81921               0              
        7.81982               0              
        7.82043     6.36639e-09              
        7.82104     3.18319e-09              
        7.82166               0              
        7.82227     3.18319e-09              
        7.82288               0              
        7.82349               0              
         7.8241     3.18319e-09              
        7.82471               0              
        7.82532               0              
        7.82593     3.18319e-09              
        7.82654     6.36639e-09              
        7.82715               0              
        7.82776               0              
        7.82837               0              
        7.82898     3.18319e-09              
        7.82959               0              
         7.8302     3.18319e-09              
        7.83081     3.18319e-09              
        7.83142     3.18319e-09              
        7.83203               0              
        7.83264               0              
        7.83325     3.18319e-09              
        7.83386               0              
        7.83447               0              
        7.83508               0              
        7.83569               0              
         7.8363               0              
        7.83691     6.36639e-09              
        7.83752               0              
        7.83813     6.36639e-09              
        7.83875     3.18319e-09              
        7.83936               0              
        7.83997               0              
        7.84058               0              
        7.84119               0              
         7.8418     3.18319e-09              
        7.84241     3.18319e-09              
        7.84302               0              
        7.84363               0              
        7.84424     3.18319e-09              
        7.84485     3.18319e-09              
        7.84546               0              
        7.84607     3.18319e-09              
        7.84668     3.18319e-09              
        7.84729               0              
         7.8479     3.18319e-09              
        7.84851               0              
        7.84912               0              
        7.84973     3.18319e-09              
        7.85034               0              
        7.85095               0              
        7.85156               0              
        7.85217               0              
        7.85278     6.36639e-09              
        7.85339     6.36639e-09              
          7.854     3.18319e-09              
        7.85461     3.18319e-09              
        7.85522               0              
        7.85583               0              
        7.85645               0              
        7.85706               0              
        7.85767               0              
        7.85828     3.18319e-09              
        7.85889     6.36639e-09              
         7.8595               0              
        7.86011     3.18319e-09              
        7.86072               0              
        7.86133     3.18319e-09              
        7.86194     3.18319e-09              
        7.86255               0              
        7.86316               0              
        7.86377     6.36639e-09              
        7.86438               0              
        7.86499               0              
         7.8656     3.18319e-09              
        7.86621     3.18319e-09              
        7.86682               0              
        7.86743     3.18319e-09              
        7.86804     3.18319e-09              
        7.86865               0              
        7.86926     6.36639e-09              
        7.86987     3.18319e-09              
        7.87048     3.18319e-09              
        7.87109               0              
         7.8717     3.18319e-09              
        7.87231               0              
        7.87292     3.18319e-09              
        7.87354               0              
        7.87415               0              
        7.87476               0              
        7.87537     3.18319e-09              
        7.87598     3.18319e-09              
        7.87659               0              
         7.8772     3.18319e-09              
        7.87781               0              
        7.87842     3.18319e-09              
        7.87903               0              
        7.87964     3.18319e-09              
        7.88025     3.18319e-09              
        7.88086               0              
        7.88147               0              
        7.88208     6.36639e-09              
        7.88269     9.54958e-09              
         7.8833     3.18319e-09              
        7.88391               0              
        7.88452               0              
        7.88513               0              
        7.88574     3.18319e-09              
        7.88635               0              
        7.88696               0              
        7.88757               0              
        7.88818               0              
        7.88879               0              
         7.8894               0              
        7.89001               0              
        7.89062               0              
        7.89124     3.18319e-09              
        7.89185               0              
        7.89246               0              
        7.89307     3.18319e-09              
        7.89368     6.36639e-09              
        7.89429     3.18319e-09              
         7.8949     3.18319e-09              
        7.89551               0              
        7.89612               0              
        7.89673               0              
        7.89734               0              
        7.89795     3.18319e-09              
        7.89856     3.18319e-09              
        7.89917     6.36639e-09              
        7.89978     3.18319e-09              
        7.90039               0              
          7.901     3.18319e-09              
        7.90161               0              
        7.90222     3.18319e-09              
        7.90283     3.18319e-09              
        7.90344     3.18319e-09              
        7.90405               0              
        7.90466               0              
        7.90527               0              
        7.90588               0              
        7.90649               0              
         7.9071               0              
        7.90771               0              
        7.90833     9.54958e-09              
        7.90894     3.18319e-09              
        7.90955               0              
        7.91016               0              
        7.91077               0              
        7.91138               0              
        7.91199               0              
         7.9126     6.36639e-09              
        7.91321     3.18319e-09              
        7.91382     3.18319e-09              
        7.91443     3.18319e-09              
        7.91504               0              
        7.91565     3.18319e-09              
        7.91626               0              
        7.91687     3.18319e-09              
        7.91748     1.27328e-08              
        7.91809               0              
         7.9187               0              
        7.91931               0              
        7.91992               0              
        7.92053               0              
        7.92114               0              
        7.92175     3.18319e-09              
        7.92236               0              
        7.92297     3.18319e-09              
        7.92358               0              
        7.92419               0              
         7.9248               0              
        7.92542               0              
        7.92603               0              
        7.92664     3.18319e-09              
        7.92725     3.18319e-09              
        7.92786               0              
        7.92847               0              
        7.92908               0              
        7.92969               0              
         7.9303               0              
        7.93091     3.18319e-09              
        7.93152               0              
        7.93213     3.18319e-09              
        7.93274               0              
        7.93335               0              
        7.93396               0              
        7.93457               0              
        7.93518               0              
        7.93579     3.18319e-09              
         7.9364               0              
        7.93701     3.18319e-09              
        7.93762               0              
        7.93823               0              
        7.93884               0              
        7.93945               0              
        7.94006     3.18319e-09              
        7.94067               0              
        7.94128               0              
        7.94189     3.18319e-09              
         7.9425               0              
        7.94312               0              
        7.94373               0              
        7.94434               0              
        7.94495     3.18319e-09              
        7.94556               0              
        7.94617               0              
        7.94678     6.36639e-09              
        7.94739     3.18319e-09              
          7.948     3.18319e-09              
        7.94861     3.18319e-09              
        7.94922               0              
        7.94983               0              
        7.95044     3.18319e-09              
        7.95105               0              
        7.95166               0              
        7.95227               0              
        7.95288               0              
        7.95349     3.18319e-09              
         7.9541     3.18319e-09              
        7.95471               0              
        7.95532               0              
        7.95593               0              
        7.95654     3.18319e-09              
        7.95715     3.18319e-09              
        7.95776     3.18319e-09              
        7.95837               0              
        7.95898               0              
        7.95959     3.18319e-09              
        7.96021     6.36639e-09              
        7.96082               0              
        7.96143               0              
        7.96204               0              
        7.96265               0              
        7.96326               0              
        7.96387               0              
        7.96448               0              
        7.96509               0              
         7.9657               0              
        7.96631     3.18319e-09              
        7.96692               0              
        7.96753     3.18319e-09              
        7.96814     6.36639e-09              
        7.96875               0              
        7.96936               0              
        7.96997     9.54958e-09              
        7.97058     3.18319e-09              
        7.97119               0              
         7.9718     3.18319e-09              
        7.97241               0              
        7.97302     3.18319e-09              
        7.97363     3.18319e-09              
        7.97424     3.18319e-09              
        7.97485               0              
        7.97546               0              
        7.97607               0              
        7.97668     3.18319e-09              
        7.97729     3.18319e-09              
        7.97791               0              
        7.97852               0              
        7.97913               0              
        7.97974               0              
        7.98035     3.18319e-09              
        7.98096               0              
        7.98157     3.18319e-09              
        7.98218               0              
        7.98279     6.36639e-09              
         7.9834     6.36639e-09              
        7.98401     3.18319e-09              
        7.98462     3.18319e-09              
        7.98523               0              
        7.98584               0              
        7.98645               0              
        7.98706     3.18319e-09              
        7.98767     3.18319e-09              
        7.98828     3.18319e-09              
        7.98889               0              
         7.9895               0              
        7.99011     6.36639e-09              
        7.99072               0              
        7.99133               0              
        7.99194               0              
        7.99255               0              
        7.99316               0              
        7.99377     3.18319e-09              
        7.99438     3.18319e-09              
          7.995     3.18319e-09              
        7.99561     6.36639e-09              
        7.99622     6.36639e-09              
        7.99683               0              
        7.99744               0              
