        1.99951     3.18319e-09              
        2.00012     6.36639e-09              
        2.00073     6.36639e-09              
        2.00134     1.27328e-08              
        2.00195     1.27328e-08              
        2.00256               0              
        2.00317     9.54958e-09              
        2.00378     6.36639e-09              
        2.00439     3.18319e-09              
          2.005               0              
        2.00562     3.18319e-09              
        2.00623     3.18319e-09              
        2.00684     1.27328e-08              
        2.00745     6.36639e-09              
        2.00806     1.27328e-08              
        2.00867     9.54958e-09              
        2.00928     9.54958e-09              
        2.00989     1.27328e-08              
         2.0105     1.27328e-08              
        2.01111     3.18319e-09              
        2.01172     6.36639e-09              
        2.01233               0              
        2.01294     9.54958e-09              
        2.01355     9.54958e-09              
        2.01416     3.18319e-09              
        2.01477     3.18319e-09              
        2.01538     9.54958e-09              
        2.01599     6.36639e-09              
         2.0166     6.36639e-09              
        2.01721     9.54958e-09              
        2.01782     6.36639e-09              
        2.01843     3.18319e-09              
        2.01904     2.22823e-08              
        2.01965     9.54958e-09              
        2.02026     6.36639e-09              
        2.02087     9.54958e-09              
        2.02148     2.22823e-08              
        2.02209     1.90992e-08              
        2.02271     3.18319e-09              
        2.02332     6.36639e-09              
        2.02393     1.27328e-08              
        2.02454     1.27328e-08              
        2.02515     6.36639e-09              
        2.02576     1.27328e-08              
        2.02637     3.18319e-09              
        2.02698               0              
        2.02759     9.54958e-09              
         2.0282               0              
        2.02881     6.36639e-09              
        2.02942     6.36639e-09              
        2.03003     6.36639e-09              
        2.03064     6.36639e-09              
        2.03125     9.54958e-09              
        2.03186     1.27328e-08              
        2.03247     6.36639e-09              
        2.03308     9.54958e-09              
        2.03369     6.36639e-09              
         2.0343     6.36639e-09              
        2.03491     9.54958e-09              
        2.03552     6.36639e-09              
        2.03613     9.54958e-09              
        2.03674     6.36639e-09              
        2.03735      1.5916e-08              
        2.03796     9.54958e-09              
        2.03857     6.36639e-09              
        2.03918     6.36639e-09              
        2.03979     9.54958e-09              
        2.04041               0              
        2.04102     1.90992e-08              
        2.04163     9.54958e-09              
        2.04224     3.18319e-09              
        2.04285     6.36639e-09              
        2.04346     6.36639e-09              
        2.04407               0              
        2.04468     1.27328e-08              
        2.04529     6.36639e-09              
         2.0459     6.36639e-09              
        2.04651     1.27328e-08              
        2.04712     9.54958e-09              
        2.04773               0              
        2.04834     3.18319e-09              
        2.04895     1.27328e-08              
        2.04956               0              
        2.05017     3.18319e-09              
        2.05078     3.18319e-09              
        2.05139     9.54958e-09              
          2.052     9.54958e-09              
        2.05261     9.54958e-09              
        2.05322     3.18319e-09              
        2.05383     1.90992e-08              
        2.05444     9.54958e-09              
        2.05505     3.18319e-09              
        2.05566     9.54958e-09              
        2.05627     3.18319e-09              
        2.05688               0              
         2.0575     3.18319e-09              
        2.05811               0              
        2.05872     6.36639e-09              
        2.05933     3.18319e-09              
        2.05994     6.36639e-09              
        2.06055      1.5916e-08              
        2.06116     9.54958e-09              
        2.06177     6.36639e-09              
        2.06238     1.27328e-08              
        2.06299     3.18319e-09              
         2.0636     6.36639e-09              
        2.06421     9.54958e-09              
        2.06482     1.27328e-08              
        2.06543     9.54958e-09              
        2.06604     6.36639e-09              
        2.06665               0              
        2.06726     3.18319e-09              
        2.06787     3.18319e-09              
        2.06848     9.54958e-09              
        2.06909               0              
         2.0697     6.36639e-09              
        2.07031     6.36639e-09              
        2.07092     6.36639e-09              
        2.07153     9.54958e-09              
        2.07214     3.18319e-09              
        2.07275     6.36639e-09              
        2.07336     6.36639e-09              
        2.07397     6.36639e-09              
        2.07458     3.18319e-09              
         2.0752     9.54958e-09              
        2.07581               0              
        2.07642     9.54958e-09              
        2.07703     3.18319e-09              
        2.07764     9.54958e-09              
        2.07825     3.18319e-09              
        2.07886     6.36639e-09              
        2.07947     6.36639e-09              
        2.08008     1.27328e-08              
        2.08069     6.36639e-09              
         2.0813     3.18319e-09              
        2.08191               0              
        2.08252     3.18319e-09              
        2.08313     3.18319e-09              
        2.08374     6.36639e-09              
        2.08435     6.36639e-09              
        2.08496     6.36639e-09              
        2.08557     9.54958e-09              
        2.08618               0              
        2.08679     3.18319e-09              
         2.0874               0              
        2.08801     6.36639e-09              
        2.08862     1.27328e-08              
        2.08923     9.54958e-09              
        2.08984      1.5916e-08              
        2.09045     1.90992e-08              
        2.09106     1.27328e-08              
        2.09167     3.18319e-09              
        2.09229     9.54958e-09              
         2.0929     3.18319e-09              
        2.09351     2.22823e-08              
        2.09412     6.36639e-09              
        2.09473     6.36639e-09              
        2.09534               0              
        2.09595     3.18319e-09              
        2.09656     6.36639e-09              
        2.09717               0              
        2.09778     3.18319e-09              
        2.09839     3.18319e-09              
          2.099     6.36639e-09              
        2.09961     1.90992e-08              
        2.10022     9.54958e-09              
        2.10083               0              
        2.10144     3.18319e-09              
        2.10205     9.54958e-09              
        2.10266     6.36639e-09              
        2.10327     6.36639e-09              
        2.10388     6.36639e-09              
        2.10449               0              
         2.1051     3.18319e-09              
        2.10571     6.36639e-09              
        2.10632     9.54958e-09              
        2.10693     6.36639e-09              
        2.10754     3.18319e-09              
        2.10815     9.54958e-09              
        2.10876     9.54958e-09              
        2.10938               0              
        2.10999     1.27328e-08              
         2.1106     6.36639e-09              
        2.11121     1.27328e-08              
        2.11182     3.18319e-09              
        2.11243     3.18319e-09              
        2.11304     9.54958e-09              
        2.11365     3.18319e-09              
        2.11426               0              
        2.11487               0              
        2.11548     2.86487e-08              
        2.11609     9.54958e-09              
         2.1167     6.36639e-09              
        2.11731     6.36639e-09              
        2.11792     1.27328e-08              
        2.11853     3.18319e-09              
        2.11914     1.90992e-08              
        2.11975               0              
        2.12036     6.36639e-09              
        2.12097               0              
        2.12158     6.36639e-09              
        2.12219     3.18319e-09              
         2.1228     6.36639e-09              
        2.12341     1.90992e-08              
        2.12402     6.36639e-09              
        2.12463     6.36639e-09              
        2.12524     9.54958e-09              
        2.12585     1.27328e-08              
        2.12646     2.22823e-08              
        2.12708     6.36639e-09              
        2.12769               0              
         2.1283      1.5916e-08              
        2.12891     9.54958e-09              
        2.12952     9.54958e-09              
        2.13013     1.27328e-08              
        2.13074     6.36639e-09              
        2.13135               0              
        2.13196     6.36639e-09              
        2.13257     9.54958e-09              
        2.13318     3.18319e-09              
        2.13379     6.36639e-09              
         2.1344      1.5916e-08              
        2.13501     9.54958e-09              
        2.13562      1.5916e-08              
        2.13623     3.18319e-09              
        2.13684     1.27328e-08              
        2.13745     1.27328e-08              
        2.13806     3.18319e-09              
        2.13867     6.36639e-09              
        2.13928     6.36639e-09              
        2.13989               0              
         2.1405               0              
        2.14111     9.54958e-09              
        2.14172     3.18319e-09              
        2.14233               0              
        2.14294               0              
        2.14355     3.18319e-09              
        2.14417     6.36639e-09              
        2.14478               0              
        2.14539     6.36639e-09              
          2.146     1.27328e-08              
        2.14661     9.54958e-09              
        2.14722     1.27328e-08              
        2.14783               0              
        2.14844     6.36639e-09              
        2.14905     6.36639e-09              
        2.14966               0              
        2.15027     9.54958e-09              
        2.15088      1.5916e-08              
        2.15149               0              
         2.1521     3.18319e-09              
        2.15271     3.18319e-09              
        2.15332               0              
        2.15393     3.18319e-09              
        2.15454     6.36639e-09              
        2.15515     3.18319e-09              
        2.15576     9.54958e-09              
        2.15637     6.36639e-09              
        2.15698     9.54958e-09              
        2.15759      1.5916e-08              
         2.1582     9.54958e-09              
        2.15881      1.5916e-08              
        2.15942     6.36639e-09              
        2.16003     6.36639e-09              
        2.16064     3.18319e-09              
        2.16125     6.36639e-09              
        2.16187     6.36639e-09              
        2.16248     1.27328e-08              
        2.16309     3.18319e-09              
         2.1637     1.27328e-08              
        2.16431     2.22823e-08              
        2.16492     1.27328e-08              
        2.16553     9.54958e-09              
        2.16614     2.22823e-08              
        2.16675     6.36639e-09              
        2.16736     3.18319e-09              
        2.16797     6.36639e-09              
        2.16858               0              
        2.16919     9.54958e-09              
         2.1698     6.36639e-09              
        2.17041               0              
        2.17102     9.54958e-09              
        2.17163     1.90992e-08              
        2.17224     3.18319e-09              
        2.17285               0              
        2.17346     3.18319e-09              
        2.17407     6.36639e-09              
        2.17468               0              
        2.17529     9.54958e-09              
         2.1759     3.18319e-09              
        2.17651     1.90992e-08              
        2.17712     3.18319e-09              
        2.17773               0              
        2.17834     3.18319e-09              
        2.17896               0              
        2.17957     9.54958e-09              
        2.18018     9.54958e-09              
        2.18079               0              
         2.1814     9.54958e-09              
        2.18201     6.36639e-09              
        2.18262     9.54958e-09              
        2.18323     6.36639e-09              
        2.18384     1.27328e-08              
        2.18445     9.54958e-09              
        2.18506     9.54958e-09              
        2.18567     1.27328e-08              
        2.18628     9.54958e-09              
        2.18689               0              
         2.1875     6.36639e-09              
        2.18811      1.5916e-08              
        2.18872               0              
        2.18933     1.27328e-08              
        2.18994     1.27328e-08              
        2.19055     6.36639e-09              
        2.19116     3.18319e-09              
        2.19177     3.18319e-09              
        2.19238     6.36639e-09              
        2.19299      1.5916e-08              
         2.1936     9.54958e-09              
        2.19421     3.18319e-09              
        2.19482     1.27328e-08              
        2.19543     9.54958e-09              
        2.19604     1.27328e-08              
        2.19666     6.36639e-09              
        2.19727     1.27328e-08              
        2.19788     9.54958e-09              
        2.19849     1.27328e-08              
         2.1991     9.54958e-09              
        2.19971               0              
        2.20032     3.18319e-09              
        2.20093     9.54958e-09              
        2.20154     3.18319e-09              
        2.20215     3.18319e-09              
        2.20276     6.36639e-09              
        2.20337     6.36639e-09              
        2.20398     3.18319e-09              
        2.20459               0              
         2.2052     3.18319e-09              
        2.20581     6.36639e-09              
        2.20642     6.36639e-09              
        2.20703     9.54958e-09              
        2.20764     3.18319e-09              
        2.20825     6.36639e-09              
        2.20886      1.5916e-08              
        2.20947     1.27328e-08              
        2.21008     6.36639e-09              
        2.21069     3.18319e-09              
         2.2113     3.18319e-09              
        2.21191     6.36639e-09              
        2.21252     3.18319e-09              
        2.21313     6.36639e-09              
        2.21375     6.36639e-09              
        2.21436     1.27328e-08              
        2.21497     3.18319e-09              
        2.21558               0              
        2.21619     3.18319e-09              
         2.2168     6.36639e-09              
        2.21741               0              
        2.21802               0              
        2.21863     6.36639e-09              
        2.21924     9.54958e-09              
        2.21985     1.90992e-08              
        2.22046     1.27328e-08              
        2.22107               0              
        2.22168     6.36639e-09              
        2.22229     2.86487e-08              
         2.2229     3.85166e-06              
        2.22351     6.36639e-09              
        2.22412     1.27328e-08              
        2.22473     1.90992e-08              
        2.22534     9.54958e-09              
        2.22595     3.18319e-09              
        2.22656     3.18319e-09              
        2.22717     6.36639e-09              
        2.22778     2.22823e-08              
        2.22839               0              
          2.229     3.18319e-09              
        2.22961     1.27328e-08              
        2.23022     3.18319e-09              
        2.23083     6.36639e-09              
        2.23145     6.36639e-09              
        2.23206     3.18319e-09              
        2.23267     6.36639e-09              
        2.23328     6.36639e-09              
        2.23389     3.18319e-09              
         2.2345     1.27328e-08              
        2.23511     3.18319e-09              
        2.23572     3.18319e-09              
        2.23633      1.5916e-08              
        2.23694     6.36639e-09              
        2.23755     1.27328e-08              
        2.23816     3.18319e-09              
        2.23877     1.27328e-08              
        2.23938     9.54958e-09              
        2.23999     6.36639e-09              
         2.2406     9.54958e-09              
        2.24121     3.18319e-09              
        2.24182     3.18319e-09              
        2.24243     6.36639e-09              
        2.24304               0              
        2.24365     6.36639e-09              
        2.24426     9.54958e-09              
        2.24487     3.18319e-09              
        2.24548     6.36639e-09              
        2.24609     3.18319e-09              
         2.2467     6.36639e-09              
        2.24731     6.36639e-09              
        2.24792      1.5916e-08              
        2.24854     6.36639e-09              
        2.24915               0              
        2.24976     3.18319e-09              
        2.25037     3.18319e-09              
        2.25098     6.36639e-09              
        2.25159               0              
         2.2522     9.54958e-09              
        2.25281     9.54958e-09              
        2.25342     1.90992e-08              
        2.25403     3.18319e-09              
        2.25464               0              
        2.25525     9.54958e-09              
        2.25586     3.18319e-09              
        2.25647     9.54958e-09              
        2.25708     9.54958e-09              
        2.25769     3.18319e-09              
         2.2583     9.54958e-09              
        2.25891     3.18319e-09              
        2.25952     6.36639e-09              
        2.26013     3.18319e-09              
        2.26074     3.18319e-09              
        2.26135     3.18319e-09              
        2.26196               0              
        2.26257     9.54958e-09              
        2.26318     3.18319e-09              
        2.26379               0              
         2.2644               0              
        2.26501     1.27328e-08              
        2.26562     9.54958e-09              
        2.26624     6.36639e-09              
        2.26685     3.18319e-09              
        2.26746     3.18319e-09              
        2.26807     6.36639e-09              
        2.26868     1.27328e-08              
        2.26929     9.54958e-09              
         2.2699               0              
        2.27051     1.90992e-08              
        2.27112      1.5916e-08              
        2.27173     3.18319e-09              
        2.27234     3.18319e-09              
        2.27295     3.18319e-09              
        2.27356     3.18319e-09              
        2.27417               0              
        2.27478     1.27328e-08              
        2.27539     3.18319e-09              
          2.276               0              
        2.27661     9.54958e-09              
        2.27722     9.54958e-09              
        2.27783     3.18319e-09              
        2.27844     6.36639e-09              
        2.27905     6.36639e-09              
        2.27966     6.36639e-09              
        2.28027     9.54958e-09              
        2.28088     3.18319e-09              
        2.28149               0              
         2.2821     6.36639e-09              
        2.28271     9.54958e-09              
        2.28333     6.36639e-09              
        2.28394     6.36639e-09              
        2.28455     3.18319e-09              
        2.28516      1.5916e-08              
        2.28577     9.54958e-09              
        2.28638     9.54958e-09              
        2.28699               0              
         2.2876     3.18319e-09              
        2.28821     6.36639e-09              
        2.28882     9.54958e-09              
        2.28943               0              
        2.29004     6.36639e-09              
        2.29065               0              
        2.29126               0              
        2.29187               0              
        2.29248     6.36639e-09              
        2.29309     6.36639e-09              
         2.2937     9.54958e-09              
        2.29431               0              
        2.29492     3.18319e-09              
        2.29553               0              
        2.29614     3.18319e-09              
        2.29675     6.36639e-09              
        2.29736     9.54958e-09              
        2.29797     9.54958e-09              
        2.29858     3.18319e-09              
        2.29919     3.18319e-09              
         2.2998     3.18319e-09              
        2.30042     3.18319e-09              
        2.30103     6.36639e-09              
        2.30164     3.18319e-09              
        2.30225     6.36639e-09              
        2.30286     3.18319e-09              
        2.30347     3.18319e-09              
        2.30408     6.36639e-09              
        2.30469     6.36639e-09              
         2.3053     1.90992e-08              
        2.30591     6.36639e-09              
        2.30652     9.54958e-09              
        2.30713     3.18319e-09              
        2.30774     3.18319e-09              
        2.30835     6.36639e-09              
        2.30896     6.36639e-09              
        2.30957     9.54958e-09              
        2.31018     6.36639e-09              
        2.31079               0              
         2.3114     2.22823e-08              
        2.31201     1.27328e-08              
        2.31262     3.18319e-09              
        2.31323     3.18319e-09              
        2.31384     6.36639e-09              
        2.31445     3.18319e-09              
        2.31506     3.18319e-09              
        2.31567     3.18319e-09              
        2.31628     6.36639e-09              
        2.31689     6.36639e-09              
         2.3175     6.36639e-09              
        2.31812     6.36639e-09              
        2.31873     3.18319e-09              
        2.31934     3.18319e-09              
        2.31995     3.18319e-09              
        2.32056     1.27328e-08              
        2.32117     9.54958e-09              
        2.32178      1.5916e-08              
        2.32239     9.54958e-09              
          2.323               0              
        2.32361     3.18319e-09              
        2.32422     1.27328e-08              
        2.32483     3.18319e-09              
        2.32544               0              
        2.32605     3.18319e-09              
        2.32666     3.18319e-09              
        2.32727     1.27328e-08              
        2.32788     3.18319e-09              
        2.32849               0              
         2.3291     9.54958e-09              
        2.32971     9.54958e-09              
        2.33032     3.18319e-09              
        2.33093               0              
        2.33154     9.54958e-09              
        2.33215     3.18319e-09              
        2.33276      1.5916e-08              
        2.33337               0              
        2.33398     6.36639e-09              
        2.33459     3.18319e-09              
        2.33521     6.36639e-09              
        2.33582     3.18319e-09              
        2.33643     1.27328e-08              
        2.33704     3.18319e-09              
        2.33765     6.36639e-09              
        2.33826     3.18319e-09              
        2.33887     6.36639e-09              
        2.33948     3.18319e-09              
        2.34009     3.18319e-09              
         2.3407               0              
        2.34131               0              
        2.34192     6.36639e-09              
        2.34253     9.54958e-09              
        2.34314     3.18319e-09              
        2.34375               0              
        2.34436               0              
        2.34497     3.18319e-09              
        2.34558               0              
        2.34619     9.54958e-09              
         2.3468     1.27328e-08              
        2.34741     3.18319e-09              
        2.34802     6.36639e-09              
        2.34863               0              
        2.34924     1.27328e-08              
        2.34985     3.18319e-09              
        2.35046     1.27328e-08              
        2.35107     6.36639e-09              
        2.35168     9.54958e-09              
        2.35229     6.36639e-09              
        2.35291     6.36639e-09              
        2.35352     9.54958e-09              
        2.35413     6.36639e-09              
        2.35474               0              
        2.35535               0              
        2.35596     3.18319e-09              
        2.35657     6.36639e-09              
        2.35718               0              
        2.35779     3.18319e-09              
         2.3584     9.54958e-09              
        2.35901     1.90992e-08              
        2.35962     3.18319e-09              
        2.36023     6.36639e-09              
        2.36084     6.36639e-09              
        2.36145     6.36639e-09              
        2.36206     6.36639e-09              
        2.36267      1.5916e-08              
        2.36328               0              
        2.36389     6.36639e-09              
         2.3645     3.18319e-09              
        2.36511     3.18319e-09              
        2.36572               0              
        2.36633     6.36639e-09              
        2.36694     3.18319e-09              
        2.36755     3.18319e-09              
        2.36816     1.27328e-08              
        2.36877     6.36639e-09              
        2.36938               0              
           2.37     6.36639e-09              
        2.37061     6.36639e-09              
        2.37122     6.36639e-09              
        2.37183     3.18319e-09              
        2.37244     6.36639e-09              
        2.37305               0              
        2.37366     3.18319e-09              
        2.37427     6.36639e-09              
        2.37488     9.54958e-09              
        2.37549               0              
         2.3761               0              
        2.37671     3.18319e-09              
        2.37732     6.36639e-09              
        2.37793     3.18319e-09              
        2.37854     6.36639e-09              
        2.37915     9.54958e-09              
        2.37976     6.36639e-09              
        2.38037     9.54958e-09              
        2.38098     6.36639e-09              
        2.38159     3.18319e-09              
         2.3822     6.36639e-09              
        2.38281     3.18319e-09              
        2.38342               0              
        2.38403     6.36639e-09              
        2.38464     3.18319e-09              
        2.38525     3.18319e-09              
        2.38586     3.18319e-09              
        2.38647     6.36639e-09              
        2.38708     9.54958e-09              
         2.3877     9.54958e-09              
        2.38831     3.18319e-09              
        2.38892     3.18319e-09              
        2.38953               0              
        2.39014     3.18319e-09              
        2.39075               0              
        2.39136     6.36639e-09              
        2.39197               0              
        2.39258               0              
        2.39319     6.36639e-09              
         2.3938     3.18319e-09              
        2.39441     6.36639e-09              
        2.39502     3.18319e-09              
        2.39563     6.36639e-09              
        2.39624     6.36639e-09              
        2.39685     3.18319e-09              
        2.39746     3.18319e-09              
        2.39807     3.18319e-09              
        2.39868     3.18319e-09              
        2.39929     3.18319e-09              
         2.3999     1.27328e-08              
        2.40051               0              
        2.40112     6.36639e-09              
        2.40173     3.18319e-09              
        2.40234     3.18319e-09              
        2.40295     1.27328e-08              
        2.40356     6.36639e-09              
        2.40417               0              
        2.40479     3.18319e-09              
         2.4054               0              
        2.40601     1.27328e-08              
        2.40662     3.18319e-09              
        2.40723     6.36639e-09              
        2.40784               0              
        2.40845               0              
        2.40906     3.18319e-09              
        2.40967     1.27328e-08              
        2.41028     9.54958e-09              
        2.41089     6.36639e-09              
         2.4115     1.27328e-08              
        2.41211     9.54958e-09              
        2.41272     1.90992e-08              
        2.41333     9.54958e-09              
        2.41394     9.54958e-09              
        2.41455     3.18319e-09              
        2.41516     6.36639e-09              
        2.41577               0              
        2.41638      1.5916e-08              
        2.41699               0              
         2.4176               0              
        2.41821     9.54958e-09              
        2.41882     6.36639e-09              
        2.41943               0              
        2.42004     9.54958e-09              
        2.42065               0              
        2.42126     3.18319e-09              
        2.42188     9.54958e-09              
        2.42249     3.18319e-09              
         2.4231     3.18319e-09              
        2.42371     3.18319e-09              
        2.42432     3.18319e-09              
        2.42493     3.18319e-09              
        2.42554     6.36639e-09              
        2.42615     3.18319e-09              
        2.42676     3.18319e-09              
        2.42737      1.5916e-08              
        2.42798     6.36639e-09              
        2.42859               0              
         2.4292               0              
        2.42981     6.36639e-09              
        2.43042     6.36639e-09              
        2.43103     9.54958e-09              
        2.43164     3.18319e-09              
        2.43225     3.18319e-09              
        2.43286               0              
        2.43347               0              
        2.43408     6.36639e-09              
        2.43469     6.36639e-09              
         2.4353     3.18319e-09              
        2.43591               0              
        2.43652     6.36639e-09              
        2.43713     3.18319e-09              
        2.43774               0              
        2.43835     3.18319e-09              
        2.43896     3.18319e-09              
        2.43958     3.18319e-09              
        2.44019               0              
         2.4408     3.18319e-09              
        2.44141     9.54958e-09              
        2.44202     3.18319e-09              
        2.44263               0              
        2.44324     9.54958e-09              
        2.44385     6.36639e-09              
        2.44446     9.54958e-09              
        2.44507               0              
        2.44568     3.18319e-09              
        2.44629      1.5916e-08              
         2.4469     3.18319e-09              
        2.44751               0              
        2.44812     3.18319e-09              
        2.44873     3.18319e-09              
        2.44934               0              
        2.44995     6.36639e-09              
        2.45056     1.27328e-08              
        2.45117     3.18319e-09              
        2.45178     1.27328e-08              
        2.45239               0              
          2.453     9.54958e-09              
        2.45361      1.5916e-08              
        2.45422     6.36639e-09              
        2.45483               0              
        2.45544     3.18319e-09              
        2.45605     3.18319e-09              
        2.45667     9.54958e-09              
        2.45728     9.54958e-09              
        2.45789     6.36639e-09              
         2.4585     9.54958e-09              
        2.45911     9.54958e-09              
        2.45972     9.54958e-09              
        2.46033     9.54958e-09              
        2.46094               0              
        2.46155     3.18319e-09              
        2.46216      1.5916e-08              
        2.46277     3.18319e-09              
        2.46338     3.18319e-09              
        2.46399     3.18319e-09              
         2.4646     3.18319e-09              
        2.46521     3.18319e-09              
        2.46582     6.36639e-09              
        2.46643     3.18319e-09              
        2.46704     9.54958e-09              
        2.46765     6.36639e-09              
        2.46826     6.36639e-09              
        2.46887     1.27328e-08              
        2.46948     9.54958e-09              
        2.47009     1.90992e-08              
         2.4707     3.18319e-09              
        2.47131     6.36639e-09              
        2.47192     6.36639e-09              
        2.47253     6.36639e-09              
        2.47314               0              
        2.47375     3.18319e-09              
        2.47437     1.27328e-08              
        2.47498     6.36639e-09              
        2.47559     3.18319e-09              
         2.4762     9.54958e-09              
        2.47681     6.36639e-09              
        2.47742     9.54958e-09              
        2.47803     6.36639e-09              
        2.47864     6.36639e-09              
        2.47925               0              
        2.47986     6.36639e-09              
        2.48047               0              
        2.48108     9.54958e-09              
        2.48169     3.18319e-09              
         2.4823     6.36639e-09              
        2.48291               0              
        2.48352     3.18319e-09              
        2.48413     6.36639e-09              
        2.48474     3.18319e-09              
        2.48535     3.18319e-09              
        2.48596     9.54958e-09              
        2.48657               0              
        2.48718     9.54958e-09              
        2.48779     3.18319e-09              
         2.4884     3.18319e-09              
        2.48901               0              
        2.48962     1.27328e-08              
        2.49023     3.18319e-09              
        2.49084     3.18319e-09              
        2.49146               0              
        2.49207     3.18319e-09              
        2.49268     6.36639e-09              
        2.49329               0              
         2.4939     9.54958e-09              
        2.49451     3.18319e-09              
        2.49512     6.36639e-09              
        2.49573     6.36639e-09              
        2.49634     6.36639e-09              
        2.49695     3.18319e-09              
        2.49756     3.18319e-09              
        2.49817     3.18319e-09              
        2.49878     1.27328e-08              
        2.49939     6.36639e-09              
            2.5     9.54958e-09              
        2.50061     9.54958e-09              
        2.50122               0              
        2.50183     6.36639e-09              
        2.50244     9.54958e-09              
        2.50305     3.18319e-09              
        2.50366     3.18319e-09              
        2.50427     9.54958e-09              
        2.50488     3.18319e-09              
        2.50549     3.18319e-09              
         2.5061     3.18319e-09              
        2.50671               0              
        2.50732     3.18319e-09              
        2.50793     3.18319e-09              
        2.50854               0              
        2.50916     3.18319e-09              
        2.50977     3.18319e-09              
        2.51038     9.54958e-09              
        2.51099               0              
         2.5116     6.36639e-09              
        2.51221     3.18319e-09              
        2.51282     9.54958e-09              
        2.51343     6.36639e-09              
        2.51404     6.36639e-09              
        2.51465     9.54958e-09              
        2.51526     6.36639e-09              
        2.51587               0              
        2.51648     3.18319e-09              
        2.51709     3.18319e-09              
         2.5177     9.54958e-09              
        2.51831      1.5916e-08              
        2.51892     3.18319e-09              
        2.51953     6.36639e-09              
        2.52014     6.36639e-09              
        2.52075     6.36639e-09              
        2.52136     6.36639e-09              
        2.52197               0              
        2.52258     3.18319e-09              
        2.52319     6.36639e-09              
         2.5238     3.18319e-09              
        2.52441     3.18319e-09              
        2.52502     3.18319e-09              
        2.52563     6.36639e-09              
        2.52625     6.36639e-09              
        2.52686               0              
        2.52747     6.36639e-09              
        2.52808     6.36639e-09              
        2.52869     9.54958e-09              
         2.5293     3.18319e-09              
        2.52991     9.54958e-09              
        2.53052      1.5916e-08              
        2.53113               0              
        2.53174               0              
        2.53235     3.18319e-09              
        2.53296     3.18319e-09              
        2.53357     6.36639e-09              
        2.53418     6.36639e-09              
        2.53479     6.36639e-09              
         2.5354     3.18319e-09              
        2.53601     3.18319e-09              
        2.53662     1.27328e-08              
        2.53723               0              
        2.53784     3.18319e-09              
        2.53845     9.54958e-09              
        2.53906     3.18319e-09              
        2.53967     6.36639e-09              
        2.54028               0              
        2.54089     3.18319e-09              
         2.5415               0              
        2.54211     3.18319e-09              
        2.54272     3.18319e-09              
        2.54333     9.54958e-09              
        2.54395     6.36639e-09              
        2.54456     6.36639e-09              
        2.54517               0              
        2.54578     3.18319e-09              
        2.54639     1.27328e-08              
          2.547     3.18319e-09              
        2.54761     9.54958e-09              
        2.54822     1.27328e-08              
        2.54883               0              
        2.54944     9.54958e-09              
        2.55005     3.18319e-09              
        2.55066     9.54958e-09              
        2.55127     6.36639e-09              
        2.55188     9.54958e-09              
        2.55249     3.18319e-09              
         2.5531               0              
        2.55371     3.18319e-09              
        2.55432               0              
        2.55493     9.54958e-09              
        2.55554     9.54958e-09              
        2.55615     3.18319e-09              
        2.55676     1.27328e-08              
        2.55737               0              
        2.55798     9.54958e-09              
        2.55859     3.18319e-09              
         2.5592     3.18319e-09              
        2.55981     3.18319e-09              
        2.56042               0              
        2.56104               0              
        2.56165               0              
        2.56226     3.18319e-09              
        2.56287     6.36639e-09              
        2.56348     3.18319e-09              
        2.56409     3.18319e-09              
         2.5647     3.18319e-09              
        2.56531     9.54958e-09              
        2.56592     1.27328e-08              
        2.56653     3.18319e-09              
        2.56714     6.36639e-09              
        2.56775     3.18319e-09              
        2.56836     6.36639e-09              
        2.56897     6.36639e-09              
        2.56958     3.18319e-09              
        2.57019     3.18319e-09              
         2.5708     6.36639e-09              
        2.57141     9.54958e-09              
        2.57202     3.18319e-09              
        2.57263               0              
        2.57324     3.18319e-09              
        2.57385     6.36639e-09              
        2.57446     1.27328e-08              
        2.57507     1.27328e-08              
        2.57568     3.18319e-09              
        2.57629     3.18319e-09              
         2.5769     9.54958e-09              
        2.57751               0              
        2.57812     6.36639e-09              
        2.57874     9.54958e-09              
        2.57935     3.18319e-09              
        2.57996     3.18319e-09              
        2.58057     6.36639e-09              
        2.58118               0              
        2.58179     3.18319e-09              
         2.5824               0              
        2.58301               0              
        2.58362     3.18319e-09              
        2.58423     1.27328e-08              
        2.58484               0              
        2.58545     3.18319e-09              
        2.58606     3.18319e-09              
        2.58667     3.18319e-09              
        2.58728     3.18319e-09              
        2.58789     3.18319e-09              
         2.5885     3.18319e-09              
        2.58911               0              
        2.58972     6.36639e-09              
        2.59033               0              
        2.59094     3.18319e-09              
        2.59155     3.18319e-09              
        2.59216     3.18319e-09              
        2.59277     3.18319e-09              
        2.59338     6.36639e-09              
        2.59399     3.18319e-09              
         2.5946     3.18319e-09              
        2.59521     3.18319e-09              
        2.59583     3.18319e-09              
        2.59644     6.36639e-09              
        2.59705     3.18319e-09              
        2.59766     6.36639e-09              
        2.59827     3.18319e-09              
        2.59888     6.36639e-09              
        2.59949     3.18319e-09              
         2.6001               0              
        2.60071     6.36639e-09              
        2.60132     6.36639e-09              
        2.60193     3.18319e-09              
        2.60254     3.18319e-09              
        2.60315               0              
        2.60376     3.18319e-09              
        2.60437     6.36639e-09              
        2.60498     3.18319e-09              
        2.60559               0              
         2.6062     6.36639e-09              
        2.60681     9.54958e-09              
        2.60742     3.18319e-09              
        2.60803     6.36639e-09              
        2.60864      1.5916e-08              
        2.60925     1.27328e-08              
        2.60986     3.18319e-09              
        2.61047     6.36639e-09              
        2.61108               0              
        2.61169     3.18319e-09              
         2.6123     6.36639e-09              
        2.61292     6.36639e-09              
        2.61353     6.36639e-09              
        2.61414     9.54958e-09              
        2.61475               0              
        2.61536     6.36639e-09              
        2.61597     3.18319e-09              
        2.61658     3.18319e-09              
        2.61719     9.54958e-09              
         2.6178     9.54958e-09              
        2.61841     3.18319e-09              
        2.61902     6.36639e-09              
        2.61963     3.18319e-09              
        2.62024     6.36639e-09              
        2.62085     9.54958e-09              
        2.62146     1.27328e-08              
        2.62207     1.27328e-08              
        2.62268     9.54958e-09              
        2.62329      1.5916e-08              
         2.6239     3.18319e-09              
        2.62451     9.54958e-09              
        2.62512     9.54958e-09              
        2.62573     3.18319e-09              
        2.62634     9.54958e-09              
        2.62695     6.36639e-09              
        2.62756               0              
        2.62817     3.18319e-09              
        2.62878     3.18319e-09              
        2.62939     6.36639e-09              
           2.63     9.54958e-09              
        2.63062     3.18319e-09              
        2.63123     1.27328e-08              
        2.63184     6.36639e-09              
        2.63245      1.5916e-08              
        2.63306     9.54958e-09              
        2.63367     3.18319e-09              
        2.63428               0              
        2.63489     3.18319e-09              
         2.6355               0              
        2.63611     9.54958e-09              
        2.63672     3.18319e-09              
        2.63733     9.54958e-09              
        2.63794     6.36639e-09              
        2.63855      1.5916e-08              
        2.63916     1.27328e-08              
        2.63977     3.18319e-09              
        2.64038     9.54958e-09              
        2.64099               0              
         2.6416     3.18319e-09              
        2.64221     3.18319e-09              
        2.64282     9.54958e-09              
        2.64343     3.18319e-09              
        2.64404               0              
        2.64465     3.18319e-09              
        2.64526               0              
        2.64587     3.18319e-09              
        2.64648     3.18319e-09              
        2.64709     9.54958e-09              
        2.64771               0              
        2.64832     6.36639e-09              
        2.64893     6.36639e-09              
        2.64954     9.54958e-09              
        2.65015               0              
        2.65076               0              
        2.65137     6.36639e-09              
        2.65198     3.18319e-09              
        2.65259     3.18319e-09              
         2.6532     6.36639e-09              
        2.65381               0              
        2.65442     9.54958e-09              
        2.65503               0              
        2.65564     3.18319e-09              
        2.65625     6.36639e-09              
        2.65686     6.36639e-09              
        2.65747               0              
        2.65808               0              
        2.65869     1.27328e-08              
         2.6593     6.36639e-09              
        2.65991     9.54958e-09              
        2.66052     6.36639e-09              
        2.66113     9.54958e-09              
        2.66174               0              
        2.66235     6.36639e-09              
        2.66296     3.18319e-09              
        2.66357     9.54958e-09              
        2.66418     6.36639e-09              
        2.66479               0              
        2.66541     6.36639e-09              
        2.66602     6.36639e-09              
        2.66663               0              
        2.66724     6.36639e-09              
        2.66785     3.18319e-09              
        2.66846     3.18319e-09              
        2.66907     6.36639e-09              
        2.66968     9.54958e-09              
        2.67029               0              
         2.6709     1.90992e-08              
        2.67151               0              
        2.67212               0              
        2.67273               0              
        2.67334               0              
        2.67395               0              
        2.67456     6.36639e-09              
        2.67517     9.54958e-09              
        2.67578     3.18319e-08              
        2.67639     1.90992e-08              
          2.677     3.18319e-09              
        2.67761               0              
        2.67822     3.18319e-09              
        2.67883     3.18319e-09              
        2.67944     3.18319e-09              
        2.68005               0              
        2.68066               0              
        2.68127     6.36639e-09              
        2.68188     6.36639e-09              
         2.6825               0              
        2.68311     9.54958e-09              
        2.68372               0              
        2.68433     3.18319e-09              
        2.68494     3.18319e-09              
        2.68555     3.18319e-09              
        2.68616     6.36639e-09              
        2.68677     3.18319e-09              
        2.68738     3.18319e-09              
        2.68799               0              
         2.6886     3.18319e-09              
        2.68921     6.36639e-09              
        2.68982     3.18319e-09              
        2.69043     9.54958e-09              
        2.69104     6.36639e-09              
        2.69165     6.36639e-09              
        2.69226     9.54958e-09              
        2.69287               0              
        2.69348     6.36639e-09              
        2.69409               0              
         2.6947               0              
        2.69531               0              
        2.69592               0              
        2.69653     3.18319e-09              
        2.69714               0              
        2.69775     6.36639e-09              
        2.69836     6.36639e-09              
        2.69897     6.36639e-09              
        2.69958     6.36639e-09              
         2.7002               0              
        2.70081     3.18319e-09              
        2.70142     3.18319e-09              
        2.70203     3.18319e-09              
        2.70264     9.54958e-09              
        2.70325     6.36639e-09              
        2.70386     3.18319e-09              
        2.70447     1.27328e-08              
        2.70508     3.18319e-09              
        2.70569               0              
         2.7063     9.54958e-09              
        2.70691     3.18319e-09              
        2.70752     6.36639e-09              
        2.70813     3.18319e-09              
        2.70874     6.36639e-09              
        2.70935     6.36639e-09              
        2.70996     1.27328e-08              
        2.71057     3.18319e-09              
        2.71118      1.5916e-08              
        2.71179     6.36639e-09              
         2.7124     6.36639e-09              
        2.71301     3.18319e-09              
        2.71362     9.54958e-09              
        2.71423               0              
        2.71484     3.18319e-09              
        2.71545     6.36639e-09              
        2.71606     3.18319e-09              
        2.71667     3.18319e-09              
        2.71729     3.18319e-09              
         2.7179     9.54958e-09              
        2.71851     1.27328e-08              
        2.71912     6.36639e-09              
        2.71973     6.36639e-09              
        2.72034     9.54958e-09              
        2.72095     9.54958e-09              
        2.72156     6.36639e-09              
        2.72217               0              
        2.72278     6.36639e-09              
        2.72339     3.18319e-09              
          2.724     6.36639e-09              
        2.72461     3.18319e-09              
        2.72522               0              
        2.72583     6.36639e-09              
        2.72644     6.36639e-09              
        2.72705     6.36639e-09              
        2.72766     9.54958e-09              
        2.72827     3.18319e-09              
        2.72888     6.36639e-09              
        2.72949     3.18319e-09              
         2.7301               0              
        2.73071     3.18319e-09              
        2.73132     9.54958e-09              
        2.73193     9.54958e-09              
        2.73254     9.54958e-09              
        2.73315     6.36639e-09              
        2.73376     6.36639e-09              
        2.73438     6.36639e-09              
        2.73499     6.36639e-09              
         2.7356     9.54958e-09              
        2.73621     3.18319e-09              
        2.73682     9.54958e-09              
        2.73743     6.36639e-09              
        2.73804     9.54958e-09              
        2.73865     3.18319e-09              
        2.73926     3.18319e-09              
        2.73987     3.18319e-09              
        2.74048     9.54958e-09              
        2.74109     3.18319e-09              
         2.7417     3.18319e-09              
        2.74231     6.36639e-09              
        2.74292      1.5916e-08              
        2.74353     1.27328e-08              
        2.74414               0              
        2.74475     3.18319e-09              
        2.74536     3.18319e-09              
        2.74597               0              
        2.74658     9.54958e-09              
        2.74719     3.18319e-09              
         2.7478     3.18319e-09              
        2.74841     3.18319e-09              
        2.74902               0              
        2.74963     3.18319e-09              
        2.75024     6.36639e-09              
        2.75085     9.54958e-09              
        2.75146     6.36639e-09              
        2.75208     3.18319e-09              
        2.75269     1.90992e-08              
         2.7533     6.36639e-09              
        2.75391               0              
        2.75452     6.36639e-09              
        2.75513     6.36639e-09              
        2.75574               0              
        2.75635     1.90992e-08              
        2.75696     1.27328e-08              
        2.75757               0              
        2.75818     6.36639e-09              
        2.75879     3.18319e-09              
         2.7594               0              
        2.76001     9.54958e-09              
        2.76062     6.36639e-09              
        2.76123     3.18319e-09              
        2.76184     1.90992e-08              
        2.76245               0              
        2.76306     6.36639e-09              
        2.76367     9.54958e-09              
        2.76428     1.27328e-08              
        2.76489               0              
         2.7655     6.36639e-09              
        2.76611     1.27328e-08              
        2.76672               0              
        2.76733     3.18319e-09              
        2.76794     3.18319e-09              
        2.76855     9.54958e-09              
        2.76917     6.36639e-09              
        2.76978               0              
        2.77039     3.18319e-09              
          2.771     6.36639e-09              
        2.77161     9.54958e-09              
        2.77222     6.36639e-09              
        2.77283     9.54958e-09              
        2.77344     6.36639e-09              
        2.77405     3.18319e-09              
        2.77466     3.18319e-09              
        2.77527     1.27328e-08              
        2.77588     9.54958e-09              
        2.77649     3.18319e-09              
         2.7771     9.54958e-09              
        2.77771     1.27328e-08              
        2.77832      1.5916e-08              
        2.77893     3.18319e-09              
        2.77954     6.36639e-09              
        2.78015               0              
        2.78076     6.36639e-09              
        2.78137     6.36639e-09              
        2.78198     3.18319e-09              
        2.78259     6.36639e-09              
         2.7832     6.36639e-09              
        2.78381     1.27328e-08              
        2.78442               0              
        2.78503     3.18319e-09              
        2.78564     6.36639e-09              
        2.78625     6.36639e-09              
        2.78687     6.36639e-09              
        2.78748     3.18319e-09              
        2.78809     9.54958e-09              
         2.7887               0              
        2.78931               0              
        2.78992     3.18319e-09              
        2.79053               0              
        2.79114     6.36639e-09              
        2.79175     6.36639e-09              
        2.79236     3.18319e-09              
        2.79297     3.18319e-09              
        2.79358     1.27328e-08              
        2.79419               0              
         2.7948     6.36639e-09              
        2.79541     6.36639e-09              
        2.79602     3.18319e-09              
        2.79663               0              
        2.79724     3.18319e-09              
        2.79785     9.54958e-09              
        2.79846     3.18319e-09              
        2.79907     3.18319e-09              
        2.79968     9.54958e-09              
        2.80029     6.36639e-09              
         2.8009     1.27328e-08              
        2.80151               0              
        2.80212     6.36639e-09              
        2.80273     6.36639e-09              
        2.80334               0              
        2.80396               0              
        2.80457     3.18319e-09              
        2.80518     3.18319e-09              
        2.80579               0              
         2.8064     9.54958e-09              
        2.80701               0              
        2.80762               0              
        2.80823     3.18319e-09              
        2.80884     6.36639e-09              
        2.80945     3.18319e-09              
        2.81006     3.18319e-09              
        2.81067     2.22823e-08              
        2.81128     3.18319e-09              
        2.81189               0              
         2.8125     6.36639e-09              
        2.81311     3.18319e-09              
        2.81372     3.18319e-09              
        2.81433     6.36639e-09              
        2.81494     3.18319e-09              
        2.81555     9.54958e-09              
        2.81616     3.18319e-09              
        2.81677               0              
        2.81738               0              
        2.81799               0              
         2.8186     3.18319e-09              
        2.81921               0              
        2.81982     3.18319e-09              
        2.82043     3.18319e-09              
        2.82104     3.18319e-09              
        2.82166               0              
        2.82227     3.18319e-09              
        2.82288               0              
        2.82349     3.18319e-09              
         2.8241     3.18319e-09              
        2.82471               0              
        2.82532     6.36639e-09              
        2.82593     6.36639e-09              
        2.82654     6.36639e-09              
        2.82715     3.18319e-09              
        2.82776     6.36639e-09              
        2.82837     3.18319e-09              
        2.82898     6.36639e-09              
        2.82959     6.36639e-09              
         2.8302     1.27328e-08              
        2.83081     6.36639e-09              
        2.83142     3.18319e-09              
        2.83203     9.54958e-09              
        2.83264     3.18319e-09              
        2.83325     3.18319e-09              
        2.83386               0              
        2.83447               0              
        2.83508     6.36639e-09              
        2.83569     3.18319e-09              
         2.8363     3.18319e-09              
        2.83691               0              
        2.83752     6.36639e-09              
        2.83813     6.36639e-09              
        2.83875     3.18319e-09              
        2.83936     3.18319e-09              
        2.83997               0              
        2.84058     3.18319e-09              
        2.84119               0              
         2.8418     3.18319e-09              
        2.84241               0              
        2.84302     9.54958e-09              
        2.84363     6.36639e-09              
        2.84424               0              
        2.84485               0              
        2.84546     2.54655e-08              
        2.84607               0              
        2.84668               0              
        2.84729     6.36639e-09              
         2.8479     1.27328e-08              
        2.84851     3.18319e-09              
        2.84912               0              
        2.84973     6.36639e-09              
        2.85034     6.36639e-09              
        2.85095     9.54958e-09              
        2.85156     3.18319e-09              
        2.85217     6.36639e-09              
        2.85278     3.18319e-09              
        2.85339     3.18319e-09              
          2.854     3.18319e-09              
        2.85461     3.18319e-09              
        2.85522     1.27328e-08              
        2.85583     3.18319e-09              
        2.85645               0              
        2.85706     3.18319e-09              
        2.85767     6.36639e-09              
        2.85828     3.18319e-09              
        2.85889     3.18319e-09              
         2.8595     3.18319e-09              
        2.86011     3.18319e-09              
        2.86072     9.54958e-09              
        2.86133     6.36639e-09              
        2.86194     3.18319e-09              
        2.86255     3.18319e-09              
        2.86316     7.00302e-08              
        2.86377     7.32134e-08              
        2.86438     6.36639e-09              
        2.86499     1.27328e-08              
         2.8656     3.18319e-09              
        2.86621     6.36639e-09              
        2.86682     9.54958e-09              
        2.86743     6.36639e-09              
        2.86804     6.36639e-09              
        2.86865     6.36639e-09              
        2.86926     3.18319e-09              
        2.86987               0              
        2.87048     9.54958e-09              
        2.87109     3.18319e-09              
         2.8717     9.54958e-09              
        2.87231     3.18319e-09              
        2.87292               0              
        2.87354     6.36639e-09              
        2.87415     6.36639e-09              
        2.87476     3.18319e-09              
        2.87537     6.36639e-09              
        2.87598     9.54958e-09              
        2.87659     9.54958e-09              
         2.8772     6.36639e-09              
        2.87781     3.18319e-09              
        2.87842     3.18319e-09              
        2.87903     9.54958e-09              
        2.87964     3.18319e-09              
        2.88025     6.36639e-09              
        2.88086     3.18319e-09              
        2.88147      1.5916e-08              
        2.88208     6.36639e-09              
        2.88269     3.18319e-09              
         2.8833     6.36639e-09              
        2.88391     3.18319e-09              
        2.88452     3.18319e-09              
        2.88513     6.36639e-09              
        2.88574     6.36639e-09              
        2.88635     9.54958e-09              
        2.88696     3.18319e-09              
        2.88757     6.36639e-09              
        2.88818     6.36639e-09              
        2.88879               0              
         2.8894     3.18319e-09              
        2.89001               0              
        2.89062     3.18319e-09              
        2.89124               0              
        2.89185     3.18319e-09              
        2.89246      1.5916e-08              
        2.89307     6.36639e-09              
        2.89368     1.27328e-08              
        2.89429     6.36639e-09              
         2.8949     3.18319e-09              
        2.89551     6.36639e-09              
        2.89612     9.54958e-09              
        2.89673     6.36639e-09              
        2.89734     6.36639e-09              
        2.89795     3.18319e-09              
        2.89856     3.18319e-09              
        2.89917     6.36639e-09              
        2.89978               0              
        2.90039     3.18319e-09              
          2.901               0              
        2.90161     3.18319e-09              
        2.90222     6.36639e-09              
        2.90283               0              
        2.90344     3.18319e-09              
        2.90405               0              
        2.90466     6.36639e-09              
        2.90527     6.36639e-09              
        2.90588     3.18319e-09              
        2.90649     3.18319e-09              
         2.9071     3.18319e-09              
        2.90771               0              
        2.90833     3.18319e-09              
        2.90894     3.18319e-09              
        2.90955               0              
        2.91016     3.18319e-09              
        2.91077     6.36639e-09              
        2.91138     6.36639e-09              
        2.91199     3.18319e-09              
         2.9126     6.36639e-09              
        2.91321     6.36639e-09              
        2.91382               0              
        2.91443     1.27328e-08              
        2.91504     9.54958e-09              
        2.91565               0              
        2.91626               0              
        2.91687     3.18319e-09              
        2.91748     3.18319e-09              
        2.91809     6.36639e-09              
         2.9187               0              
        2.91931     3.18319e-09              
        2.91992     6.36639e-09              
        2.92053     3.18319e-09              
        2.92114     9.54958e-09              
        2.92175      1.5916e-08              
        2.92236     3.18319e-09              
        2.92297     9.54958e-09              
        2.92358     1.27328e-08              
        2.92419     3.18319e-09              
         2.9248     9.54958e-09              
        2.92542               0              
        2.92603     3.18319e-09              
        2.92664               0              
        2.92725     3.18319e-09              
        2.92786     3.18319e-09              
        2.92847     6.36639e-09              
        2.92908     3.18319e-09              
        2.92969     6.36639e-09              
         2.9303      1.5916e-08              
        2.93091     6.36639e-09              
        2.93152               0              
        2.93213     6.36639e-09              
        2.93274     9.54958e-09              
        2.93335     9.54958e-09              
        2.93396               0              
        2.93457     9.54958e-09              
        2.93518               0              
        2.93579               0              
         2.9364     3.18319e-09              
        2.93701               0              
        2.93762     9.54958e-09              
        2.93823     3.18319e-09              
        2.93884               0              
        2.93945               0              
        2.94006     9.54958e-09              
        2.94067     6.36639e-09              
        2.94128     3.18319e-09              
        2.94189     3.18319e-09              
         2.9425               0              
        2.94312     3.18319e-09              
        2.94373     6.36639e-09              
        2.94434     1.27328e-08              
        2.94495               0              
        2.94556     9.54958e-09              
        2.94617               0              
        2.94678     3.18319e-09              
        2.94739     3.18319e-09              
          2.948     3.18319e-09              
        2.94861               0              
        2.94922               0              
        2.94983     6.36639e-09              
        2.95044     3.18319e-09              
        2.95105               0              
        2.95166     3.18319e-09              
        2.95227               0              
        2.95288     6.36639e-09              
        2.95349               0              
         2.9541     6.36639e-09              
        2.95471     6.36639e-09              
        2.95532               0              
        2.95593     6.36639e-09              
        2.95654     6.36639e-09              
        2.95715     1.27328e-08              
        2.95776     3.18319e-09              
        2.95837     6.36639e-09              
        2.95898     6.36639e-09              
        2.95959     3.18319e-09              
        2.96021     3.18319e-09              
        2.96082     6.36639e-09              
        2.96143     6.36639e-09              
        2.96204     9.54958e-09              
        2.96265     3.18319e-09              
        2.96326     3.18319e-09              
        2.96387     3.18319e-09              
        2.96448     6.36639e-09              
        2.96509     6.36639e-09              
         2.9657     6.36639e-09              
        2.96631     6.36639e-09              
        2.96692     6.36639e-09              
        2.96753     1.27328e-08              
        2.96814     3.18319e-09              
        2.96875      1.5916e-08              
        2.96936     6.36639e-09              
        2.96997     9.54958e-09              
        2.97058     9.54958e-09              
        2.97119     3.18319e-09              
         2.9718     3.18319e-09              
        2.97241               0              
        2.97302               0              
        2.97363               0              
        2.97424     3.18319e-09              
        2.97485     1.27328e-08              
        2.97546     6.36639e-09              
        2.97607     6.36639e-09              
        2.97668     6.36639e-09              
        2.97729               0              
        2.97791               0              
        2.97852     1.27328e-08              
        2.97913     9.54958e-09              
        2.97974     3.18319e-09              
        2.98035     6.36639e-09              
        2.98096     3.18319e-09              
        2.98157               0              
        2.98218               0              
        2.98279     6.36639e-09              
         2.9834     3.18319e-09              
        2.98401               0              
        2.98462               0              
        2.98523     6.36639e-09              
        2.98584     3.18319e-09              
        2.98645               0              
        2.98706               0              
        2.98767     6.36639e-09              
        2.98828     3.18319e-09              
        2.98889     9.54958e-09              
         2.9895     3.18319e-09              
        2.99011     6.36639e-09              
        2.99072     3.18319e-09              
        2.99133     3.18319e-09              
        2.99194     3.18319e-09              
        2.99255     3.18319e-09              
        2.99316     3.18319e-09              
        2.99377     6.36639e-09              
        2.99438     3.81983e-08              
          2.995     6.36639e-09              
        2.99561               0              
        2.99622     1.27328e-08              
        2.99683               0              
        2.99744     3.18319e-09              
        2.99805     1.27328e-08              
        2.99866     9.54958e-09              
