        3.99902     3.18319e-09              
        3.99963     6.36639e-09              
        4.00024     3.18319e-09              
        4.00085     9.54958e-09              
        4.00146     6.36639e-09              
        4.00208     3.18319e-09              
        4.00269     3.18319e-09              
         4.0033     3.18319e-09              
        4.00391     3.18319e-09              
        4.00452     3.18319e-09              
        4.00513               0              
        4.00574     6.36639e-09              
        4.00635     3.18319e-09              
        4.00696     6.36639e-09              
        4.00757               0              
        4.00818     3.18319e-09              
        4.00879     3.18319e-09              
         4.0094     3.18319e-09              
        4.01001     6.36639e-09              
        4.01062     3.18319e-09              
        4.01123     3.18319e-09              
        4.01184               0              
        4.01245     9.54958e-09              
        4.01306     3.18319e-09              
        4.01367     6.36639e-09              
        4.01428               0              
        4.01489               0              
         4.0155               0              
        4.01611               0              
        4.01672     3.18319e-09              
        4.01733     3.18319e-09              
        4.01794     3.18319e-09              
        4.01855               0              
        4.01917     3.18319e-09              
        4.01978               0              
        4.02039     3.18319e-09              
          4.021     3.18319e-09              
        4.02161     3.18319e-09              
        4.02222     3.18319e-09              
        4.02283     3.18319e-09              
        4.02344               0              
        4.02405     3.18319e-09              
        4.02466     9.54958e-09              
        4.02527     3.18319e-09              
        4.02588               0              
        4.02649     3.18319e-09              
         4.0271     3.18319e-09              
        4.02771     1.27328e-08              
        4.02832               0              
        4.02893     6.36639e-09              
        4.02954     3.18319e-09              
        4.03015               0              
        4.03076     3.18319e-09              
        4.03137     9.54958e-09              
        4.03198     3.18319e-09              
        4.03259     3.18319e-09              
         4.0332     3.18319e-09              
        4.03381     9.54958e-09              
        4.03442               0              
        4.03503     3.18319e-09              
        4.03564               0              
        4.03625     3.18319e-09              
        4.03687     3.18319e-09              
        4.03748     3.18319e-09              
        4.03809     3.18319e-09              
         4.0387     6.36639e-09              
        4.03931               0              
        4.03992     6.36639e-09              
        4.04053     3.18319e-09              
        4.04114     3.18319e-09              
        4.04175               0              
        4.04236     3.18319e-09              
        4.04297               0              
        4.04358               0              
        4.04419     3.18319e-09              
         4.0448               0              
        4.04541     6.36639e-09              
        4.04602     3.18319e-09              
        4.04663               0              
        4.04724     6.36639e-09              
        4.04785     6.36639e-09              
        4.04846     6.36639e-09              
        4.04907               0              
        4.04968               0              
        4.05029     3.18319e-09              
         4.0509     3.18319e-09              
        4.05151               0              
        4.05212      1.5916e-08              
        4.05273     3.18319e-09              
        4.05334               0              
        4.05396     1.90992e-08              
        4.05457               0              
        4.05518               0              
        4.05579     6.36639e-09              
         4.0564     3.18319e-09              
        4.05701     3.18319e-09              
        4.05762               0              
        4.05823     6.36639e-09              
        4.05884     3.18319e-09              
        4.05945     3.18319e-09              
        4.06006     6.36639e-09              
        4.06067     6.36639e-09              
        4.06128     3.18319e-09              
        4.06189     3.18319e-09              
         4.0625     6.36639e-09              
        4.06311               0              
        4.06372     3.18319e-09              
        4.06433               0              
        4.06494     3.18319e-09              
        4.06555     3.18319e-09              
        4.06616     3.18319e-09              
        4.06677     3.18319e-09              
        4.06738               0              
        4.06799     6.36639e-09              
         4.0686     6.36639e-09              
        4.06921     3.18319e-09              
        4.06982     3.18319e-09              
        4.07043     3.18319e-09              
        4.07104               0              
        4.07166               0              
        4.07227               0              
        4.07288     3.18319e-09              
        4.07349     6.36639e-09              
         4.0741     6.36639e-09              
        4.07471     3.18319e-09              
        4.07532               0              
        4.07593     3.18319e-09              
        4.07654     9.54958e-09              
        4.07715     3.18319e-09              
        4.07776     9.54958e-09              
        4.07837               0              
        4.07898     6.36639e-09              
        4.07959     3.18319e-09              
         4.0802     6.36639e-09              
        4.08081               0              
        4.08142               0              
        4.08203               0              
        4.08264      1.5916e-08              
        4.08325               0              
        4.08386               0              
        4.08447               0              
        4.08508               0              
        4.08569     6.36639e-09              
         4.0863     3.18319e-09              
        4.08691               0              
        4.08752     9.54958e-09              
        4.08813     9.54958e-09              
        4.08875               0              
        4.08936     3.18319e-09              
        4.08997               0              
        4.09058               0              
        4.09119     6.36639e-09              
         4.0918     3.18319e-09              
        4.09241     3.18319e-09              
        4.09302     6.36639e-09              
        4.09363     3.18319e-09              
        4.09424               0              
        4.09485     3.18319e-09              
        4.09546               0              
        4.09607               0              
        4.09668     3.18319e-09              
        4.09729     6.36639e-09              
         4.0979     6.36639e-09              
        4.09851               0              
        4.09912     3.18319e-09              
        4.09973               0              
        4.10034               0              
        4.10095     3.18319e-09              
        4.10156               0              
        4.10217     6.36639e-09              
        4.10278     3.18319e-09              
        4.10339     9.54958e-09              
          4.104     3.18319e-09              
        4.10461     6.36639e-09              
        4.10522     6.36639e-09              
        4.10583     3.18319e-09              
        4.10645               0              
        4.10706     6.36639e-09              
        4.10767     3.18319e-09              
        4.10828               0              
        4.10889               0              
         4.1095               0              
        4.11011     3.18319e-09              
        4.11072               0              
        4.11133     3.18319e-09              
        4.11194               0              
        4.11255     6.36639e-09              
        4.11316     6.36639e-09              
        4.11377     3.18319e-09              
        4.11438     3.18319e-09              
        4.11499     6.36639e-09              
         4.1156     3.18319e-09              
        4.11621     6.36639e-09              
        4.11682     3.18319e-09              
        4.11743               0              
        4.11804               0              
        4.11865     6.36639e-09              
        4.11926     3.18319e-09              
        4.11987               0              
        4.12048     3.18319e-09              
        4.12109     6.36639e-09              
         4.1217     3.18319e-09              
        4.12231     3.18319e-09              
        4.12292     6.36639e-09              
        4.12354               0              
        4.12415     3.18319e-09              
        4.12476               0              
        4.12537               0              
        4.12598               0              
        4.12659               0              
         4.1272     3.18319e-09              
        4.12781     3.18319e-09              
        4.12842     3.18319e-09              
        4.12903     3.18319e-09              
        4.12964     3.18319e-09              
        4.13025     9.54958e-09              
        4.13086               0              
        4.13147               0              
        4.13208     3.18319e-09              
        4.13269     3.18319e-09              
         4.1333               0              
        4.13391               0              
        4.13452               0              
        4.13513               0              
        4.13574     3.18319e-09              
        4.13635     3.18319e-09              
        4.13696               0              
        4.13757     6.36639e-09              
        4.13818     9.54958e-09              
        4.13879     3.18319e-09              
         4.1394               0              
        4.14001               0              
        4.14062     6.36639e-09              
        4.14124     6.36639e-09              
        4.14185     3.18319e-09              
        4.14246               0              
        4.14307     6.36639e-09              
        4.14368               0              
        4.14429     3.18319e-09              
         4.1449     6.36639e-09              
        4.14551     3.18319e-09              
        4.14612     9.54958e-09              
        4.14673     1.27328e-08              
        4.14734     6.36639e-09              
        4.14795               0              
        4.14856     3.18319e-09              
        4.14917     3.18319e-09              
        4.14978               0              
        4.15039     6.36639e-09              
          4.151     9.54958e-09              
        4.15161     6.36639e-09              
        4.15222               0              
        4.15283     3.18319e-09              
        4.15344     3.18319e-09              
        4.15405     3.18319e-09              
        4.15466               0              
        4.15527               0              
        4.15588     3.18319e-09              
        4.15649               0              
         4.1571               0              
        4.15771     3.18319e-09              
        4.15833               0              
        4.15894     6.36639e-09              
        4.15955     3.18319e-09              
        4.16016               0              
        4.16077     6.36639e-09              
        4.16138               0              
        4.16199               0              
         4.1626     9.54958e-09              
        4.16321     6.36639e-09              
        4.16382     6.36639e-09              
        4.16443               0              
        4.16504               0              
        4.16565     3.18319e-09              
        4.16626     9.54958e-09              
        4.16687               0              
        4.16748     6.36639e-09              
        4.16809     3.18319e-09              
         4.1687               0              
        4.16931     3.18319e-09              
        4.16992     6.36639e-09              
        4.17053               0              
        4.17114     3.18319e-09              
        4.17175     3.18319e-09              
        4.17236               0              
        4.17297     6.36639e-09              
        4.17358     6.36639e-09              
        4.17419     6.36639e-09              
         4.1748     9.54958e-09              
        4.17542     6.36639e-09              
        4.17603     3.18319e-09              
        4.17664     3.18319e-09              
        4.17725               0              
        4.17786     3.18319e-09              
        4.17847     9.54958e-09              
        4.17908     6.36639e-09              
        4.17969               0              
         4.1803     3.18319e-09              
        4.18091               0              
        4.18152               0              
        4.18213               0              
        4.18274     9.54958e-09              
        4.18335     3.18319e-09              
        4.18396               0              
        4.18457     9.54958e-09              
        4.18518     3.18319e-09              
        4.18579     3.18319e-09              
         4.1864               0              
        4.18701     3.18319e-09              
        4.18762     3.18319e-09              
        4.18823     3.18319e-09              
        4.18884     6.36639e-09              
        4.18945     6.36639e-09              
        4.19006     3.18319e-09              
        4.19067     3.18319e-09              
        4.19128               0              
        4.19189     6.36639e-09              
         4.1925     3.18319e-09              
        4.19312     1.27328e-08              
        4.19373     1.27328e-08              
        4.19434     6.36639e-09              
        4.19495               0              
        4.19556     9.54958e-09              
        4.19617     3.18319e-09              
        4.19678     3.18319e-09              
        4.19739               0              
          4.198               0              
        4.19861     3.18319e-09              
        4.19922     3.18319e-09              
        4.19983     3.18319e-09              
        4.20044     9.54958e-09              
        4.20105     3.18319e-09              
        4.20166               0              
        4.20227     3.18319e-09              
        4.20288     3.18319e-09              
        4.20349     3.18319e-09              
         4.2041               0              
        4.20471               0              
        4.20532     3.18319e-09              
        4.20593     3.18319e-09              
        4.20654     3.18319e-09              
        4.20715               0              
        4.20776     3.18319e-09              
        4.20837     6.36639e-09              
        4.20898     3.18319e-09              
        4.20959     3.18319e-09              
        4.21021     3.18319e-09              
        4.21082               0              
        4.21143     3.18319e-09              
        4.21204     6.36639e-09              
        4.21265     3.18319e-09              
        4.21326               0              
        4.21387               0              
        4.21448               0              
        4.21509     3.18319e-09              
         4.2157     6.36639e-09              
        4.21631     3.18319e-09              
        4.21692     6.36639e-09              
        4.21753     3.18319e-09              
        4.21814               0              
        4.21875     9.54958e-09              
        4.21936     6.36639e-09              
        4.21997     3.18319e-09              
        4.22058     3.18319e-09              
        4.22119     3.18319e-09              
         4.2218               0              
        4.22241               0              
        4.22302     3.18319e-09              
        4.22363     6.36639e-09              
        4.22424     6.36639e-09              
        4.22485     6.36639e-09              
        4.22546               0              
        4.22607     6.36639e-09              
        4.22668               0              
        4.22729     6.36639e-09              
        4.22791     6.36639e-09              
        4.22852               0              
        4.22913     3.18319e-09              
        4.22974               0              
        4.23035               0              
        4.23096     3.18319e-09              
        4.23157     3.18319e-09              
        4.23218     3.18319e-09              
        4.23279     6.36639e-09              
         4.2334     9.54958e-09              
        4.23401               0              
        4.23462     6.36639e-09              
        4.23523     6.36639e-09              
        4.23584     6.36639e-09              
        4.23645     6.36639e-09              
        4.23706               0              
        4.23767     3.18319e-09              
        4.23828     6.36639e-09              
        4.23889               0              
         4.2395     3.18319e-09              
        4.24011     3.18319e-09              
        4.24072     3.18319e-09              
        4.24133               0              
        4.24194               0              
        4.24255               0              
        4.24316     6.36639e-09              
        4.24377               0              
        4.24438               0              
          4.245     3.18319e-09              
        4.24561               0              
        4.24622               0              
        4.24683               0              
        4.24744     6.36639e-09              
        4.24805     6.36639e-09              
        4.24866     3.18319e-09              
        4.24927     6.36639e-09              
        4.24988     3.18319e-09              
        4.25049     3.18319e-09              
         4.2511     9.54958e-09              
        4.25171     6.36639e-09              
        4.25232     6.36639e-09              
        4.25293               0              
        4.25354     6.36639e-09              
        4.25415     1.27328e-08              
        4.25476     3.18319e-09              
        4.25537     6.36639e-09              
        4.25598               0              
        4.25659     9.54958e-09              
         4.2572               0              
        4.25781               0              
        4.25842     3.18319e-09              
        4.25903               0              
        4.25964     6.36639e-09              
        4.26025               0              
        4.26086               0              
        4.26147     6.36639e-09              
        4.26208     9.54958e-09              
         4.2627     3.18319e-09              
        4.26331     1.27328e-08              
        4.26392     3.18319e-09              
        4.26453     3.18319e-09              
        4.26514               0              
        4.26575     3.18319e-09              
        4.26636     3.18319e-09              
        4.26697               0              
        4.26758               0              
        4.26819     3.18319e-09              
         4.2688     3.18319e-09              
        4.26941               0              
        4.27002     6.36639e-09              
        4.27063               0              
        4.27124               0              
        4.27185               0              
        4.27246     6.36639e-09              
        4.27307     3.18319e-09              
        4.27368     6.36639e-09              
        4.27429     6.36639e-09              
         4.2749     3.18319e-09              
        4.27551               0              
        4.27612     3.18319e-09              
        4.27673               0              
        4.27734     3.18319e-09              
        4.27795     6.36639e-09              
        4.27856     3.18319e-09              
        4.27917     3.18319e-09              
        4.27979     3.18319e-09              
         4.2804     1.27328e-08              
        4.28101               0              
        4.28162               0              
        4.28223     6.36639e-09              
        4.28284     6.36639e-09              
        4.28345     9.54958e-09              
        4.28406               0              
        4.28467     9.54958e-09              
        4.28528     9.54958e-09              
        4.28589               0              
         4.2865     6.36639e-09              
        4.28711     3.18319e-09              
        4.28772     3.18319e-09              
        4.28833               0              
        4.28894     9.54958e-09              
        4.28955     3.18319e-09              
        4.29016     3.18319e-09              
        4.29077     3.18319e-09              
        4.29138     9.54958e-09              
        4.29199               0              
         4.2926               0              
        4.29321     3.18319e-09              
        4.29382               0              
        4.29443     3.18319e-09              
        4.29504     1.27328e-08              
        4.29565               0              
        4.29626     3.18319e-09              
        4.29688               0              
        4.29749     3.18319e-09              
         4.2981      1.5916e-08              
        4.29871               0              
        4.29932     3.18319e-09              
        4.29993     3.18319e-09              
        4.30054               0              
        4.30115     3.18319e-09              
        4.30176     3.18319e-09              
        4.30237               0              
        4.30298     3.18319e-09              
        4.30359     6.36639e-09              
         4.3042     6.36639e-09              
        4.30481     3.18319e-09              
        4.30542     3.18319e-09              
        4.30603     3.18319e-09              
        4.30664     6.36639e-09              
        4.30725     3.18319e-09              
        4.30786     6.36639e-09              
        4.30847     3.18319e-09              
        4.30908     3.18319e-09              
        4.30969     3.18319e-09              
         4.3103     3.18319e-09              
        4.31091               0              
        4.31152               0              
        4.31213               0              
        4.31274     6.36639e-09              
        4.31335               0              
        4.31396     3.18319e-09              
        4.31458     3.18319e-09              
        4.31519     3.18319e-09              
         4.3158               0              
        4.31641     3.18319e-09              
        4.31702     3.18319e-09              
        4.31763     3.18319e-09              
        4.31824               0              
        4.31885     3.18319e-09              
        4.31946               0              
        4.32007               0              
        4.32068     3.18319e-09              
        4.32129               0              
         4.3219     3.18319e-09              
        4.32251               0              
        4.32312     6.36639e-09              
        4.32373               0              
        4.32434               0              
        4.32495     3.18319e-09              
        4.32556     3.18319e-09              
        4.32617               0              
        4.32678               0              
        4.32739               0              
          4.328     3.18319e-09              
        4.32861     6.36639e-09              
        4.32922               0              
        4.32983               0              
        4.33044               0              
        4.33105               0              
        4.33167     1.27328e-08              
        4.33228     3.18319e-09              
        4.33289               0              
         4.3335     3.18319e-09              
        4.33411     3.18319e-09              
        4.33472     6.36639e-09              
        4.33533     3.18319e-09              
        4.33594     9.54958e-09              
        4.33655     6.36639e-09              
        4.33716     3.18319e-09              
        4.33777     6.36639e-09              
        4.33838     3.18319e-09              
        4.33899     1.27328e-08              
         4.3396     3.18319e-09              
        4.34021     6.36639e-09              
        4.34082               0              
        4.34143     6.36639e-09              
        4.34204               0              
        4.34265     9.54958e-09              
        4.34326     1.27328e-08              
        4.34387     3.18319e-09              
        4.34448               0              
        4.34509     6.36639e-09              
         4.3457     3.18319e-09              
        4.34631     6.36639e-09              
        4.34692     6.36639e-09              
        4.34753     3.18319e-09              
        4.34814     3.18319e-09              
        4.34875     3.18319e-09              
        4.34937               0              
        4.34998     3.18319e-09              
        4.35059     3.18319e-09              
         4.3512               0              
        4.35181     3.18319e-09              
        4.35242               0              
        4.35303     9.54958e-09              
        4.35364               0              
        4.35425     6.36639e-09              
        4.35486     9.54958e-09              
        4.35547               0              
        4.35608     6.36639e-09              
        4.35669     6.36639e-09              
         4.3573     3.18319e-09              
        4.35791     6.36639e-09              
        4.35852               0              
        4.35913     3.18319e-09              
        4.35974     6.36639e-09              
        4.36035     9.54958e-09              
        4.36096     3.18319e-09              
        4.36157     6.36639e-09              
        4.36218     3.18319e-09              
        4.36279               0              
         4.3634     3.18319e-09              
        4.36401     3.18319e-09              
        4.36462               0              
        4.36523     3.18319e-09              
        4.36584               0              
        4.36646               0              
        4.36707     6.36639e-09              
        4.36768     3.18319e-09              
        4.36829     3.18319e-09              
         4.3689     6.36639e-09              
        4.36951     3.18319e-09              
        4.37012     3.18319e-09              
        4.37073     6.36639e-09              
        4.37134     9.54958e-09              
        4.37195     3.18319e-09              
        4.37256     3.18319e-09              
        4.37317     6.36639e-09              
        4.37378               0              
        4.37439               0              
          4.375     3.18319e-09              
        4.37561     3.18319e-09              
        4.37622     3.18319e-09              
        4.37683     3.18319e-09              
        4.37744     3.18319e-09              
        4.37805               0              
        4.37866     3.18319e-09              
        4.37927     3.18319e-09              
        4.37988     3.18319e-09              
        4.38049               0              
         4.3811     3.18319e-09              
        4.38171               0              
        4.38232               0              
        4.38293               0              
        4.38354     9.54958e-09              
        4.38416               0              
        4.38477     6.36639e-09              
        4.38538     3.18319e-09              
        4.38599               0              
         4.3866     6.36639e-09              
        4.38721     3.18319e-09              
        4.38782               0              
        4.38843     9.54958e-09              
        4.38904     3.18319e-09              
        4.38965     3.18319e-09              
        4.39026               0              
        4.39087               0              
        4.39148               0              
        4.39209     3.18319e-09              
         4.3927               0              
        4.39331     3.18319e-09              
        4.39392     3.18319e-09              
        4.39453     3.18319e-09              
        4.39514               0              
        4.39575               0              
        4.39636               0              
        4.39697               0              
        4.39758               0              
        4.39819     3.18319e-09              
         4.3988     9.54958e-09              
        4.39941               0              
        4.40002               0              
        4.40063               0              
        4.40125     3.18319e-09              
        4.40186     3.18319e-09              
        4.40247               0              
        4.40308     6.36639e-09              
        4.40369     3.18319e-09              
         4.4043     3.18319e-09              
        4.40491     3.18319e-09              
        4.40552     3.18319e-09              
        4.40613               0              
        4.40674     9.54958e-09              
        4.40735     6.36639e-09              
        4.40796               0              
        4.40857     9.54958e-09              
        4.40918               0              
        4.40979     6.36639e-09              
         4.4104     6.36639e-09              
        4.41101     3.18319e-09              
        4.41162               0              
        4.41223               0              
        4.41284     3.18319e-09              
        4.41345     3.18319e-09              
        4.41406     3.18319e-09              
        4.41467     1.90992e-08              
        4.41528     1.27328e-08              
        4.41589     6.36639e-09              
         4.4165     3.18319e-09              
        4.41711     3.18319e-09              
        4.41772               0              
        4.41833     6.36639e-09              
        4.41895     3.18319e-09              
        4.41956     6.36639e-09              
        4.42017     3.18319e-09              
        4.42078     9.54958e-09              
        4.42139     9.54958e-09              
          4.422               0              
        4.42261     3.18319e-09              
        4.42322               0              
        4.42383     9.54958e-09              
        4.42444               0              
        4.42505               0              
        4.42566               0              
        4.42627               0              
        4.42688     3.18319e-09              
        4.42749     3.18319e-09              
         4.4281     3.18319e-09              
        4.42871               0              
        4.42932     3.18319e-09              
        4.42993     1.27328e-08              
        4.43054     3.18319e-09              
        4.43115     3.18319e-09              
        4.43176               0              
        4.43237               0              
        4.43298               0              
        4.43359     3.18319e-09              
         4.4342               0              
        4.43481               0              
        4.43542     9.54958e-09              
        4.43604     6.36639e-09              
        4.43665               0              
        4.43726               0              
        4.43787     3.18319e-09              
        4.43848     3.18319e-09              
        4.43909     9.54958e-09              
         4.4397     3.18319e-09              
        4.44031     4.13815e-08              
        4.44092     3.18319e-09              
        4.44153               0              
        4.44214     3.18319e-09              
        4.44275               0              
        4.44336     3.18319e-09              
        4.44397               0              
        4.44458               0              
        4.44519     3.18319e-09              
         4.4458               0              
        4.44641               0              
        4.44702     3.18319e-09              
        4.44763     3.18319e-09              
        4.44824               0              
        4.44885     3.18319e-09              
        4.44946     6.36639e-09              
        4.45007     6.36639e-09              
        4.45068     3.18319e-09              
        4.45129     1.27328e-08              
         4.4519     6.36639e-09              
        4.45251               0              
        4.45312     3.18319e-09              
        4.45374     6.36639e-09              
        4.45435     6.36639e-09              
        4.45496     3.18319e-09              
        4.45557     3.18319e-09              
        4.45618               0              
        4.45679               0              
         4.4574     6.36639e-09              
        4.45801     6.36639e-09              
        4.45862     9.54958e-09              
        4.45923               0              
        4.45984     3.18319e-09              
        4.46045     3.18319e-09              
        4.46106               0              
        4.46167     6.36639e-09              
        4.46228     3.18319e-09              
        4.46289     3.18319e-09              
         4.4635     6.36639e-09              
        4.46411     3.18319e-09              
        4.46472               0              
        4.46533               0              
        4.46594     3.18319e-09              
        4.46655     3.18319e-09              
        4.46716     6.36639e-09              
        4.46777               0              
        4.46838               0              
        4.46899     3.18319e-09              
         4.4696     3.18319e-09              
        4.47021     3.18319e-09              
        4.47083     6.36639e-09              
        4.47144               0              
        4.47205     3.18319e-09              
        4.47266     6.36639e-09              
        4.47327     3.18319e-09              
        4.47388     6.36639e-09              
        4.47449     6.36639e-09              
         4.4751     9.54958e-09              
        4.47571               0              
        4.47632     3.18319e-09              
        4.47693               0              
        4.47754     3.18319e-09              
        4.47815     6.36639e-09              
        4.47876               0              
        4.47937     3.18319e-09              
        4.47998     6.36639e-09              
        4.48059     6.36639e-09              
         4.4812     3.18319e-09              
        4.48181     3.18319e-09              
        4.48242               0              
        4.48303     3.18319e-09              
        4.48364     3.18319e-09              
        4.48425     3.18319e-09              
        4.48486               0              
        4.48547               0              
        4.48608     3.18319e-09              
        4.48669     3.18319e-09              
         4.4873     3.18319e-09              
        4.48792     3.18319e-09              
        4.48853               0              
        4.48914               0              
        4.48975     3.18319e-09              
        4.49036               0              
        4.49097     6.36639e-09              
        4.49158     6.36639e-09              
        4.49219     3.18319e-09              
         4.4928     3.18319e-09              
        4.49341               0              
        4.49402     3.18319e-09              
        4.49463     3.18319e-09              
        4.49524               0              
        4.49585     3.18319e-09              
        4.49646               0              
        4.49707     9.54958e-09              
        4.49768     6.36639e-09              
        4.49829     6.36639e-09              
         4.4989     3.18319e-09              
        4.49951               0              
        4.50012     3.18319e-09              
        4.50073               0              
        4.50134     3.18319e-09              
        4.50195     3.18319e-09              
        4.50256     3.18319e-09              
        4.50317     3.18319e-09              
        4.50378     6.36639e-09              
        4.50439     3.18319e-09              
          4.505               0              
        4.50562     3.18319e-09              
        4.50623     9.54958e-09              
        4.50684     9.54958e-09              
        4.50745               0              
        4.50806               0              
        4.50867     9.54958e-09              
        4.50928               0              
        4.50989     6.36639e-09              
         4.5105     3.18319e-09              
        4.51111     6.36639e-09              
        4.51172               0              
        4.51233     9.54958e-09              
        4.51294     3.18319e-09              
        4.51355     3.18319e-09              
        4.51416               0              
        4.51477     6.36639e-09              
        4.51538     6.36639e-09              
        4.51599     9.54958e-09              
         4.5166     3.18319e-09              
        4.51721     6.36639e-09              
        4.51782     9.54958e-09              
        4.51843               0              
        4.51904     3.18319e-09              
        4.51965     1.27328e-08              
        4.52026     6.36639e-09              
        4.52087     9.54958e-09              
        4.52148               0              
        4.52209     6.36639e-09              
        4.52271               0              
        4.52332     3.18319e-09              
        4.52393     9.54958e-09              
        4.52454     3.18319e-09              
        4.52515     3.18319e-09              
        4.52576               0              
        4.52637     3.18319e-09              
        4.52698     6.36639e-09              
        4.52759     6.36639e-09              
         4.5282               0              
        4.52881     6.36639e-09              
        4.52942               0              
        4.53003               0              
        4.53064     3.18319e-09              
        4.53125     6.36639e-09              
        4.53186     6.36639e-09              
        4.53247               0              
        4.53308     1.27328e-08              
        4.53369     3.18319e-09              
         4.5343     3.18319e-09              
        4.53491     3.18319e-09              
        4.53552     3.18319e-09              
        4.53613     3.18319e-09              
        4.53674     3.18319e-09              
        4.53735               0              
        4.53796               0              
        4.53857               0              
        4.53918               0              
        4.53979     3.18319e-09              
        4.54041     6.36639e-09              
        4.54102               0              
        4.54163     9.54958e-09              
        4.54224     6.36639e-09              
        4.54285     3.18319e-09              
        4.54346     3.18319e-09              
        4.54407     3.18319e-09              
        4.54468     6.36639e-09              
        4.54529               0              
         4.5459     3.18319e-09              
        4.54651     6.36639e-09              
        4.54712     2.22823e-08              
        4.54773               0              
        4.54834               0              
        4.54895               0              
        4.54956               0              
        4.55017     6.36639e-09              
        4.55078     6.36639e-09              
        4.55139     3.18319e-09              
          4.552     9.54958e-09              
        4.55261     6.36639e-09              
        4.55322     9.54958e-09              
        4.55383     3.18319e-09              
        4.55444     3.18319e-09              
        4.55505     3.18319e-09              
        4.55566               0              
        4.55627     3.18319e-09              
        4.55688     9.54958e-09              
         4.5575     3.18319e-09              
        4.55811               0              
        4.55872     3.18319e-09              
        4.55933     3.18319e-09              
        4.55994               0              
        4.56055               0              
        4.56116               0              
        4.56177     3.18319e-09              
        4.56238     3.18319e-09              
        4.56299     3.18319e-09              
         4.5636               0              
        4.56421     9.54958e-09              
        4.56482     6.36639e-09              
        4.56543               0              
        4.56604               0              
        4.56665               0              
        4.56726               0              
        4.56787     3.18319e-09              
        4.56848               0              
        4.56909               0              
         4.5697     6.36639e-09              
        4.57031               0              
        4.57092               0              
        4.57153               0              
        4.57214               0              
        4.57275               0              
        4.57336               0              
        4.57397               0              
        4.57458               0              
         4.5752               0              
        4.57581     6.36639e-09              
        4.57642     3.18319e-09              
        4.57703     3.18319e-09              
        4.57764               0              
        4.57825     3.18319e-09              
        4.57886               0              
        4.57947               0              
        4.58008     3.18319e-09              
        4.58069     6.36639e-09              
         4.5813     3.18319e-09              
        4.58191               0              
        4.58252               0              
        4.58313     3.18319e-09              
        4.58374               0              
        4.58435     3.18319e-09              
        4.58496     1.27328e-08              
        4.58557               0              
        4.58618     9.54958e-09              
        4.58679     6.36639e-09              
         4.5874     3.18319e-09              
        4.58801               0              
        4.58862     3.18319e-09              
        4.58923     3.18319e-09              
        4.58984               0              
        4.59045     6.36639e-09              
        4.59106      1.5916e-08              
        4.59167     3.18319e-09              
        4.59229     3.18319e-09              
         4.5929     3.18319e-09              
        4.59351               0              
        4.59412     3.18319e-09              
        4.59473               0              
        4.59534     3.18319e-09              
        4.59595               0              
        4.59656               0              
        4.59717     6.36639e-09              
        4.59778     3.18319e-09              
        4.59839               0              
          4.599               0              
        4.59961     6.36639e-09              
        4.60022     9.54958e-09              
        4.60083     3.18319e-09              
        4.60144               0              
        4.60205               0              
        4.60266     3.18319e-09              
        4.60327               0              
        4.60388     3.18319e-09              
        4.60449     6.36639e-09              
         4.6051     1.27328e-08              
        4.60571     1.27328e-08              
        4.60632               0              
        4.60693     3.18319e-09              
        4.60754               0              
        4.60815     6.36639e-09              
        4.60876               0              
        4.60938               0              
        4.60999               0              
         4.6106     9.54958e-09              
        4.61121     1.27328e-08              
        4.61182               0              
        4.61243     3.18319e-09              
        4.61304               0              
        4.61365     9.54958e-09              
        4.61426     3.18319e-09              
        4.61487      1.5916e-08              
        4.61548     6.36639e-09              
        4.61609     6.36639e-09              
         4.6167               0              
        4.61731     3.18319e-09              
        4.61792     3.18319e-09              
        4.61853               0              
        4.61914               0              
        4.61975               0              
        4.62036               0              
        4.62097               0              
        4.62158               0              
        4.62219     3.18319e-09              
         4.6228     6.36639e-09              
        4.62341     9.54958e-09              
        4.62402               0              
        4.62463     3.18319e-09              
        4.62524     3.18319e-09              
        4.62585     6.36639e-09              
        4.62646               0              
        4.62708     6.36639e-09              
        4.62769               0              
         4.6283               0              
        4.62891               0              
        4.62952     3.18319e-09              
        4.63013     6.36639e-09              
        4.63074     3.18319e-09              
        4.63135     3.18319e-09              
        4.63196     6.36639e-09              
        4.63257     6.36639e-09              
        4.63318               0              
        4.63379               0              
         4.6344               0              
        4.63501               0              
        4.63562     6.36639e-09              
        4.63623     3.18319e-09              
        4.63684     3.18319e-09              
        4.63745     1.27328e-08              
        4.63806     1.27328e-08              
        4.63867     3.18319e-09              
        4.63928     6.36639e-09              
        4.63989               0              
         4.6405     6.36639e-09              
        4.64111     3.18319e-09              
        4.64172               0              
        4.64233     3.18319e-09              
        4.64294     6.36639e-09              
        4.64355     3.18319e-09              
        4.64417               0              
        4.64478     9.54958e-09              
        4.64539     6.36639e-09              
          4.646     6.36639e-09              
        4.64661               0              
        4.64722     3.18319e-09              
        4.64783     1.27328e-08              
        4.64844               0              
        4.64905     1.27328e-08              
        4.64966               0              
        4.65027     6.36639e-09              
        4.65088     6.36639e-09              
        4.65149     3.18319e-09              
         4.6521               0              
        4.65271     6.36639e-09              
        4.65332               0              
        4.65393     6.36639e-09              
        4.65454               0              
        4.65515               0              
        4.65576               0              
        4.65637     1.27328e-08              
        4.65698     3.18319e-09              
        4.65759     3.18319e-09              
         4.6582               0              
        4.65881     6.36639e-09              
        4.65942               0              
        4.66003     3.18319e-09              
        4.66064     3.18319e-09              
        4.66125     3.18319e-09              
        4.66187               0              
        4.66248               0              
        4.66309     6.36639e-09              
         4.6637               0              
        4.66431     6.36639e-09              
        4.66492               0              
        4.66553     6.36639e-09              
        4.66614     3.18319e-09              
        4.66675               0              
        4.66736               0              
        4.66797     3.18319e-09              
        4.66858     3.18319e-09              
        4.66919               0              
         4.6698               0              
        4.67041     6.36639e-09              
        4.67102     3.18319e-09              
        4.67163      1.5916e-08              
        4.67224     3.18319e-09              
        4.67285     3.18319e-09              
        4.67346     3.18319e-09              
        4.67407     6.36639e-09              
        4.67468     9.54958e-09              
        4.67529               0              
         4.6759               0              
        4.67651     3.18319e-09              
        4.67712     6.36639e-09              
        4.67773               0              
        4.67834               0              
        4.67896     3.18319e-09              
        4.67957     3.18319e-09              
        4.68018               0              
        4.68079               0              
         4.6814               0              
        4.68201               0              
        4.68262     6.36639e-09              
        4.68323     6.36639e-09              
        4.68384               0              
        4.68445               0              
        4.68506               0              
        4.68567               0              
        4.68628     3.18319e-09              
        4.68689     6.36639e-09              
         4.6875     3.18319e-09              
        4.68811               0              
        4.68872               0              
        4.68933     3.18319e-09              
        4.68994     9.54958e-09              
        4.69055               0              
        4.69116     9.54958e-09              
        4.69177               0              
        4.69238     3.18319e-09              
        4.69299               0              
         4.6936               0              
        4.69421     3.18319e-09              
        4.69482     3.18319e-09              
        4.69543               0              
        4.69604     3.18319e-09              
        4.69666               0              
        4.69727     9.54958e-09              
        4.69788               0              
        4.69849     3.18319e-09              
         4.6991     9.54958e-09              
        4.69971     6.36639e-09              
        4.70032     3.18319e-09              
        4.70093     6.36639e-09              
        4.70154     3.18319e-09              
        4.70215     6.36639e-09              
        4.70276     6.36639e-09              
        4.70337     6.36639e-09              
        4.70398     3.18319e-09              
        4.70459               0              
         4.7052     3.18319e-09              
        4.70581     9.54958e-09              
        4.70642               0              
        4.70703     6.36639e-09              
        4.70764     6.36639e-09              
        4.70825               0              
        4.70886     9.54958e-09              
        4.70947     1.90992e-08              
        4.71008               0              
        4.71069               0              
         4.7113     6.36639e-09              
        4.71191               0              
        4.71252     6.36639e-09              
        4.71313     3.18319e-09              
        4.71375     3.18319e-09              
        4.71436               0              
        4.71497     3.18319e-09              
        4.71558               0              
        4.71619               0              
         4.7168               0              
        4.71741     3.18319e-09              
        4.71802     3.18319e-09              
        4.71863               0              
        4.71924               0              
        4.71985     1.27328e-08              
        4.72046     3.18319e-09              
        4.72107               0              
        4.72168     3.18319e-09              
        4.72229               0              
         4.7229               0              
        4.72351               0              
        4.72412               0              
        4.72473     6.36639e-09              
        4.72534               0              
        4.72595     3.18319e-09              
        4.72656     6.36639e-09              
        4.72717               0              
        4.72778               0              
        4.72839      1.5916e-08              
          4.729     2.86487e-08              
        4.72961               0              
        4.73022               0              
        4.73083     3.18319e-09              
        4.73145               0              
        4.73206     6.36639e-09              
        4.73267     3.18319e-09              
        4.73328     3.18319e-09              
        4.73389               0              
         4.7345     3.18319e-09              
        4.73511     6.36639e-09              
        4.73572     6.36639e-09              
        4.73633     3.18319e-09              
        4.73694               0              
        4.73755               0              
        4.73816               0              
        4.73877     3.18319e-09              
        4.73938               0              
        4.73999     9.54958e-09              
         4.7406     3.18319e-09              
        4.74121     6.36639e-09              
        4.74182               0              
        4.74243               0              
        4.74304               0              
        4.74365     3.18319e-09              
        4.74426     3.18319e-09              
        4.74487               0              
        4.74548     6.36639e-09              
        4.74609               0              
         4.7467               0              
        4.74731               0              
        4.74792     3.18319e-09              
        4.74854               0              
        4.74915               0              
        4.74976               0              
        4.75037               0              
        4.75098     6.36639e-09              
        4.75159               0              
         4.7522     6.36639e-09              
        4.75281     3.18319e-09              
        4.75342     6.36639e-09              
        4.75403     3.18319e-09              
        4.75464     3.18319e-09              
        4.75525               0              
        4.75586     3.18319e-09              
        4.75647     9.54958e-09              
        4.75708               0              
        4.75769     6.36639e-09              
         4.7583     3.18319e-09              
        4.75891     6.36639e-09              
        4.75952     6.36639e-09              
        4.76013     3.18319e-09              
        4.76074     6.36639e-09              
        4.76135               0              
        4.76196     9.54958e-09              
        4.76257     6.36639e-09              
        4.76318     6.36639e-09              
        4.76379     3.18319e-09              
         4.7644               0              
        4.76501     3.18319e-09              
        4.76562     3.18319e-09              
        4.76624               0              
        4.76685               0              
        4.76746     3.18319e-09              
        4.76807     3.18319e-09              
        4.76868     3.18319e-09              
        4.76929               0              
         4.7699     3.18319e-09              
        4.77051     9.54958e-09              
        4.77112     6.36639e-09              
        4.77173               0              
        4.77234     6.36639e-09              
        4.77295     3.18319e-09              
        4.77356               0              
        4.77417               0              
        4.77478     6.36639e-09              
        4.77539               0              
          4.776     3.18319e-09              
        4.77661               0              
        4.77722     9.54958e-09              
        4.77783     3.18319e-09              
        4.77844     3.18319e-09              
        4.77905               0              
        4.77966     9.54958e-09              
        4.78027     6.36639e-09              
        4.78088               0              
        4.78149     3.18319e-09              
         4.7821     3.18319e-09              
        4.78271     3.18319e-09              
        4.78333     6.36639e-09              
        4.78394     6.36639e-09              
        4.78455     3.18319e-09              
        4.78516     6.36639e-09              
        4.78577     6.36639e-09              
        4.78638     3.18319e-09              
        4.78699     6.36639e-09              
         4.7876               0              
        4.78821               0              
        4.78882     6.36639e-09              
        4.78943     3.18319e-09              
        4.79004               0              
        4.79065               0              
        4.79126     3.18319e-09              
        4.79187     3.18319e-09              
        4.79248               0              
        4.79309     6.36639e-09              
         4.7937     6.36639e-09              
        4.79431               0              
        4.79492     3.18319e-09              
        4.79553     3.18319e-09              
        4.79614               0              
        4.79675     9.54958e-09              
        4.79736     3.18319e-09              
        4.79797     6.36639e-09              
        4.79858     3.18319e-09              
        4.79919     3.18319e-09              
         4.7998     3.18319e-09              
        4.80042               0              
        4.80103     3.18319e-09              
        4.80164     3.18319e-09              
        4.80225     3.18319e-09              
        4.80286               0              
        4.80347     3.18319e-09              
        4.80408     6.36639e-09              
        4.80469     3.18319e-09              
         4.8053               0              
        4.80591     3.18319e-09              
        4.80652     3.18319e-09              
        4.80713     3.18319e-09              
        4.80774     3.18319e-09              
        4.80835     3.18319e-09              
        4.80896               0              
        4.80957     3.18319e-09              
        4.81018               0              
        4.81079               0              
         4.8114               0              
        4.81201               0              
        4.81262               0              
        4.81323     3.18319e-09              
        4.81384               0              
        4.81445     9.54958e-09              
        4.81506               0              
        4.81567               0              
        4.81628     3.18319e-09              
        4.81689     9.54958e-09              
         4.8175     1.90992e-08              
        4.81812     1.27328e-08              
        4.81873               0              
        4.81934     3.18319e-09              
        4.81995     3.18319e-09              
        4.82056     6.36639e-09              
        4.82117     3.18319e-09              
        4.82178     3.18319e-09              
        4.82239     3.18319e-09              
          4.823               0              
        4.82361     3.18319e-09              
        4.82422     6.36639e-09              
        4.82483     3.18319e-09              
        4.82544               0              
        4.82605               0              
        4.82666               0              
        4.82727               0              
        4.82788     3.18319e-09              
        4.82849     9.54958e-09              
         4.8291     1.27328e-08              
        4.82971     6.36639e-09              
        4.83032               0              
        4.83093               0              
        4.83154     3.18319e-09              
        4.83215     3.18319e-09              
        4.83276               0              
        4.83337     6.36639e-09              
        4.83398               0              
        4.83459               0              
        4.83521     6.36639e-09              
        4.83582     3.18319e-09              
        4.83643     3.18319e-09              
        4.83704     6.36639e-09              
        4.83765     3.18319e-09              
        4.83826     3.18319e-09              
        4.83887     3.18319e-09              
        4.83948               0              
        4.84009     9.54958e-09              
         4.8407               0              
        4.84131               0              
        4.84192     3.18319e-09              
        4.84253     3.18319e-09              
        4.84314     3.18319e-09              
        4.84375               0              
        4.84436     3.18319e-09              
        4.84497     3.18319e-09              
        4.84558     6.36639e-09              
        4.84619               0              
         4.8468     6.36639e-09              
        4.84741               0              
        4.84802     3.18319e-09              
        4.84863               0              
        4.84924     3.18319e-09              
        4.84985     6.36639e-09              
        4.85046     9.54958e-09              
        4.85107               0              
        4.85168     3.18319e-09              
        4.85229     3.18319e-09              
        4.85291     6.36639e-09              
        4.85352               0              
        4.85413               0              
        4.85474     9.54958e-09              
        4.85535     3.18319e-09              
        4.85596     6.36639e-09              
        4.85657     6.36639e-09              
        4.85718               0              
        4.85779     3.18319e-09              
         4.8584     3.18319e-09              
        4.85901     9.54958e-09              
        4.85962     6.36639e-09              
        4.86023     6.36639e-09              
        4.86084     6.36639e-09              
        4.86145               0              
        4.86206               0              
        4.86267     3.18319e-09              
        4.86328               0              
        4.86389     3.18319e-09              
         4.8645     3.18319e-09              
        4.86511               0              
        4.86572     3.18319e-09              
        4.86633               0              
        4.86694     3.18319e-09              
        4.86755               0              
        4.86816     3.18319e-09              
        4.86877     9.54958e-09              
        4.86938     6.36639e-09              
           4.87     9.54958e-09              
        4.87061     3.18319e-09              
        4.87122     3.18319e-09              
        4.87183               0              
        4.87244     3.18319e-09              
        4.87305     6.36639e-09              
        4.87366               0              
        4.87427     3.18319e-09              
        4.87488     6.36639e-09              
        4.87549     9.54958e-09              
         4.8761     6.36639e-09              
        4.87671               0              
        4.87732               0              
        4.87793               0              
        4.87854               0              
        4.87915     3.18319e-09              
        4.87976     6.36639e-09              
        4.88037     6.36639e-09              
        4.88098     3.18319e-09              
        4.88159     3.18319e-09              
         4.8822     6.36639e-09              
        4.88281     3.18319e-09              
        4.88342     3.18319e-09              
        4.88403     3.18319e-09              
        4.88464     3.18319e-09              
        4.88525     3.18319e-09              
        4.88586     3.18319e-09              
        4.88647     3.18319e-09              
        4.88708     3.18319e-09              
         4.8877     3.18319e-09              
        4.88831     9.54958e-09              
        4.88892               0              
        4.88953               0              
        4.89014     3.18319e-09              
        4.89075               0              
        4.89136               0              
        4.89197     3.18319e-09              
        4.89258     3.18319e-09              
        4.89319     3.18319e-09              
         4.8938     3.18319e-09              
        4.89441     3.18319e-09              
        4.89502     3.18319e-09              
        4.89563     3.18319e-09              
        4.89624               0              
        4.89685     3.18319e-09              
        4.89746     3.18319e-09              
        4.89807     9.54958e-09              
        4.89868     3.18319e-09              
        4.89929               0              
         4.8999               0              
        4.90051     9.54958e-09              
        4.90112     6.36639e-09              
        4.90173               0              
        4.90234     3.18319e-09              
        4.90295     3.18319e-09              
        4.90356     3.18319e-09              
        4.90417               0              
        4.90479               0              
         4.9054               0              
        4.90601               0              
        4.90662     3.18319e-09              
        4.90723     3.18319e-09              
        4.90784               0              
        4.90845               0              
        4.90906     3.18319e-09              
        4.90967               0              
        4.91028     3.18319e-09              
        4.91089               0              
         4.9115               0              
        4.91211     3.18319e-09              
        4.91272     6.36639e-09              
        4.91333               0              
        4.91394     9.54958e-09              
        4.91455     6.36639e-09              
        4.91516     6.36639e-09              
        4.91577               0              
        4.91638               0              
        4.91699     3.18319e-09              
         4.9176     3.18319e-09              
        4.91821               0              
        4.91882     3.18319e-09              
        4.91943               0              
        4.92004               0              
        4.92065               0              
        4.92126     3.18319e-09              
        4.92188               0              
        4.92249               0              
         4.9231               0              
        4.92371               0              
        4.92432      1.5916e-08              
        4.92493               0              
        4.92554               0              
        4.92615               0              
        4.92676     3.18319e-09              
        4.92737               0              
        4.92798     6.36639e-09              
        4.92859     6.36639e-09              
         4.9292     3.18319e-09              
        4.92981     3.18319e-09              
        4.93042     6.36639e-09              
        4.93103               0              
        4.93164     3.18319e-09              
        4.93225               0              
        4.93286     3.18319e-09              
        4.93347     6.36639e-09              
        4.93408     3.18319e-09              
        4.93469     9.54958e-09              
         4.9353               0              
        4.93591     3.18319e-09              
        4.93652     3.18319e-09              
        4.93713               0              
        4.93774     3.18319e-09              
        4.93835     3.18319e-09              
        4.93896               0              
        4.93958               0              
        4.94019               0              
         4.9408     3.18319e-09              
        4.94141     3.18319e-09              
        4.94202               0              
        4.94263     6.36639e-09              
        4.94324               0              
        4.94385     4.13815e-08              
        4.94446     6.36639e-09              
        4.94507     9.54958e-09              
        4.94568               0              
        4.94629               0              
         4.9469     3.18319e-09              
        4.94751     3.18319e-09              
        4.94812               0              
        4.94873     3.18319e-09              
        4.94934     9.54958e-09              
        4.94995     6.36639e-09              
        4.95056     6.36639e-09              
        4.95117     3.18319e-09              
        4.95178     3.18319e-09              
        4.95239               0              
          4.953               0              
        4.95361     6.36639e-09              
        4.95422     6.36639e-09              
        4.95483     3.18319e-09              
        4.95544     6.36639e-09              
        4.95605     3.18319e-09              
        4.95667     3.18319e-09              
        4.95728     6.36639e-09              
        4.95789               0              
         4.9585     3.18319e-09              
        4.95911     3.18319e-09              
        4.95972               0              
        4.96033               0              
        4.96094               0              
        4.96155     3.18319e-09              
        4.96216     6.36639e-09              
        4.96277     3.18319e-09              
        4.96338     3.18319e-09              
        4.96399               0              
         4.9646     6.36639e-09              
        4.96521               0              
        4.96582     3.18319e-09              
        4.96643               0              
        4.96704     3.18319e-09              
        4.96765     3.18319e-09              
        4.96826     3.18319e-09              
        4.96887     3.18319e-09              
        4.96948     3.18319e-09              
        4.97009     6.36639e-09              
         4.9707               0              
        4.97131     3.18319e-09              
        4.97192               0              
        4.97253               0              
        4.97314     3.18319e-09              
        4.97375               0              
        4.97437     3.18319e-09              
        4.97498     3.18319e-09              
        4.97559     3.18319e-09              
         4.9762     6.36639e-09              
        4.97681     3.18319e-09              
        4.97742     3.18319e-09              
        4.97803               0              
        4.97864     3.18319e-09              
        4.97925     9.54958e-09              
        4.97986     9.54958e-08              
        4.98047     3.18319e-09              
        4.98108     3.18319e-09              
        4.98169               0              
         4.9823     3.18319e-09              
        4.98291               0              
        4.98352     3.18319e-09              
        4.98413     3.18319e-09              
        4.98474     3.18319e-09              
        4.98535               0              
        4.98596               0              
        4.98657               0              
        4.98718               0              
        4.98779     3.18319e-09              
         4.9884     6.36639e-09              
        4.98901               0              
        4.98962     3.18319e-09              
        4.99023               0              
        4.99084     9.54958e-09              
        4.99146     3.18319e-09              
        4.99207               0              
        4.99268     3.18319e-09              
        4.99329     3.18319e-09              
         4.9939     3.18319e-09              
        4.99451     3.18319e-09              
        4.99512     3.18319e-09              
        4.99573     3.18319e-09              
        4.99634     3.18319e-09              
        4.99695     6.36639e-09              
        4.99756     3.18319e-09              
        4.99817     3.18319e-09              
