       0.296326      3.9392e-07              
       0.297546     3.78999e-07              
       0.298767     3.85962e-07              
       0.299988     3.97899e-07              
       0.301208     3.37219e-07              
       0.302429     3.52141e-07              
        0.30365     3.47167e-07              
        0.30487     3.68057e-07              
       0.306091     3.34235e-07              
       0.307312     3.47167e-07              
       0.308533      3.5612e-07              
       0.309754     3.49156e-07              
       0.310974     3.50151e-07              
       0.312195     3.83973e-07              
       0.313416     3.38214e-07              
       0.314636     3.49156e-07              
       0.315857     3.09367e-07              
       0.317078      3.1633e-07              
       0.318299     3.37219e-07              
       0.319519     3.21304e-07              
        0.32074     3.29261e-07              
        0.32196     3.27272e-07              
       0.323181     3.00414e-07              
       0.324402      3.1633e-07              
       0.325623     3.26277e-07              
       0.326843     2.99419e-07              
       0.328064      2.9743e-07              
       0.329284     3.11356e-07              
       0.330506      2.7654e-07              
       0.331726     2.67587e-07              
       0.332947     3.00414e-07              
       0.334168     3.26277e-07              
       0.335388     3.03398e-07              
       0.336609     3.11356e-07              
        0.33783     2.65598e-07              
        0.33905     3.02403e-07              
       0.340271     2.88477e-07              
       0.341492     2.66592e-07              
       0.342712     3.00414e-07              
       0.343933     2.85493e-07              
       0.345154     2.68582e-07              
       0.346375     2.72561e-07              
       0.347595      2.9743e-07              
       0.348816     2.65598e-07              
       0.350036      3.1633e-07              
       0.351257     3.07377e-07              
       0.352478     2.82508e-07              
       0.353699     2.85493e-07              
       0.354919     2.77535e-07              
        0.35614     2.68582e-07              
       0.357361     2.56645e-07              
       0.358581      2.7455e-07              
       0.359802     2.68582e-07              
       0.361023     2.30781e-07              
       0.362243     2.64603e-07              
       0.363464     2.73556e-07              
       0.364685     2.63608e-07              
       0.365906     2.58634e-07              
       0.367127     2.62613e-07              
       0.368347     2.52666e-07              
       0.369568     2.53661e-07              
       0.370788      2.3675e-07              
       0.372009     2.77535e-07              
        0.37323     2.69577e-07              
       0.374451     2.32771e-07              
       0.375671     2.33766e-07              
       0.376892     2.64603e-07              
       0.378113     2.47692e-07              
       0.379333      2.1785e-07              
       0.380554     2.28792e-07              
       0.381775     2.30781e-07              
       0.382995     2.07902e-07              
       0.384216     2.03923e-07              
       0.385437     2.62613e-07              
       0.386658     2.23818e-07              
       0.387879     2.30781e-07              
       0.389099     2.13871e-07              
        0.39032     2.31776e-07              
       0.391541     2.37745e-07              
       0.392761     2.21829e-07              
       0.393982      2.1785e-07              
