       0.395203     2.42718e-07              
       0.396424     2.41724e-07              
       0.397644      2.3476e-07              
       0.398865      1.9895e-07              
       0.400085     2.19839e-07              
       0.401306     2.04918e-07              
       0.402527     2.59629e-07              
       0.403748     2.13871e-07              
       0.404968     1.89002e-07              
       0.406189      2.3675e-07              
       0.407409     2.24813e-07              
       0.408631     1.97955e-07              
       0.409851     2.16855e-07              
       0.411072     2.30781e-07              
       0.412293     2.22823e-07              
       0.413513     2.12876e-07              
       0.414734     2.03923e-07              
       0.415955     2.40729e-07              
       0.417175     2.03923e-07              
       0.418396     2.23818e-07              
       0.419617     1.93976e-07              
       0.420837     2.22823e-07              
       0.422058     1.88007e-07              
       0.423279     1.84028e-07              
         0.4245      2.3675e-07              
        0.42572     1.85023e-07              
       0.426941     2.00939e-07              
       0.428161      1.9895e-07              
       0.429383     1.58165e-07              
       0.430603      1.9696e-07              
       0.431824     1.94971e-07              
       0.433044      1.7607e-07              
       0.434265     1.74081e-07              
       0.435486     1.82039e-07              
       0.436706     1.90992e-07              
       0.437927     1.85023e-07              
       0.439148     1.91986e-07              
       0.440368     1.63139e-07              
       0.441589     1.83034e-07              
        0.44281      1.7806e-07              
       0.444031     2.02929e-07              
       0.445252     2.12876e-07              
       0.446472     1.52196e-07              
       0.447693     1.71097e-07              
       0.448913     2.20834e-07              
       0.450134     1.91986e-07              
       0.451355     1.67118e-07              
       0.452576     1.51202e-07              
       0.453796     1.86018e-07              
       0.455017     2.02929e-07              
       0.456238      1.7806e-07              
       0.457458     1.72091e-07              
       0.458679     1.62144e-07              
         0.4599     1.71097e-07              
        0.46112     1.70102e-07              
       0.462341      1.7806e-07              
       0.463562     1.60154e-07              
       0.464783     1.60154e-07              
       0.466004     1.79055e-07              
       0.467224     1.77065e-07              
       0.468445     1.75076e-07              
       0.469666     1.58165e-07              
       0.470886     1.52196e-07              
       0.472107     1.68112e-07              
       0.473328     1.95965e-07              
       0.474549     1.80049e-07              
       0.475769     1.61149e-07              
        0.47699     1.94971e-07              
        0.47821     1.75076e-07              
       0.479431     1.64133e-07              
       0.480652     1.87013e-07              
       0.481873     1.65128e-07              
       0.483093     1.74081e-07              
       0.484314     1.53191e-07              
       0.485534     1.62144e-07              
       0.486756     1.52196e-07              
       0.487976      1.5916e-07              
       0.489197     1.86018e-07              
       0.490418     1.34291e-07              
       0.491638     1.45233e-07              
       0.492859     1.52196e-07              
