       0.790711     6.76428e-08              
       0.791931     6.56534e-08              
       0.793152     5.47111e-08              
       0.794372     7.36113e-08              
       0.795593     5.57059e-08              
       0.796814     6.96323e-08              
       0.798034     6.26691e-08              
       0.799256     7.16218e-08              
       0.800476     5.96849e-08              
       0.801697     6.56534e-08              
       0.802917     6.46586e-08              
       0.804138     7.16218e-08              
       0.805359     5.47111e-08              
        0.80658     6.46586e-08              
         0.8078     6.96323e-08              
       0.809021     6.36639e-08              
       0.810242     7.26166e-08              
       0.811462     6.86376e-08              
       0.812683     6.16744e-08              
       0.813904     5.17269e-08              
       0.815125     4.67531e-08              
       0.816345     5.17269e-08              
       0.817566     7.16218e-08              
       0.818787     4.87426e-08              
       0.820007     5.96849e-08              
       0.821228     6.76428e-08              
       0.822449     5.57059e-08              
        0.82367     6.76428e-08              
        0.82489     4.97374e-08              
       0.826111     6.46586e-08              
       0.827331     5.86901e-08              
       0.828552     7.06271e-08              
       0.829773     4.57584e-08              
       0.830993     5.86901e-08              
       0.832215     5.27216e-08              
       0.833435     4.67531e-08              
       0.834656     6.16744e-08              
       0.835876     6.16744e-08              
       0.837097     4.77479e-08              
       0.838318     6.46586e-08              
       0.839538     4.27742e-08              
       0.840759     6.66481e-08              
        0.84198     6.26691e-08              
       0.843201     6.06796e-08              
       0.844421     6.96323e-08              
       0.845642     6.76428e-08              
       0.846863     6.66481e-08              
       0.848083     6.36639e-08              
       0.849304     5.47111e-08              
       0.850525     5.86901e-08              
       0.851746     5.86901e-08              
       0.852966     5.47111e-08              
       0.854187     5.86901e-08              
       0.855408     4.77479e-08              
       0.856629     5.07321e-08              
       0.857849     5.96849e-08              
        0.85907     5.67006e-08              
       0.860291     5.17269e-08              
       0.861511     8.65431e-08              
       0.862732     5.27216e-08              
       0.863953     6.06796e-08              
       0.865174     6.46586e-08              
       0.866394     5.86901e-08              
       0.867615     4.77479e-08              
       0.868836     5.67006e-08              
       0.870056     5.27216e-08              
       0.871277     4.37689e-08              
       0.872497     5.47111e-08              
       0.873718     5.76954e-08              
       0.874939     5.47111e-08              
       0.876159     5.96849e-08              
       0.877381     4.87426e-08              
       0.878601     5.67006e-08              
       0.879822     6.16744e-08              
       0.881042     5.76954e-08              
       0.882263     5.07321e-08              
       0.883484     6.86376e-08              
       0.884705     7.16218e-08              
       0.885925     5.37164e-08              
       0.887146     6.16744e-08              
       0.888367     6.26691e-08              
