       0.889587     5.67006e-08              
       0.890808     4.77479e-08              
       0.892029     4.57584e-08              
        0.89325     7.06271e-08              
        0.89447     5.07321e-08              
       0.895691     5.96849e-08              
       0.896912     5.27216e-08              
       0.898133     4.97374e-08              
       0.899353     5.37164e-08              
       0.900574     4.77479e-08              
       0.901795     5.17269e-08              
       0.903015     4.07847e-08              
       0.904236     4.37689e-08              
       0.905456     5.86901e-08              
       0.906677     5.37164e-08              
       0.907898     4.67531e-08              
       0.909118     4.57584e-08              
        0.91034     5.17269e-08              
        0.91156     5.27216e-08              
       0.912781     5.57059e-08              
       0.914001     5.76954e-08              
       0.915222     7.75903e-08              
       0.916443     4.27742e-08              
       0.917663     4.97374e-08              
       0.918884     5.86901e-08              
       0.920105     5.37164e-08              
       0.921326     4.37689e-08              
       0.922546     6.46586e-08              
       0.923767     4.47636e-08              
       0.924988     5.57059e-08              
       0.926208     5.96849e-08              
       0.927429     5.27216e-08              
        0.92865     6.56534e-08              
       0.929871     4.97374e-08              
       0.931091     4.67531e-08              
       0.932312     4.47636e-08              
       0.933533     5.37164e-08              
       0.934754     3.68057e-08              
       0.935974     5.67006e-08              
       0.937195     4.97374e-08              
       0.938416     5.67006e-08              
       0.939636     5.96849e-08              
       0.940857     4.27742e-08              
       0.942078     3.58109e-08              
       0.943299     5.07321e-08              
       0.944519     4.77479e-08              
        0.94574     6.76428e-08              
       0.946961     5.17269e-08              
       0.948181     5.96849e-08              
       0.949402     4.37689e-08              
       0.950622     4.17794e-08              
       0.951843     4.87426e-08              
       0.953064     5.37164e-08              
       0.954284     5.17269e-08              
       0.955506     4.57584e-08              
       0.956726     4.57584e-08              
       0.957947     5.86901e-08              
       0.959167     5.27216e-08              
       0.960388     5.86901e-08              
       0.961609     5.17269e-08              
        0.96283     6.06796e-08              
        0.96405     5.27216e-08              
       0.965271     3.78004e-08              
       0.966492     3.48162e-08              
       0.967712     6.26691e-08              
       0.968933     3.68057e-08              
       0.970154     4.87426e-08              
       0.971375     5.17269e-08              
       0.972595     3.78004e-08              
       0.973816     5.07321e-08              
       0.975037     4.67531e-08              
       0.976257     4.37689e-08              
       0.977478     4.77479e-08              
       0.978699     4.47636e-08              
        0.97992     5.07321e-08              
        0.98114     4.77479e-08              
       0.982361     3.97899e-08              
       0.983581     5.76954e-08              
       0.984802     4.17794e-08              
       0.986023     4.47636e-08              
       0.987243     4.97374e-08              
