              0     3.78004e-08              
    0.000915526     9.94748e-09              
     0.00213623     5.96849e-09              
     0.00335694     5.96849e-09              
     0.00457764     2.98424e-09              
     0.00579834      1.9895e-09              
     0.00701904     9.94748e-10              
     0.00823974     2.98424e-09              
     0.00946044     2.98424e-09              
      0.0106812     4.97374e-09              
      0.0119019     4.97374e-09              
      0.0131226     3.97899e-09              
      0.0143433     7.95798e-09              
       0.015564     4.97374e-09              
      0.0167846     1.55181e-07              
      0.0180053     3.07377e-07              
      0.0192261     2.82508e-07              
      0.0204468     2.92456e-07              
      0.0216675     2.38739e-07              
      0.0228882     2.64603e-07              
      0.0241089     2.48687e-07              
      0.0253296      2.5764e-07              
      0.0265503     3.26277e-07              
       0.027771     4.04862e-07              
      0.0289917      4.9439e-07              
      0.0302124     6.21717e-07              
      0.0314331     7.98782e-07              
      0.0326538     9.55953e-07              
      0.0338745     1.11611e-06              
      0.0350952     1.36579e-06              
      0.0363159     1.57866e-06              
      0.0375366     1.61348e-06              
      0.0387573     1.81343e-06              
      0.0399781      1.9696e-06              
      0.0411988     2.11881e-06              
      0.0424194     2.16457e-06              
      0.0436402     2.24216e-06              
      0.0448608     2.32473e-06              
      0.0460815     2.36452e-06              
      0.0473023     2.33368e-06              
      0.0485229     2.53661e-06              
      0.0497437     2.57739e-06              
      0.0509644     2.50975e-06              
       0.052185     2.48687e-06              
      0.0534058     2.63608e-06              
      0.0546265     2.55451e-06              
      0.0558471     2.56446e-06              
      0.0570679     2.58833e-06              
      0.0582886     2.58634e-06              
      0.0595093     2.53263e-06              
        0.06073     2.58933e-06              
      0.0619507     2.45703e-06              
      0.0631714     2.57341e-06              
      0.0643921     2.44608e-06              
      0.0656128     2.41326e-06              
      0.0668335     2.50378e-06              
      0.0680542     2.47991e-06              
      0.0692749     2.31279e-06              
      0.0704956     2.35059e-06              
      0.0717163     2.36054e-06              
       0.072937     2.26604e-06              
      0.0741577     2.32274e-06              
      0.0753784     2.26703e-06              
      0.0765991     2.20933e-06              
      0.0778198     2.23221e-06              
      0.0790406     2.20436e-06              
      0.0802613     2.12578e-06              
      0.0814819     2.13473e-06              
      0.0827027      2.1407e-06              
      0.0839234     2.16756e-06              
       0.085144     2.08599e-06              
      0.0863647     2.05714e-06              
      0.0875855     2.08499e-06              
      0.0888062     2.08698e-06              
      0.0900268     2.09394e-06              
      0.0912476     2.00442e-06              
      0.0924683      1.9507e-06              
      0.0936889     1.97358e-06              
      0.0949096     2.00044e-06              
      0.0961304     1.93379e-06              
       0.097351     1.94274e-06              
