       0.691833     1.02459e-07              
       0.693054     7.46061e-08              
       0.694275     6.76428e-08              
       0.695496     8.45536e-08              
       0.696716     7.46061e-08              
       0.697937     6.56534e-08              
       0.699158     7.16218e-08              
       0.700379     7.56008e-08              
       0.701599     7.56008e-08              
        0.70282     8.15693e-08              
       0.704041     7.95798e-08              
       0.705261     8.55483e-08              
       0.706482     7.85851e-08              
       0.707703     7.75903e-08              
       0.708924     7.16218e-08              
       0.710144     7.95798e-08              
       0.711365     8.05746e-08              
       0.712586     6.56534e-08              
       0.713806     7.16218e-08              
       0.715027     7.95798e-08              
       0.716247     7.16218e-08              
       0.717468      9.0522e-08              
       0.718689     5.96849e-08              
       0.719909     6.46586e-08              
       0.721131     8.75378e-08              
       0.722351     8.45536e-08              
       0.723572     7.95798e-08              
       0.724792     7.26166e-08              
       0.726013     7.36113e-08              
       0.727234     7.16218e-08              
       0.728455     7.75903e-08              
       0.729675     7.06271e-08              
       0.730896     7.56008e-08              
       0.732117     6.96323e-08              
       0.733337     6.76428e-08              
       0.734558     8.05746e-08              
       0.735779     7.26166e-08              
          0.737     7.06271e-08              
        0.73822     6.56534e-08              
       0.739441     7.65956e-08              
       0.740662     6.76428e-08              
       0.741883     7.95798e-08              
       0.743103     6.56534e-08              
       0.744324     6.76428e-08              
       0.745545     6.76428e-08              
       0.746765     7.26166e-08              
       0.747986     7.56008e-08              
       0.749206     6.96323e-08              
       0.750427     7.46061e-08              
       0.751648     5.17269e-08              
       0.752868     6.56534e-08              
        0.75409     7.06271e-08              
        0.75531     2.68582e-07              
       0.756531     6.36639e-08              
       0.757751     7.16218e-08              
       0.758972     6.86376e-08              
       0.760193     7.06271e-08              
       0.761413     6.16744e-08              
       0.762634     6.96323e-08              
       0.763855     7.36113e-08              
       0.765076     6.36639e-08              
       0.766296     7.26166e-08              
       0.767517     6.26691e-08              
       0.768738     5.96849e-08              
       0.769958     6.46586e-08              
       0.771179     6.66481e-08              
         0.7724     6.06796e-08              
       0.773621     5.76954e-08              
       0.774841     4.97374e-08              
       0.776062     6.76428e-08              
       0.777283     5.76954e-08              
       0.778504     8.75378e-08              
       0.779724     7.85851e-08              
       0.780945     6.16744e-08              
       0.782166     6.36639e-08              
       0.783386     8.75378e-08              
       0.784607     6.36639e-08              
       0.785828     1.32301e-07              
       0.787049     7.06271e-08              
       0.788269     1.63139e-07              
        0.78949     5.86901e-08              
