        0.49408     1.46228e-07              
         0.4953     1.65128e-07              
       0.496521     1.53191e-07              
       0.497742     1.58165e-07              
       0.498962     1.48217e-07              
       0.500183     1.74081e-07              
       0.501404     1.69107e-07              
       0.502625     1.68112e-07              
       0.503845     1.39265e-07              
       0.505066      1.3827e-07              
       0.506287     1.41254e-07              
       0.507507     1.45233e-07              
       0.508728     1.49212e-07              
       0.509949     1.44238e-07              
        0.51117     6.92842e-06              
        0.51239      1.1937e-07              
       0.513611     1.20364e-07              
       0.514831     1.28322e-07              
       0.516052     1.32301e-07              
       0.517273     2.29787e-07              
       0.518493      1.3628e-07              
       0.519715     1.34291e-07              
       0.520935     1.12406e-07              
       0.522156     1.13401e-07              
       0.523376     1.14396e-07              
       0.524597     1.29317e-07              
       0.525818     1.07433e-07              
       0.527038     1.22354e-07              
       0.528259     1.25338e-07              
        0.52948     1.09422e-07              
       0.530701      1.5717e-07              
       0.531921     1.30312e-07              
       0.533142     1.06438e-07              
       0.534363     1.08428e-07              
       0.535583     1.31307e-07              
       0.536804     1.09422e-07              
       0.538025     1.40259e-07              
       0.539246     1.21359e-07              
       0.540466     7.95798e-08              
       0.541687     1.35286e-07              
       0.542908     9.54958e-08              
       0.544129     1.21359e-07              
       0.545349     1.05443e-07              
        0.54657     1.11412e-07              
       0.547791     1.08428e-07              
       0.549011     1.29317e-07              
       0.550232     1.03454e-07              
       0.551453     1.21359e-07              
       0.552674      9.4501e-08              
       0.553894     1.15391e-07              
       0.555115     1.16385e-07              
       0.556336     1.05443e-07              
       0.557556     1.13401e-07              
       0.558777     1.13401e-07              
       0.559997     1.01464e-07              
       0.561218     1.27328e-07              
       0.562439     1.70102e-07              
       0.563659     1.04449e-07              
       0.564881     9.15168e-08              
       0.566101     1.11412e-07              
       0.567322     1.37275e-07              
       0.568542     9.74853e-08              
       0.569763      9.4501e-08              
       0.570984     1.18375e-07              
       0.572205     1.22354e-07              
       0.573425     8.95273e-08              
       0.574646     1.46228e-07              
       0.575867     1.13401e-07              
       0.577087     1.06438e-07              
       0.578308     1.12406e-07              
       0.579529     1.06438e-07              
        0.58075     1.09422e-07              
        0.58197     9.35063e-08              
       0.583191     1.05443e-07              
       0.584412     1.11412e-07              
       0.585633     8.65431e-08              
       0.586853     9.94748e-08              
       0.588074     9.35063e-08              
       0.589295     8.75378e-08              
       0.590515     1.03454e-07              
       0.591736     1.09422e-07              
