       0.197449     8.04751e-07              
       0.198669     7.78887e-07              
        0.19989     7.65956e-07              
       0.201111     7.60982e-07              
       0.202331     7.63966e-07              
       0.203552      7.1025e-07              
       0.204773     7.39098e-07              
       0.205993     7.55014e-07              
       0.207215     7.01297e-07              
       0.208435     7.30145e-07              
       0.209656     7.12239e-07              
       0.210877     7.46061e-07              
       0.212097     6.58523e-07              
       0.213318     7.15224e-07              
       0.214539      6.9135e-07              
       0.215759     6.69465e-07              
        0.21698     6.57528e-07              
       0.218201     6.52555e-07              
       0.219421     6.45591e-07              
       0.220642     6.18733e-07              
       0.221863     6.28681e-07              
       0.223083     5.94859e-07              
       0.224304     6.44597e-07              
       0.225525     6.50565e-07              
       0.226745     5.96849e-07              
       0.227966     6.00828e-07              
       0.229187      6.0978e-07              
       0.230408     6.23707e-07              
       0.231629     5.77948e-07              
       0.232849     5.74964e-07              
        0.23407     5.95854e-07              
       0.235291      5.5109e-07              
       0.236511     6.43602e-07              
       0.237732     5.28211e-07              
       0.238953     5.62032e-07              
       0.240173     5.70985e-07              
       0.241394     5.73969e-07              
       0.242615     6.15749e-07              
       0.243835     5.79938e-07              
       0.245056     5.49101e-07              
       0.246277     5.46117e-07              
       0.247497     5.48106e-07              
       0.248718     5.22243e-07              
       0.249939     5.21248e-07              
       0.251159     5.14285e-07              
       0.252381     5.87896e-07              
       0.253601     5.19258e-07              
       0.254822     4.80463e-07              
       0.256043     5.16274e-07              
       0.257263     4.67531e-07              
       0.258484     5.20253e-07              
       0.259705       4.546e-07              
       0.260925     4.23763e-07              
       0.262146     4.81458e-07              
       0.263367     5.02348e-07              
       0.264587     4.46642e-07              
       0.265808     4.38684e-07              
       0.267029     4.67531e-07              
        0.26825     4.84442e-07              
        0.26947     4.83447e-07              
       0.270691     4.68526e-07              
       0.271911     4.36694e-07              
       0.273133     4.41668e-07              
       0.274353     4.30726e-07              
       0.275574     4.89416e-07              
       0.276794      4.3371e-07              
       0.278015     4.31721e-07              
       0.279236     4.44652e-07              
       0.280456     3.90936e-07              
       0.281677     4.04862e-07              
       0.282898     3.94915e-07              
       0.284118     4.80463e-07              
       0.285339     3.89941e-07              
        0.28656     3.81983e-07              
       0.287781     4.06852e-07              
       0.289002     3.85962e-07              
       0.290222     4.07847e-07              
       0.291443      3.7303e-07              
       0.292663     3.99889e-07              
       0.293884      3.7303e-07              
       0.295105     3.88946e-07              
