      0.0985718     1.94274e-06              
      0.0997927     1.92782e-06              
       0.101013     1.88704e-06              
       0.102234     1.85719e-06              
       0.103455     1.93777e-06              
       0.104675     1.75971e-06              
       0.105896     1.82735e-06              
       0.107117     1.78458e-06              
       0.108338     1.76767e-06              
       0.109558     1.76866e-06              
       0.110779     1.76468e-06              
          0.112     1.75374e-06              
        0.11322     1.65924e-06              
       0.114441     1.71992e-06              
       0.115662     1.72788e-06              
       0.116883     1.67317e-06              
       0.118103     1.58463e-06              
       0.119324     1.54186e-06              
       0.120544     1.53887e-06              
       0.121765     1.57369e-06              
       0.122986     1.51699e-06              
       0.124206      1.4782e-06              
       0.125427     1.48715e-06              
       0.126648      1.4971e-06              
       0.127868     1.41752e-06              
        0.12909     1.47322e-06              
        0.13031     1.46825e-06              
       0.131531     1.36877e-06              
       0.132752     1.40856e-06              
       0.133972     1.36778e-06              
       0.135193     1.38568e-06              
       0.136414     1.33595e-06              
       0.137634     1.38071e-06              
       0.138855     1.30312e-06              
       0.140076     1.33694e-06              
       0.141296     1.29815e-06              
       0.142517     1.18872e-06              
       0.143738      1.2693e-06              
       0.144958     1.23747e-06              
       0.146179     1.23946e-06              
         0.1474     1.20166e-06              
        0.14862     1.14595e-06              
       0.149841     1.18673e-06              
       0.151062     1.16286e-06              
       0.152283     1.24642e-06              
       0.153504     1.14694e-06              
       0.154724       1.137e-06              
       0.155945     1.10119e-06              
       0.157166     1.11909e-06              
       0.158386      1.0793e-06              
       0.159607     1.08925e-06              
       0.160828     1.03553e-06              
       0.162048     1.10218e-06              
       0.163269     1.03255e-06              
        0.16449     1.03852e-06              
        0.16571      1.0614e-06              
       0.166931     1.06537e-06              
       0.168152     1.06637e-06              
       0.169372     9.83806e-07              
       0.170593      1.0604e-06              
       0.171814     9.79827e-07              
       0.173034     9.89774e-07              
       0.174256     1.01862e-06              
       0.175476     9.44016e-07              
       0.176697     9.62916e-07              
       0.177918      8.8632e-07              
       0.179138     9.77837e-07              
       0.180359     9.18152e-07              
        0.18158      8.8632e-07              
         0.1828     8.42551e-07              
       0.184021     8.68415e-07              
       0.185242     8.66425e-07              
       0.186462     8.61452e-07              
       0.187683     8.43546e-07              
       0.188904     8.78362e-07              
       0.190124     8.38572e-07              
       0.191345     8.31609e-07              
       0.192566     7.81872e-07              
       0.193786     8.05746e-07              
       0.195007     8.21662e-07              
       0.196228     7.41087e-07              
